-52.3882
-52.3871
-52.3839
-52.3786
-52.3711
-52.3615
-52.3498
-52.3359
-52.3198
-52.3016
-52.2812
-52.2586
-52.2338
-52.2068
-52.1776
-52.1462
-52.1125
-52.0767
-52.0385
-51.9981
-51.9554
-51.9104
-51.8631
-51.8135
-51.7616
-51.7073
-51.6506
-51.5916
-51.5302
-51.4663
-51.4
-51.3313
-51.2601
-51.1864
-51.1102
-51.0315
-50.9502
-50.8664
-50.7799
-50.6889
-50.5972
-50.5029
-50.4059
-50.3042
-50.2018
-50.0946
-49.9867
-49.8739
-49.7604
-49.642
-49.5227
-49.3945
-49.2654
-49.1313
-48.9984
-48.8584
-48.7194
-48.5733
-48.4262
-48.28
-48.1287
-47.9742
-47.8165
-47.6556
-47.4895
-47.32
-47.1453
-46.9713
-46.7919
-46.6111
-46.429
-46.2394
-46.0463
-45.8498
-45.6477
-45.4421
-45.2309
-45.0202
-44.8039
-44.5901
-44.3645
-44.1372
-43.9104
-43.6778
-43.4395
-43.1995
-42.9538
-42.7083
-42.4571
-42.2041
-41.9473
-41.6867
-41.4243
-41.1521
-40.8781
-40.6044
-40.3248
-40.0395
-39.7524
-39.4615
-39.1669
-38.8685
-38.5665
-38.2587
-37.9493
-37.6383
-37.3216
-37.0014
-36.6736
-36.3424
-36.0036
-35.6717
-35.3323
-34.9897
-34.648
-34.3011
-33.9511
-33.6043
-33.2546
-32.8979
-32.5345
-32.1746
-31.8142
-31.4452
-31.078
-30.7066
-30.3311
-29.9495
-29.5722
-29.1912
-28.8066
-28.4246
-28.0373
-27.653
-27.2657
-26.8796
-26.4909
-26.1078
-25.7204
-25.3328
-24.9474
-24.5602
-24.1735
-23.7935
-23.4082
-23.0219
-22.6368
-22.2572
-21.8732
-21.4889
-21.1128
-20.7409
-20.3694
-20.0026
-19.6407
-19.2777
-18.922
-18.5657
-18.2131
-17.8643
-17.5174
-17.1768
-16.8386
-16.5069
-16.18
-15.8561
-15.5372
-15.2296
-14.9235
-14.6249
-14.33
-14.041
-13.758
-13.475
-13.2023
-12.938
-12.6802
-12.433
-12.1924
-11.9524
-11.7233
-11.495
-11.2797
-11.0693
-10.866
-10.6697
-10.4825
-10.3045
-10.1315
-9.96563
-9.80483
-9.65315
-9.50447
-9.36486
-9.23225
-9.10864
-8.98991
-8.87803
-8.77294
-8.67458
-8.5849
-8.5018
-8.42316
-8.34888
-8.28293
-8.2252
-8.1695
-8.1218
-8.07793
-8.04184
-8.01339
-7.98637
-7.96675
-7.95235
-7.94507
-7.94479
-7.94526
-7.9504
-7.96008
-7.97007
-7.98634
-8.01686
-8.04116
-8.07129
-8.10302
-8.14027
-8.18085
-8.22259
-8.26939
-8.31908
-8.37353
-8.43058
-8.48803
-8.54574
-8.60561
-8.66951
-8.73732
-8.80279
-8.87188
-8.94242
-9.01224
-9.08528
-9.15735
-9.23034
-9.30413
-9.38063
-9.46176
-9.53723
-9.61506
-9.69513
-9.77328
-9.85142
-9.92539
-10.0012
-10.0787
-10.1518
-10.2285
-10.3026
-10.378
-10.4547
-10.5285
-10.6015
-10.6734
-10.7443
-10.8141
-10.8807
-10.9481
-11.0183
-11.0789
-11.1423
-11.2042
-11.2625
-11.3193
-11.3746
-11.4322
-11.4842
-11.5386
-11.5871
-11.636
-11.6851
-11.7263
-11.7698
-11.8095
-11.8513
-11.8914
-11.9275
-11.9658
-12.0002
-12.0327
-12.0634
-12.0922
-12.117
-12.1441
-12.1673
-12.1865
-12.206
-12.2216
-12.2354
-12.2433
-12.2474
-12.2578
-12.2645
-12.2714
-12.2726
-12.2741
-12.274
-12.2722
-12.2709
-12.2679
-12.2614
-12.2473
-12.2419
-12.2349
-12.2205
-12.2108
-12.1916
-12.1752
-12.1575
-12.1405
-12.1184
-12.097
-12.0766
-12.0491
-12.0245
-11.997
-11.9705
-11.941
-11.9107
-11.8817
-11.8538
-11.8233
-11.792
-11.7581
-11.7216
-11.6886
-11.6551
-11.6191
-11.5848
-11.5501
-11.515
-11.4797
-11.4442
-11.4065
-11.3687
-11.3307
-11.2968
-11.2628
-11.2269
-11.1931
-11.1532
-11.1176
-11.0842
-11.047
-11.012
-10.9773
-10.945
-10.911
-10.8773
-10.8542
-10.8193
-10.7869
-10.753
-10.7236
-10.6926
-10.6622
-10.6322
-10.6028
-10.574
-10.5457
-10.518
-10.4888
-10.4622
-10.4362
-10.4088
-10.388
-10.3617
-10.3401
-10.319
-10.2965
-10.2726
-10.2512
-10.2304
-10.2102
-10.1884
-10.1734
-10.1507
-10.1346
-10.1212
-10.1082
-10.0917
-10.0758
-10.0603
-10.0475
-10.0331
-10.0192
-10.0039
-9.98704
-9.97686
-9.97132
-9.96229
-9.9498
-9.93996
-9.93482
-9.93035
-9.92251
-9.91335
-9.90495
-9.89734
-9.89257
-9.88664
-9.88364
-9.88158
-9.88255
-9.88252
-9.88358
-9.88781
-9.89528
-9.89995
-9.90795
-9.91325
-9.92403
-9.93222
-9.94396
-9.95525
-9.97224
-9.98888
-10.0113
-10.0335
-10.0576
-10.0835
-10.1093
-10.135
-10.1668
-10.1986
-10.2324
-10.2703
-10.3103
-10.3483
-10.3904
-10.4367
-10.483
-10.5313
-10.5818
-10.6342
-10.6908
-10.7472
-10.8036
-10.8599
-10.92
-10.982
-11.0457
-11.1111
-11.1842
-11.2549
-11.325
-11.3986
-11.4736
-11.5519
-11.6273
-11.7038
-11.7855
-11.8662
-11.9436
-12.026
-12.1091
-12.1929
-12.2773
-12.3642
-12.4496
-12.5313
-12.6173
-12.7057
-12.7922
-12.8788
-12.9675
-13.0542
-13.1389
-13.2254
-13.3118
-13.3961
-13.48
-13.5658
-13.6532
-13.7424
-13.8251
-13.9074
-13.9913
-14.0768
-14.1619
-14.2444
-14.3244
-14.4039
-14.4828
-14.5653
-14.6472
-14.7265
-14.8093
-14.8875
-14.9651
-15.0441
-15.1184
-15.1962
-15.2694
-15.346
-15.4179
-15.4893
-15.5559
-15.6281
-15.6935
-15.7664
-15.8367
-15.9064
-15.9754
-16.0438
-16.1115
-16.1827
-16.2492
-16.3129
-16.3801
-16.4466
-16.5105
-16.5736
-16.6361
-16.6979
-16.759
-16.8214
-16.883
-16.944
-17.0042
-17.0617
-17.1164
-17.1743
-17.2275
-17.2798
-17.3334
-17.3842
-17.4402
-17.4914
-17.5457
-17.5952
-17.6439
-17.6917
-17.7386
-17.7846
-17.8298
-17.8761
-17.9195
-17.9619
-18.0035
-18.0482
-18.0879
-18.1268
-18.1647
-18.1996
-18.2356
-18.2707
-18.3028
-18.334
-18.3683
-18.3996
-18.426
-18.4554
-18.4859
-18.5216
-18.5483
-18.5719
-18.5967
-18.6184
-18.6413
-18.6653
-18.6863
-18.7043
-18.7255
-18.7458
-18.7631
-18.7775
-18.7929
-18.8095
-18.8232
-18.8339
-18.8457
-18.8566
-18.8646
-18.8717
-18.884
-18.8914
-18.8958
-18.9014
-18.906
-18.9078
-18.9107
-18.9147
-18.9159
-18.9222
-18.9216
-18.9242
-18.9218
-18.9145
-18.9144
-18.9074
-18.8995
-18.8907
-18.8852
-18.8787
-18.8734
-18.8652
-18.85
-18.8319
-18.8211
-18.8073
-18.7927
-18.7793
-18.763
-18.7478
-18.7358
-18.7148
-18.6991
-18.6805
-18.661
-18.6387
-18.6175
-18.5935
-18.5687
-18.545
-18.5186
-18.4892
-18.4611
-18.4323
-18.3986
-18.3682
-18.335
-18.3051
-18.2745
-18.2392
-18.2051
-18.1704
-18.1371
-18.1011
-18.0665
-18.0292
-17.9914
-17.9571
-17.9141
-17.8747
-17.8327
-17.7923
-17.7515
-17.7082
-17.6666
-17.6267
-17.5844
-17.5418
-17.4969
-17.4538
-17.4085
-17.363
-17.3214
-17.2736
-17.2319
-17.188
-17.1462
-17.1003
-17.0585
-17.0128
-16.9712
-16.9278
-16.8865
-16.8454
-16.8066
-16.7619
-16.7195
-16.6774
-16.6357
-16.5923
-16.5472
-16.5085
-16.4662
-16.4264
-16.3849
-16.3439
-16.3054
-16.2694
-16.2338
-16.1987
-16.1641
-16.1258
-16.0902
-16.0549
-16.0222
-15.99
-15.9561
-15.9228
-15.8898
-15.8593
-15.8272
-15.7956
-15.7642
-15.7333
-15.7027
-15.6724
-15.6424
-15.6148
-15.5853
-15.5561
-15.5271
-15.4963
-15.4636
-15.4331
-15.4047
-15.3764
-15.3482
-15.32
-15.2918
-15.2636
-15.2354
-15.2051
-15.1808
-15.1482
-15.1197
-15.0909
-15.062
-15.035
-15.0037
-14.9742
-14.9465
-14.9125
-14.8823
-14.8498
-14.8191
-14.7922
-14.7609
-14.7273
-14.6954
-14.6613
-14.6288
-14.5981
-14.5651
-14.5318
-14.4982
-14.4664
-14.4322
-14.3979
-14.3632
-14.3284
-14.2933
-14.258
-14.2225
-14.1908
-14.1509
-14.1149
-14.0808
-14.0446
-14.0102
-13.9697
-13.9332
-13.8947
-13.8581
-13.8215
-13.785
-13.7444
-13.7039
-13.6635
-13.6272
-13.5931
-13.5571
-13.5213
-13.4817
-13.4463
-13.4091
-13.3742
-13.3395
-13.3032
-13.2671
-13.2355
-13.2023
-13.1694
-13.1349
-13.1049
-13.0753
-13.0442
-13.0116
-12.9815
-12.952
-12.9189
-12.8905
-12.8687
-12.8415
-12.8109
-12.7849
-12.7617
-12.7391
-12.7132
-12.688
-12.6656
-12.6419
-12.623
-12.6029
-12.5835
-12.563
-12.5412
-12.5263
-12.5082
-12.493
-12.4766
-12.4672
-12.4546
-12.4429
-12.4382
-12.4303
-12.4212
-12.409
-12.4038
-12.3995
-12.3962
-12.3896
-12.3861
-12.3854
-12.3856
-12.3807
-12.3807
-12.3796
-12.3814
-12.3841
-12.3835
-12.3859
-12.3932
-12.4033
-12.4123
-12.42
-12.4306
-12.4399
-12.4479
-12.4588
-12.4663
-12.4766
-12.4875
-12.5012
-12.5156
-12.5306
-12.5483
-12.5625
-12.5793
-12.5967
-12.6126
-12.6331
-12.6541
-12.6736
-12.6975
-12.7199
-12.7386
-12.7617
-12.7832
-12.807
-12.8312
-12.8536
-12.8742
-12.8951
-12.9202
-12.9455
-12.967
-12.9885
-13.0122
-13.032
-13.0558
-13.0777
-13.0996
-13.1215
-13.1474
-13.1712
-13.1888
-13.2124
-13.2359
-13.2572
-13.2763
-13.2993
-13.322
-13.3424
-13.3646
-13.3885
-13.4121
-13.4313
-13.4541
-13.4746
-13.4925
-13.5142
-13.5374
-13.5601
-13.5783
-13.5979
-13.615
-13.6295
-13.6455
-13.6629
-13.6777
-13.6918
-13.7032
-13.718
-13.7281
-13.7416
-13.7584
-13.7684
-13.7817
-13.7922
-13.804
-13.8109
-13.8171
-13.8224
-13.829
-13.8368
-13.8438
-13.8438
-13.843
-13.8413
-13.8409
-13.8396
-13.8374
-13.8364
-13.8284
-13.8237
-13.818
-13.8136
-13.8104
-13.8022
-13.7912
-13.7813
-13.7727
-13.7613
-13.749
-13.736
-13.7242
-13.7137
-13.6964
-13.6824
-13.6677
-13.6503
-13.6322
-13.6135
-13.5942
-13.5763
-13.5579
-13.5369
-13.5175
-13.4955
-13.4732
-13.4524
-13.4293
-13.4079
-13.3842
-13.3561
-13.3319
-13.3076
-13.281
-13.2564
-13.2317
-13.2091
-13.1864
-13.1577
-13.1312
-13.1088
-13.0846
-13.0585
-13.0368
-13.0093
-12.9861
-12.9612
-12.9408
-12.9208
-12.8972
-12.876
-12.8574
-12.8393
-12.8198
-12.8007
-12.7863
-12.7685
-12.7492
-12.7346
-12.7186
-12.7012
-12.6825
-12.6725
-12.6551
-12.6424
-12.6304
-12.6191
-12.6064
-12.5963
-12.589
-12.5803
-12.5722
-12.5607
-12.5539
-12.5436
-12.5401
-12.535
-12.5306
-12.5287
-12.5254
-12.5205
-12.5182
-12.5185
-12.5151
-12.5096
-12.5036
-12.4951
-12.482
-12.4745
-12.4604
-12.4416
-12.4224
-12.4006
-12.3742
-12.3412
-12.3097
-12.2758
-12.2413
-12.2043
-12.1649
-12.1209
-12.0746
-12.0238
-11.9746
-11.9231
-11.8672
-11.811
-11.7484
-11.6856
-11.6185
-11.5553
-11.49
-11.4144
-11.3448
-11.269
-11.1892
-11.1074
-11.0257
-10.9399
-10.8564
-10.7689
-10.6796
-10.5885
-10.4957
-10.4052
-10.309
-10.2151
-10.1177
-10.0146
-9.91001
-9.80797
-9.7045
-9.59758
-9.48727
-9.37969
-9.27288
-9.1628
-9.05154
-8.93304
-8.81549
-8.70097
-8.58343
-8.46496
-8.34562
-8.2214
-8.1005
-7.9789
-7.85464
-7.72982
-7.60046
-7.48086
-7.36093
-7.23668
-7.1143
-6.98982
-6.8694
-6.743
-6.6168
-6.4909
-6.36949
-6.24658
-6.12432
-6.00282
-5.87814
-5.76056
-5.64209
-5.52084
-5.40302
-5.2888
-5.17423
-5.06353
-4.95278
-4.8462
-4.73987
-4.63799
-4.54071
-4.4441
-4.35036
-4.25962
-4.16795
-4.07955
-4.00064
-3.92525
-3.85145
-3.78343
-3.71721
-3.65695
-3.59869
-3.53843
-3.49046
-3.44671
-3.3991
-3.36392
-3.33103
-3.30246
-3.2762
-3.25831
-3.24269
-3.22726
-3.21806
-3.21505
-3.21205
-3.21509
-3.22204
-3.23686
-3.25538
-3.2734
-3.29893
-3.32574
-3.35573
-3.3928
-3.42667
-3.4592
-3.49837
-3.54196
-3.58982
-3.63567
-3.68951
-3.74102
-3.79816
-3.8506
-3.90427
-3.96308
-4.02482
-4.08731
-4.14835
-4.20373
-4.25939
-4.31722
-4.373
-4.43068
-4.48807
-4.54912
-4.6076
-4.67151
-4.73059
-4.78674
-4.83582
-4.8899
-4.94077
-4.99442
-5.04263
-5.09346
-5.14074
-5.18641
-5.23042
-5.27677
-5.31727
-5.35186
-5.38661
-5.42349
-5.45433
-5.48518
-5.51601
-5.53867
-5.5633
-5.58783
-5.60412
-5.62842
-5.64037
-5.65623
-5.66989
-5.67726
-5.6804
-5.68336
-5.68817
-5.6786
-5.67904
-5.6773
-5.66932
-5.66124
-5.65103
-5.64076
-5.62232
-5.60182
-5.58133
-5.5629
-5.5425
-5.5222
-5.49798
-5.46986
-5.43991
-5.40207
-5.36451
-5.32929
-5.29037
-5.24982
-5.21174
-5.17415
-5.13303
-5.09045
-5.05052
-5.00314
-4.9524
-4.9004
-4.85124
-4.80295
-4.7454
-4.69084
-4.63728
-4.57866
-4.52114
-4.46273
-4.39942
-4.33734
-4.27653
-4.21501
-4.1508
-4.08598
-4.02464
-3.96074
-3.89433
-3.82749
-3.76025
-3.69469
-3.62679
-3.5566
-3.49229
-3.42577
-3.35708
-3.29439
-3.2276
-3.15877
-3.09201
-3.02125
-2.9567
-2.89027
-2.82605
-2.76409
-2.70037
-2.63694
-2.57387
-2.5132
-2.45092
-2.38705
-2.32164
-2.25878
-2.19647
-2.13474
-2.07362
-2.01315
-1.95538
-1.89627
-1.83587
-1.78031
-1.72553
-1.67157
-1.61642
-1.55604
-1.49858
-1.44608
-1.39653
-1.34793
-1.29826
-1.24957
-1.2039
-1.15925
-1.11562
-1.0649
-1.01928
-0.978785
-0.935285
-0.898944
-0.857584
-0.823396
-0.784196
-0.748115
-0.709061
-0.675152
-0.648422
-0.616678
-0.583989
-0.554401
-0.523847
-0.500451
-0.472026
-0.450739
-0.430489
-0.4072
-0.38696
-0.363662
-0.343387
-0.324089
-0.305743
-0.290366
-0.269819
-0.256277
-0.243612
-0.227745
-0.214738
-0.202541
-0.191124
-0.180458
-0.168486
-0.155204
-0.146661
-0.138754
-0.125363
-0.118642
-0.11449
-0.106789
-0.0995639
-0.100904
-0.0924941
-0.0885093
-0.0807915
-0.0754041
-0.0723072
-0.0714595
-0.070793
-0.0682396
-0.0678291
-0.0654753
-0.0611423
-0.0547897
-0.0545132
-0.0501344
-0.0456921
-0.0411575
-0.0385449
-0.0378294
-0.0328893
-0.0298028
-0.024493
-0.0271096
-0.0274945
-0.0236031
-0.0194981
-0.0111156
-0.00658617
0.00017952
0.00916328
0.0142516
0.0154339
0.0248696
0.0303485
0.0359167
0.0476325
0.0471728
0.048728
0.0542919
0.0617994
0.0691867
0.0723473
0.0753022
0.0780041
0.0824374
0.0824592
0.0820795
0.0832819
0.0860199
0.0922742
0.0938771
0.0948447
0.0951242
0.094672
0.0934445
0.0893629
0.0884723
0.08261
0.0798631
0.0720648
0.0632266
0.0492648
0.0382795
0.0282115
0.0190353
0.00463176
-0.0109627
-0.0237102
-0.0437749
-0.0630437
-0.0835544
-0.107346
-0.12834
-0.150589
-0.170035
-0.190742
-0.216762
-0.246062
-0.272535
-0.304293
-0.335231
-0.367367
-0.404743
-0.43921
-0.476836
-0.51557
-0.557419
-0.598281
-0.644227
-0.687097
-0.72483
-0.76755
-0.81115
-0.855597
-0.900853
-0.94485
-0.989585
-1.03908
-1.08924
-1.14003
-1.18734
-1.23722
-1.28354
-1.33439
-1.38159
-1.4373
-1.49133
-1.54159
-1.59821
-1.65507
-1.71007
-1.76523
-1.81034
-1.86774
-1.91705
-1.96839
-2.02377
-2.07706
-2.13025
-2.18533
-2.2382
-2.29088
-2.34331
-2.39954
-2.45141
-2.50295
-2.5582
-2.60494
-2.64923
-2.69512
-2.74053
-2.78747
-2.83185
-2.88178
-2.9291
-2.97377
-3.01578
-3.06524
-3.10995
-3.15394
-3.20125
-3.24374
-3.28546
-3.32636
-3.36846
-3.40969
-3.45004
-3.4915
-3.53205
-3.5696
-3.60617
-3.63769
-3.66615
-3.69764
-3.72806
-3.75537
-3.78158
-3.80871
-3.83674
-3.86362
-3.88528
-3.90981
-3.93112
-3.95732
-3.97621
-3.99184
-4.00421
-4.02145
-4.03337
-4.05014
-4.06161
-4.06574
-4.07472
-4.0845
-4.09507
-4.10443
-4.11259
-4.11549
-4.11722
-4.11575
-4.11518
-4.11756
-4.11887
-4.11912
-4.11429
-4.10847
-4.0956
-4.08588
-4.07933
-4.0699
-4.05764
-4.04463
-4.03294
-4.02057
-4.00555
-3.98996
-3.97384
-3.96334
-3.95038
-3.93501
-3.92135
-3.90742
-3.89122
-3.87281
-3.85021
-3.83565
-3.81902
-3.80443
-3.78582
-3.77134
-3.74887
-3.73062
-3.71458
-3.69672
-3.68315
-3.66576
-3.65067
-3.63382
-3.61727
-3.60306
-3.58712
-3.5715
-3.55619
-3.54323
-3.53057
-3.5182
-3.50612
-3.4943
-3.49086
-3.47954
-3.4664
-3.45548
-3.44066
-3.42598
-3.41547
-3.39895
-3.38857
-3.37821
-3.36986
-3.36146
-3.35094
-3.33623
-3.3295
-3.31648
-3.30325
-3.29382
-3.27801
-3.26593
-3.25146
-3.24066
-3.2274
-3.20961
-3.19336
-3.18269
-3.16943
-3.15357
-3.1371
-3.12001
-3.10226
-3.07977
-3.06065
-3.04284
-3.02024
-3.00297
-2.97683
-2.95601
-2.93237
-2.90794
-2.88067
-2.85463
-2.82982
-2.80218
-2.77578
-2.75061
-2.72062
-2.68987
-2.65634
-2.6221
-2.59121
-2.55561
-2.51735
-2.48662
-2.45332
-2.41747
-2.37913
-2.34445
-2.30941
-2.26596
-2.23041
-2.19472
-2.15893
-2.12311
-2.08532
-2.04766
-2.0102
-1.9771
-1.93828
-1.89992
-1.86615
-1.833
-1.80258
-1.76889
-1.7381
-1.70623
-1.67336
-1.6416
-1.61305
-1.58981
-1.56179
-1.54125
-1.51404
-1.48833
-1.47026
-1.45783
-1.44295
-1.42972
-1.4141
-1.40627
-1.3981
-1.38962
-1.38284
-1.37574
-1.37438
-1.36657
-1.36649
-1.36396
-1.36708
-1.3697
-1.37381
-1.37936
-1.3883
-1.40059
-1.41211
-1.42684
-1.44065
-1.45754
-1.47539
-1.49413
-1.51165
-1.5299
-1.54881
-1.56628
-1.58019
-1.59859
-1.6214
-1.6445
-1.66781
-1.69128
-1.71483
-1.73637
-1.7599
-1.77725
-1.79445
-1.81146
-1.83636
-1.85692
-1.87716
-1.89706
-1.92065
-1.93978
-1.95647
-1.97881
-1.99869
-2.02014
-2.03707
-2.05556
-2.07765
-2.09118
-2.10833
-2.123
-2.1413
-2.15514
-2.16654
-2.17756
-2.18821
-2.20256
-2.2125
-2.2201
-2.23553
-2.24865
-2.25743
-2.26799
-2.27628
-2.29043
-2.30031
-2.30796
-2.31541
-2.32879
-2.33793
-2.34486
-2.35364
-2.35614
-2.36456
-2.37482
-2.37474
-2.38666
-2.39836
-2.40375
-2.41094
-2.42192
-2.43264
-2.439
-2.44707
-2.45686
-2.46223
-2.46315
-2.46569
-2.46982
-2.47553
-2.47669
-2.47936
-2.48352
-2.48103
-2.47795
-2.47629
-2.48007
-2.4832
-2.48361
-2.48129
-2.47824
-2.47445
-2.46787
-2.46053
-2.45647
-2.45363
-2.44187
-2.43132
-2.42197
-2.41382
-2.40077
-2.38892
-2.37826
-2.36473
-2.35647
-2.34129
-2.32123
-2.3024
-2.27871
-2.26031
-2.23502
-2.21913
-2.19435
-2.17085
-2.15069
-2.12576
-2.1042
-2.07993
-2.05296
-2.02534
-1.99711
-1.97234
-1.94699
-1.91905
-1.89056
-1.86156
-1.8341
-1.79601
-1.76358
-1.73073
-1.69749
-1.66591
-1.63399
-1.60177
-1.57537
-1.54465
-1.50966
-1.47448
-1.44118
-1.40979
-1.37831
-1.34676
-1.31519
-1.27957
-1.23992
-1.20442
-1.17309
-1.13785
-1.10686
-1.07607
-1.0496
-1.01732
-0.983332
-0.951725
-0.920499
-0.891717
-0.861348
-0.833486
-0.802067
-0.769148
-0.738818
-0.711103
-0.686047
-0.661632
-0.635837
-0.606655
-0.584266
-0.562584
-0.537555
-0.51731
-0.497796
-0.479021
-0.456924
-0.441669
-0.419036
-0.403246
-0.380081
-0.359686
-0.337978
-0.319016
-0.300755
-0.289268
-0.276406
-0.266224
-0.252599
-0.237545
-0.233224
-0.223374
-0.214053
-0.203202
-0.196888
-0.193059
-0.185597
-0.180564
-0.173879
-0.169575
-0.167635
-0.163977
-0.156535
-0.14529
-0.140382
-0.137724
-0.135273
-0.130987
-0.128914
-0.122954
-0.123262
-0.121704
-0.118274
-0.114997
-0.109848
-0.106894
-0.104108
-0.0994651
-0.095004
-0.0887083
-0.0846533
-0.0808222
-0.0812926
-0.0799889
-0.0789732
-0.0782538
-0.0819091
-0.0777799
-0.0821325
-0.0868646
-0.0858936
-0.0833006
-0.085203
-0.0875455
-0.0883149
-0.0915937
-0.0953705
-0.0996497
-0.106473
-0.109752
-0.115587
-0.123987
-0.128861
-0.136307
-0.142269
-0.148778
-0.157862
-0.169518
-0.179686
-0.190395
-0.201641
-0.215451
-0.225724
-0.242619
-0.258014
-0.269859
-0.286277
-0.303199
-0.318603
-0.334504
-0.348866
-0.365753
-0.383134
-0.401
-0.419345
-0.438165
-0.457458
-0.475194
-0.499493
-0.520199
-0.543399
-0.562995
-0.587106
-0.611662
-0.638688
-0.664118
-0.685903
-0.7081
-0.736783
-0.76178
-0.783079
-0.806751
-0.830732
-0.85906
-0.887642
-0.916454
-0.94547
-0.976681
-1.00192
-1.03131
-1.05668
-1.08408
-1.11144
-1.13668
-1.16585
-1.19485
-1.22159
-1.24198
-1.27019
-1.29803
-1.32341
-1.34223
-1.36663
-1.39047
-1.41776
-1.43627
-1.46017
-1.47927
-1.50164
-1.51912
-1.53777
-1.55958
-1.58045
-1.59426
-1.60706
-1.62288
-1.63357
-1.64721
-1.65566
-1.66906
-1.67924
-1.68415
-1.6919
-1.69433
-1.69751
-1.69939
-1.69589
-1.69716
-1.693
-1.68745
-1.68458
-1.68232
-1.67456
-1.66331
-1.65464
-1.64245
-1.62872
-1.61549
-1.59866
-1.58229
-1.56024
-1.53859
-1.51734
-1.48832
-1.46168
-1.43332
-1.4012
-1.37343
-1.33173
-1.29637
-1.2572
-1.21825
-1.17749
-1.13897
-1.09456
-1.05034
-1.00225
-0.954381
-0.898569
-0.839368
-0.778822
-0.70882
-0.639535
-0.564895
-0.486967
-0.405782
-0.32138
-0.233816
-0.143138
-0.0534667
0.0432477
0.142881
0.249423
0.354668
0.460564
0.569045
0.680014
0.793369
0.913051
1.03081
1.15265
1.2764
1.40599
1.53521
1.65984
1.79598
1.92724
2.05957
2.19483
2.33086
2.46545
2.59844
2.73374
2.87321
3.00856
3.14369
3.2825
3.41669
3.54813
3.68071
3.80413
3.93647
4.06543
4.18879
4.31252
4.43237
4.55433
4.67622
4.79587
4.91112
5.02998
5.14622
5.25569
5.36032
5.46612
5.56283
5.65445
5.74089
5.83022
5.91832
6.00313
6.08255
6.15657
6.22923
6.29643
6.36021
6.41852
6.47545
6.53101
6.58521
6.63807
6.68353
6.72569
6.76459
6.80231
6.83484
6.86427
6.89066
6.90797
6.92845
6.94609
6.96297
6.97714
6.99073
6.9916
6.9961
6.99618
6.996
6.99159
6.98301
6.97645
6.96795
6.95352
6.9434
6.92754
6.91007
6.89109
6.87476
6.85709
6.83817
6.81811
6.79493
6.77077
6.74572
6.71783
6.69328
6.66607
6.64235
6.61614
6.58751
6.5606
6.53347
6.50618
6.47681
6.44744
6.42019
6.39106
6.36216
6.33153
6.30329
6.27546
6.25014
6.22335
6.19513
6.16962
6.14887
6.12685
6.10157
6.08322
6.06576
6.04517
6.02554
6.00894
5.99132
5.97677
5.95719
5.93869
5.92534
5.91308
5.90396
5.89187
5.88493
5.88313
5.88445
5.87872
5.87201
5.87243
5.86778
5.86413
5.86754
5.8658
5.86092
5.86302
5.86598
5.86772
5.86821
5.87553
5.87949
5.88615
5.89343
5.90332
5.91171
5.92059
5.92789
5.93966
5.95583
5.96826
5.97894
5.98987
6.00709
6.0204
6.03182
6.04535
6.0569
6.07456
6.08814
6.09964
6.10904
6.12442
6.13558
6.14657
6.15736
6.16997
6.1803
6.19238
6.20621
6.21565
6.22475
6.23551
6.24589
6.25179
6.25523
6.26226
6.27082
6.27278
6.28233
6.28522
6.28751
6.2912
6.29221
6.29254
6.29418
6.29507
6.29313
6.2924
6.28672
6.28216
6.27868
6.27622
6.27272
6.26609
6.26036
6.25345
6.24327
6.22979
6.21702
6.20493
6.1894
6.17243
6.15804
6.134
6.11045
6.08736
6.06268
6.03842
6.01456
5.985
5.95177
5.91893
5.88649
5.84635
5.81071
5.77556
5.7389
5.69468
5.64903
5.59999
5.55978
5.51429
5.46764
5.41789
5.36714
5.31753
5.26712
5.21398
5.16228
5.1101
5.0535
4.99868
4.94373
4.88877
4.83797
4.78333
4.73106
4.67112
4.61988
4.56933
4.51959
4.46873
4.42093
4.37223
4.32681
4.28272
4.24209
4.19894
4.15537
4.11555
4.07752
4.03528
3.99498
3.96078
3.9307
3.90684
3.87709
3.84555
3.82447
3.80374
3.78544
3.77571
3.76241
3.75369
3.74349
3.73996
3.73907
3.74083
3.75134
3.76045
3.77224
3.78062
3.79573
3.81351
3.83801
3.86108
3.88473
3.91097
3.94381
3.97914
4.01489
4.05508
4.09558
4.13633
4.18131
4.2203
4.26945
4.32258
4.37553
4.43428
4.49464
4.55243
4.61159
4.67401
4.73751
4.79993
4.86314
4.92495
4.99128
5.05586
5.12055
5.18313
5.24544
5.30933
5.37257
5.43497
5.49634
5.55648
5.61926
5.67433
5.7276
5.7789
5.82398
5.87282
5.91916
5.96486
6.00573
6.04569
6.08054
6.11423
6.14664
6.17769
6.19715
6.21712
6.22741
6.23813
6.24724
6.25066
6.25247
6.25471
6.24929
6.23828
6.22582
6.20793
6.18672
6.16229
6.13677
6.1103
6.07895
6.04286
6.00421
5.95909
5.91375
5.86835
5.82102
5.77194
5.72329
5.67121
5.61584
5.55737
5.50409
5.45006
5.39545
5.33229
5.27293
5.21751
5.15604
5.09676
5.04186
4.98535
4.92939
4.87409
4.82157
4.76787
4.71511
4.66135
4.60869
4.56328
4.51095
4.46598
4.42434
4.38198
4.33893
4.3013
4.26097
4.22404
4.18641
4.15214
4.1151
4.08745
4.05695
4.02357
3.99538
3.9642
3.93405
3.9089
3.88261
3.85714
3.83038
3.8043
3.77881
3.75386
3.73341
3.71131
3.69358
3.67203
3.65473
3.63552
3.61637
3.59519
3.574
3.5507
3.52526
3.50578
3.48411
3.46227
3.44025
3.41803
3.3936
3.37306
3.35032
3.32541
3.30647
3.28133
3.26018
3.23901
3.21582
3.19067
3.16766
3.14888
3.12624
3.10794
3.08792
3.06624
3.04296
3.02624
3.00599
2.9843
2.96324
2.94692
2.9293
2.91448
2.89844
2.88121
2.86691
2.8515
2.84313
2.8337
2.8212
2.81176
2.80538
2.80004
2.79168
2.78843
2.78216
2.77693
2.77478
2.77569
2.77356
2.77445
2.77429
2.77508
2.77679
2.78142
2.78691
2.78914
2.80229
2.8121
2.82054
2.82758
2.83723
2.84739
2.85598
2.867
2.88244
2.89408
2.90594
2.91797
2.9301
2.94023
2.95441
2.97054
2.98248
2.99626
3.0037
3.01694
3.02783
3.0424
3.04843
3.05605
3.05914
3.06579
3.07397
3.07957
3.08668
3.0973
3.10332
3.10879
3.1178
3.12426
3.13427
3.13567
3.14067
3.14728
3.14942
3.15525
3.15668
3.16389
3.1607
3.16337
3.16588
3.16623
3.16648
3.16668
3.16889
3.16913
3.17147
3.17191
3.17454
3.17533
3.17636
3.16953
3.17113
3.16899
3.1733
3.17393
3.17498
3.17851
3.17844
3.18292
3.18792
3.19143
3.19143
3.19605
3.2033
3.21318
3.21962
3.23076
3.24052
3.25906
3.26608
3.27785
3.29438
3.30961
3.32152
3.33419
3.34968
3.3619
3.37697
3.39083
3.40554
3.42519
3.44574
3.47127
3.49166
3.51301
3.53535
3.5587
3.58307
3.60851
3.63909
3.66671
3.69749
3.73145
3.76456
3.79886
3.83436
3.86905
3.90905
3.95031
3.9888
4.03264
4.07576
4.12222
4.16593
4.21301
4.25532
4.31115
4.36628
4.41662
4.47437
4.53547
4.59177
4.64732
4.70415
4.76224
4.82361
4.88416
4.95403
5.021
5.08708
5.15224
5.22254
5.2939
5.36423
5.43148
5.51185
5.58498
5.661
5.73377
5.81138
5.88565
5.96264
6.04231
6.11851
6.19526
6.27657
6.35627
6.43841
6.51887
6.60167
6.68677
6.76802
6.84944
6.93098
7.01665
7.09827
7.17985
7.26947
7.35082
7.43401
7.5129
7.59353
7.67382
7.75575
7.83724
7.91621
7.98853
8.06431
8.14349
8.21991
8.29354
8.36839
8.43626
8.5093
8.57933
8.64833
8.71625
8.78302
8.85063
8.917
8.98208
9.04581
9.10611
9.167
9.22435
9.28829
9.34251
9.39512
9.45011
9.50339
9.54679
9.58638
9.63632
9.68238
9.72452
9.76678
9.80712
9.84347
9.87582
9.90822
9.94064
9.96903
9.99132
10.0177
10.044
10.0643
10.0825
10.0986
10.1128
10.1249
10.1371
10.1432
10.1473
10.1495
10.1537
10.1541
10.1484
10.1429
10.1315
10.1224
10.1175
10.1068
10.0943
10.0802
10.0664
10.0509
10.0297
10.0069
9.98659
9.96271
9.93933
9.91244
9.88409
9.84616
9.81291
9.78233
9.75039
9.711
9.67435
9.63639
9.59511
9.55459
9.51078
9.46573
9.42148
9.37194
9.32324
9.2774
9.22427
9.172
9.12061
9.05993
9.00622
8.9534
8.89743
8.84034
8.78012
8.72084
8.66249
8.599
8.53646
8.47288
8.40826
8.33855
8.27799
8.21033
8.1417
8.0701
8.00164
7.93027
7.86006
7.78495
7.70903
7.63232
7.55689
7.48278
7.4019
7.32037
7.24231
7.16166
7.08253
6.99887
6.91681
6.84047
6.76177
6.67873
6.59544
6.51401
6.43243
6.34467
6.25889
6.17719
6.09351
6.01199
5.93063
5.84948
5.77264
5.69205
5.6118
5.52789
5.45051
5.36956
5.29118
5.21741
5.13613
5.05753
4.97961
4.90444
4.82598
4.75035
4.68164
4.6077
4.53667
4.46454
4.39741
4.32922
4.26201
4.19989
4.13474
4.07064
4.00557
3.93754
3.87873
3.8129
3.75228
3.69483
3.63853
3.58341
3.52946
3.47873
3.42715
3.37881
3.33168
3.28576
3.23904
3.18948
3.14522
3.10219
3.06038
3.02388
2.98456
2.94648
2.90965
2.8761
2.84178
2.80667
2.77486
2.74227
2.71298
2.68699
2.65821
2.6307
2.60854
2.58766
2.56808
2.54573
2.52468
2.5029
2.48853
2.47345
2.45565
2.4412
2.4342
2.42449
2.41819
2.4092
2.40161
2.39135
2.39268
2.39341
2.39152
2.39109
2.39214
2.40279
2.40682
2.41439
2.42349
2.42803
2.44223
2.45597
2.47331
2.49223
2.51273
2.53278
2.55648
2.57975
2.60463
2.63112
2.66125
2.69096
2.7243
2.75518
2.79376
2.82784
2.86348
2.9068
2.94355
2.98388
3.02777
3.07725
3.12618
3.17252
3.22234
3.27359
3.32624
3.38026
3.42952
3.48821
3.5441
3.60122
3.65751
3.71903
3.7837
3.84743
3.91017
3.97392
4.04065
4.11237
4.18089
4.25023
4.31831
4.38508
4.45659
4.52669
4.60141
4.68275
4.75845
4.83051
4.90498
4.97978
5.05485
5.13216
5.20966
5.29134
5.36702
5.44274
5.52049
5.59615
5.67579
5.75123
5.8265
5.9036
5.97843
6.04687
6.11906
6.1909
6.26846
6.33544
6.40808
6.48027
6.554
6.62315
6.69583
6.76593
6.83345
6.90646
6.97482
7.04257
7.11173
7.17619
7.24611
7.30724
7.37177
7.43765
7.50083
7.5613
7.62313
7.69036
7.75081
7.8126
7.87167
7.92802
7.98776
8.04478
8.10113
8.15679
8.20569
8.25797
8.30755
8.36052
8.41689
8.46852
8.51544
8.56778
8.61743
8.67047
8.72082
8.7644
8.81138
8.8577
8.90537
8.95236
8.99866
9.04425
9.08913
9.13532
9.17671
9.22142
9.2613
9.3004
9.33869
9.37616
9.41481
9.45057
9.4895
9.52344
9.5483
9.57217
9.60317
9.63313
9.66203
9.68982
9.71647
9.73992
9.76418
9.78719
9.80687
9.82726
9.84423
9.86181
9.87995
9.89455
9.9076
9.91905
9.9248
9.93291
9.93929
9.93778
9.9385
9.94142
9.93835
9.93607
9.93081
9.9266
9.92132
9.91293
9.90137
9.89066
9.88075
9.87161
9.86113
9.84116
9.81977
9.80301
9.78275
9.75894
9.7356
9.71476
9.68826
9.6642
9.63646
9.60911
9.57806
9.54332
9.50896
9.46887
9.4312
9.39188
9.34689
9.30638
9.26634
9.22071
9.16953
9.12299
9.07302
9.02374
8.97722
8.92542
8.87045
8.81844
8.7634
8.70746
8.64459
8.5871
8.52489
8.46621
8.40708
8.3456
8.28794
8.22813
8.16628
8.1025
8.04097
7.97977
7.91698
7.85677
7.79925
7.73845
7.68057
7.62774
7.57197
7.51742
7.46422
7.41244
7.36017
7.31359
7.26466
7.22161
7.17843
7.13927
7.09607
7.05704
7.0182
6.98974
6.95548
6.92362
6.90638
6.88349
6.86312
6.84531
6.83008
6.81949
6.81152
6.80008
6.79533
6.79525
6.79982
6.80496
6.81268
6.8189
6.83373
6.84902
6.86675
6.88486
6.90125
6.92602
6.94895
6.97606
7.00728
7.03848
7.07362
7.10856
7.14523
7.18151
7.22136
7.26265
7.30121
7.34709
7.39
7.43596
7.48075
7.5324
7.5786
7.62736
7.67652
7.728
7.77762
7.82524
7.87685
7.92626
7.97131
8.02
8.06818
8.11777
8.1646
8.21265
8.25978
8.29982
8.34079
8.37854
8.41708
8.45429
8.49419
8.53264
8.56756
8.60093
8.63474
8.66693
8.69745
8.72427
8.74736
8.77075
8.79243
8.80629
8.82654
8.84304
8.85581
8.8669
8.87632
8.88816
8.89434
8.903
8.90607
8.90968
8.90982
8.91466
8.91408
8.91425
8.91317
8.9109
8.90749
8.90098
8.89549
8.88904
8.87153
8.8613
8.85028
8.84259
8.82608
8.81302
8.79937
8.78723
8.77054
8.75545
8.74199
8.72614
8.7059
8.68536
8.67675
8.66182
8.63857
8.62123
8.60578
8.58817
8.57451
8.55668
8.54081
8.51877
8.50073
8.48468
8.46249
8.4504
8.43218
8.41595
8.39765
8.37729
8.35891
8.3405
8.32003
8.30561
8.28506
8.2665
8.24788
8.2292
8.20845
8.18968
8.1729
8.15606
8.13713
8.12018
8.0991
8.07997
8.05874
8.04151
8.02624
8.00683
7.98737
7.97189
7.95228
7.93258
7.9128
7.88889
7.87709
7.85505
7.837
7.81483
7.79056
7.76624
7.74796
7.72761
7.7052
7.68481
7.66644
7.64809
7.62976
7.60945
7.59529
7.57513
7.55711
7.53921
7.51946
7.4999
7.48058
7.46355
7.4448
7.42436
7.40635
7.38878
7.37374
7.35719
7.34529
7.32791
7.31326
7.29934
7.28826
7.28006
7.26869
7.25827
7.24887
7.24663
7.23942
7.2354
7.23058
7.22501
7.22075
7.22193
7.2225
7.2286
7.22808
7.23315
7.23979
7.24806
7.25797
7.26753
7.27471
7.28969
7.30234
7.32081
7.34307
7.36915
7.39498
7.42462
7.44996
7.47708
7.50801
7.54069
7.5731
7.60928
7.65124
7.69286
7.73413
7.76892
7.81548
7.8616
7.90929
7.96052
8.01323
8.06537
8.12093
8.17584
8.23206
8.28957
8.35036
8.41029
8.47543
8.53759
8.59671
8.65886
8.72195
8.78998
8.86087
8.92644
8.9968
9.06782
9.13541
9.20763
9.27224
9.33933
9.40885
9.47873
9.55095
9.61935
9.68796
9.76483
9.84179
9.9127
9.98766
10.0626
10.1353
10.2018
10.2721
10.3422
10.4119
10.4792
10.5501
10.6225
10.6924
10.7616
10.8282
10.896
10.9651
11.0252
11.0925
11.1567
11.226
11.2901
11.3429
11.4045
11.4627
11.5175
11.5748
11.6326
11.6765
11.7288
11.7773
11.8258
11.8704
11.9128
11.9572
11.9972
12.0308
12.0599
12.0905
12.1104
12.1397
12.1621
12.1898
12.2043
12.2198
12.2302
12.2373
12.2371
12.2376
12.2347
12.2284
12.2144
12.199
12.1779
12.1531
12.1288
12.1029
12.0753
12.0359
11.997
11.9523
11.9041
11.8543
11.799
11.7422
11.684
11.6246
11.5598
11.4878
11.4169
11.3409
11.2641
11.1845
11.0963
11.0076
10.9145
10.8273
10.7319
10.6367
10.5417
10.4431
10.343
10.2456
10.143
10.0373
9.93485
9.82963
9.72386
9.61767
9.51121
9.40056
9.28991
9.1855
9.07934
8.97359
8.86837
8.76583
8.66608
8.55909
8.45511
8.35628
8.26067
8.16634
8.06932
7.97375
7.87974
7.78533
7.69667
7.60573
7.52069
7.43554
7.36048
7.27526
7.20026
7.12537
7.04861
6.97614
6.91205
6.8442
6.78077
6.7157
6.65513
6.60314
6.55164
6.50066
6.44822
6.39839
6.35323
6.31276
6.27293
6.2358
6.19935
6.16358
6.1407
6.11242
6.09093
6.07014
6.05613
6.04279
6.03014
6.01816
6.00886
6.00223
5.99622
5.99893
6.00424
6.01213
6.02053
6.02941
6.04075
6.05859
6.07272
6.09529
6.12017
6.14325
6.17258
6.20609
6.23562
6.26517
6.3008
6.33636
6.37585
6.4172
6.45833
6.50527
6.55389
6.60212
6.65193
6.7053
6.75609
6.81237
6.86596
6.92494
6.98316
7.0426
7.10321
7.16697
7.22773
7.29154
7.35631
7.42605
7.48854
7.54778
7.61593
7.68481
7.75437
7.82458
7.89132
7.96063
8.03247
8.10069
8.17133
8.24436
8.31565
8.38922
8.45691
8.52881
8.60285
8.681
8.76118
8.83522
8.90916
8.98499
9.05655
9.12987
9.20288
9.27755
9.34774
9.41542
9.48258
9.55118
9.62322
9.69051
9.75504
9.81879
9.8878
9.95594
10.0211
10.0894
10.1465
10.2066
10.2657
10.3257
10.3865
10.4422
10.4967
10.552
10.6102
10.6652
10.721
10.7755
10.8269
10.873
10.926
10.9718
11.0186
11.0601
11.1047
11.1482
11.1867
11.2243
11.2671
11.3029
11.3441
11.3805
11.4163
11.4534
11.4901
11.5223
11.554
11.5895
11.6247
11.6556
11.6904
11.7251
11.7557
11.7884
11.8211
11.86
11.8929
11.9261
11.9574
11.9891
12.023
12.0613
12.0959
12.1349
12.1702
12.21
12.2461
12.2806
12.3195
12.3629
12.3985
12.4386
12.477
12.5156
12.5567
12.596
12.6335
12.6732
12.7071
12.7452
12.7833
12.8216
12.8619
12.9002
12.9364
12.9787
13.0147
13.0546
13.0963
13.1297
13.1708
13.2076
13.246
13.284
13.3235
13.3605
13.3991
13.4309
13.4662
13.5009
13.535
13.5684
13.597
13.6309
13.6642
13.6946
13.7243
13.7532
13.7772
13.8025
13.827
13.8548
13.8819
13.9041
13.9297
13.9485
13.9706
13.99
14.0109
14.0312
14.0489
14.0701
14.0889
14.1092
14.1252
14.1409
14.1563
14.1755
14.1967
14.2158
14.237
14.248
14.2612
14.2787
14.2965
14.3167
14.3291
14.3502
14.3698
14.39
14.4108
14.4304
14.4528
14.4781
14.5023
14.5233
14.5473
14.5723
14.6004
14.6295
14.6598
14.691
14.7234
14.7568
14.7893
14.8248
14.8594
14.8969
14.9313
14.9706
15.0067
15.0435
15.0831
15.1273
15.1762
15.2234
15.2669
15.3107
15.3525
15.3965
15.4423
15.484
15.5273
15.5702
15.6106
15.6564
15.6993
15.7414
15.7804
15.8183
15.8571
15.8945
15.9285
15.9609
15.9898
16.021
16.0423
16.068
16.0897
16.1116
16.1294
16.1453
16.1612
16.175
16.1867
16.1964
16.204
16.2116
16.2131
16.2165
16.214
16.2094
16.2049
16.2005
16.1923
16.1802
16.1704
16.1548
16.1376
16.1168
16.0964
16.0766
16.0554
16.0349
16.0091
15.982
15.9558
15.9286
15.9045
15.8814
15.8493
15.8164
15.7869
15.7526
15.7198
15.6823
15.6505
15.6142
15.5857
15.5507
15.5176
15.4884
15.4488
15.4174
15.3819
15.3403
15.3049
15.2656
15.2325
15.1998
15.1652
15.1331
15.0993
15.0699
15.039
15.0106
14.9847
14.9533
14.9246
14.8964
14.8668
14.8339
14.8057
14.7782
14.7535
14.7275
14.7022
14.6777
14.658
14.635
14.6128
14.5893
14.5666
14.5467
14.5255
14.5091
14.4934
14.4784
14.458
14.4383
14.4253
14.417
14.3992
14.386
14.3714
14.3614
14.3478
14.3387
14.3261
14.3179
14.3061
14.2946
14.2835
14.2747
14.2661
14.2578
14.2437
14.2317
14.2301
14.2224
14.219
14.2115
14.2082
14.2008
14.1954
14.194
14.1784
14.1687
14.163
14.1531
14.1491
14.147
14.1365
14.1216
14.1127
14.0993
14.0837
14.0758
14.0675
14.0569
14.0478
14.0302
14.0202
14.0098
13.9968
13.9791
13.965
13.9441
13.9287
13.9106
13.8877
13.8702
13.8539
13.8308
13.8129
13.7921
13.7725
13.7499
13.7264
13.7061
13.6806
13.6541
13.6287
13.5961
13.5685
13.5358
13.5081
13.4753
13.4413
13.4083
13.3701
13.3289
13.2946
13.2532
13.2189
13.1795
13.1391
13.0977
13.0534
13.0082
12.9642
12.9174
12.8678
12.8216
12.7748
12.7273
12.6774
12.629
12.5824
12.5314
12.4802
12.4289
12.3837
12.3345
12.2853
12.2344
12.1858
12.1335
12.0858
12.0345
11.9859
11.9381
11.8931
11.8469
11.7977
11.7515
11.7085
11.6605
11.6179
11.5787
11.5408
11.5085
11.4756
11.4483
11.4165
11.3884
11.362
11.3353
11.3144
11.2892
11.2759
11.2564
11.2387
11.2229
11.209
11.1969
11.1888
11.1805
11.1762
11.1717
11.1731
11.1743
11.1753
11.1761
11.1807
11.1851
11.1953
11.2012
11.2128
11.224
11.239
11.2576
11.2758
11.2955
11.3168
11.3396
11.3639
11.3896
11.4208
11.4493
11.4812
11.5144
11.5489
11.5826
11.6196
11.6558
11.6931
11.7336
11.7751
11.8157
11.8553
11.8939
11.9334
11.9779
12.0274
12.0757
12.1227
12.1685
12.2191
12.2643
12.3142
12.3646
12.4136
12.463
12.5169
12.5671
12.6196
12.6724
12.7313
12.7843
12.8393
12.8921
12.9469
12.9993
13.0494
13.1031
13.1542
13.2027
13.2526
13.3016
13.3476
13.3947
13.4448
13.4936
13.5391
13.5811
13.6237
13.6668
13.7
13.7375
13.7691
13.8028
13.8283
13.8538
13.8812
13.9035
13.9239
13.9465
13.9632
13.9779
13.9946
14.0052
14.0117
14.0202
14.0306
14.0328
14.0389
14.0307
14.0286
14.0243
14.018
14.0077
13.9994
13.9871
13.973
13.957
13.9392
13.9197
13.8985
13.8759
13.8517
13.8261
13.7972
13.7691
13.7399
13.7097
13.6806
13.6446
13.6139
13.5786
13.5468
13.5045
13.4721
13.4355
13.4049
13.3683
13.3339
13.3018
13.2701
13.2348
13.2001
13.1681
13.1348
13.1045
13.0732
13.045
13.0118
12.986
12.9635
12.9424
12.9229
12.9049
12.8864
12.8697
12.8547
12.8395
12.8282
12.8167
12.8092
12.8038
12.7983
12.7989
12.8017
12.8046
12.8055
12.8127
12.818
12.8296
12.8455
12.8615
12.8738
12.8943
12.9171
12.9401
12.9695
12.9929
13.0267
13.0566
13.0969
13.1333
13.1759
13.2187
13.2677
13.3107
13.3639
13.4152
13.4685
13.5218
13.5751
13.6385
13.6957
13.7588
13.8278
13.8926
13.9571
14.0275
14.0995
14.169
14.2422
14.321
14.4012
14.4829
14.5618
14.6421
14.7236
14.8083
14.89
14.9808
15.0706
15.1613
15.2507
15.3428
15.4336
15.5249
15.6126
15.7028
15.7952
15.8858
15.9826
16.0753
16.1659
16.2583
16.3463
16.438
16.5313
16.6239
16.7117
16.8028
16.891
16.9741
17.0682
17.153
17.2364
17.3165
17.3971
17.4821
17.5574
17.637
17.7106
17.7823
17.852
17.9175
17.983
18.0502
18.1131
18.1676
18.2237
18.2774
18.3265
18.3771
18.421
18.4643
18.5069
18.5469
18.5821
18.6146
18.6504
18.6752
18.7014
18.7227
18.7372
18.7549
18.77
18.7761
18.7816
18.7863
18.7863
18.7857
18.7824
18.7765
18.7659
18.7548
18.7452
18.7311
18.7144
18.6953
18.6718
18.6479
18.6176
18.587
18.5542
18.5191
18.4797
18.4382
18.3966
18.3508
18.307
18.2591
18.2112
18.1593
18.1055
18.0517
17.9961
17.9365
17.8771
17.818
17.751
17.6842
17.6178
17.5517
17.49
17.4186
17.3395
17.2629
17.1848
17.1073
17.0263
16.944
16.8603
16.7753
16.6851
16.5997
16.5092
16.4217
16.3332
16.2398
16.1434
16.0464
15.9547
15.8604
15.7656
15.6703
15.5747
15.481
15.383
15.2871
15.1892
15.0955
15.0001
14.899
14.8065
14.7146
14.6213
14.529
14.4375
14.343
14.2537
14.1676
14.0788
13.9976
13.9158
13.8275
13.7469
13.6702
13.5953
13.5243
13.4472
13.3781
13.3031
13.2362
13.1716
13.1091
13.0549
12.9989
12.9431
12.8896
12.8343
12.7834
12.7387
12.6942
12.652
12.6161
12.5783
12.5447
12.5071
12.4797
12.4503
12.4209
12.3995
12.3739
12.3523
12.3366
12.3206
12.3063
12.2937
12.2788
12.2654
12.2535
12.2452
12.2404
12.233
12.2311
12.2284
12.2312
12.2291
12.2262
12.2286
12.2323
12.233
12.2368
12.2438
12.2478
12.2529
12.2691
12.2844
12.3005
12.3095
12.3276
12.3444
12.3622
12.3808
12.4001
12.4162
12.437
12.4565
12.4767
12.4975
12.5208
12.5447
12.569
12.5917
12.6168
12.6463
12.6699
12.6936
12.7175
12.7394
12.7633
12.785
12.8066
12.8339
12.8568
12.8793
12.9013
12.9145
12.9372
12.9611
12.9779
12.9979
13.0168
13.0365
13.0488
13.0658
13.0733
13.0833
13.0875
13.0901
13.0909
13.0959
13.0969
13.0959
13.0908
13.0857
13.0784
13.0647
13.055
13.0389
13.0225
13.0038
12.9807
12.9553
12.9296
12.9015
12.8752
12.8406
12.8077
12.7687
12.7254
12.6862
12.6409
12.5978
12.5507
12.4979
12.4454
12.3933
12.3357
12.2788
12.2207
12.1634
12.1072
12.0439
11.98
11.9194
11.8604
11.801
11.7394
11.6716
11.6079
11.5483
11.4871
11.4263
11.368
11.3064
11.2537
11.1917
11.1327
11.077
11.0265
10.9692
10.9154
10.8652
10.8186
10.7697
10.7246
10.6752
10.6318
10.5966
10.5593
10.5282
10.4912
10.4543
10.4258
10.3996
10.3757
10.3542
10.3331
10.3185
10.3043
10.2885
10.2834
10.2746
10.2704
10.2707
10.2716
10.2749
10.2869
10.2994
10.3063
10.3218
10.3378
10.3543
10.3754
10.403
10.4291
10.4577
10.4909
10.5346
10.5747
10.6112
10.6522
10.6956
10.7434
10.7916
10.8443
10.8993
10.9547
11.0123
11.0723
11.1345
11.197
11.2636
11.3304
11.4033
11.4783
11.5573
11.6321
11.7088
11.7872
11.8674
11.9513
12.0387
12.1276
12.2178
12.3052
12.3999
12.4894
12.5799
12.6731
12.7629
12.8593
12.9561
13.051
13.1481
13.2512
13.3459
13.4343
13.5302
13.6235
13.716
13.8056
13.8922
13.9795
14.0677
14.1565
14.2418
14.3236
14.4057
14.4861
14.5647
14.6394
14.7143
14.7913
14.8644
14.9335
15.0006
15.0658
15.1291
15.1905
15.25
15.3057
15.3616
15.4118
15.4643
15.5152
15.5687
15.6166
15.6693
15.7124
15.7584
15.795
15.8386
15.8812
15.9187
15.9634
16.0011
16.04
16.0781
16.1134
16.146
16.1799
16.2151
16.2496
16.2834
16.3104
16.3388
16.3684
16.3994
16.4254
16.4547
16.4852
16.5147
16.5411
16.5625
16.5847
16.6016
16.6234
16.6438
16.6627
16.6781
16.6918
16.7018
16.712
16.7163
16.7287
16.735
16.7372
16.7309
16.7265
16.7237
16.7123
16.7025
16.6901
16.6771
16.6594
16.6349
16.6137
16.5857
16.5568
16.5272
16.4989
16.4616
16.4194
16.3704
16.3288
16.2804
16.2314
16.1776
16.1193
16.0625
16.0053
15.9477
15.8818
15.8137
15.7435
15.6733
15.6033
15.5295
15.4561
15.3771
15.2926
15.2129
15.134
15.0481
14.9633
14.8757
14.7956
14.7088
14.6177
14.5263
14.443
14.3576
14.2704
14.1856
14.1011
14.0172
13.9299
13.8414
13.7558
13.6711
13.5877
13.5054
13.4264
13.3489
13.2729
13.1964
13.1196
13.0445
12.9752
12.9098
12.8423
12.7828
12.7172
12.6658
12.6063
12.551
12.4977
12.4466
12.3976
12.3508
12.304
12.2655
12.2311
12.1987
12.1623
12.128
12.0956
12.0692
12.0468
12.0222
11.9954
11.9703
11.9429
11.9212
11.9012
11.8848
11.8678
11.8585
11.8465
11.8338
11.8245
11.8084
11.7955
11.7919
11.7834
11.776
11.7697
11.7624
11.7622
11.7611
11.765
11.7699
11.7758
11.7827
11.7845
11.7913
11.797
11.8098
11.8195
11.8343
11.844
11.8567
11.8704
11.8872
11.901
11.9179
11.9359
11.9549
11.9771
12.0003
12.0205
12.0419
12.0663
12.0897
12.1143
12.1479
12.1846
12.21
12.2404
12.2676
12.2998
12.3285
12.3621
12.3962
12.4308
12.4659
12.4992
12.5348
12.5745
12.6061
12.6415
12.6787
12.7133
12.7494
12.7847
12.815
12.8463
12.8742
12.9069
12.9358
12.961
12.9823
13.0034
13.0202
13.0387
13.0526
13.0638
13.0722
13.0755
13.0799
13.079
13.0769
13.0756
13.0607
13.0444
13.0288
13.0056
12.9789
12.9509
12.9194
12.8867
12.8506
12.8074
12.7651
12.7157
12.6676
12.6168
12.5634
12.5117
12.4518
12.3918
12.328
12.2605
12.1936
12.1295
12.0603
11.9924
11.9218
11.8468
11.7757
11.7065
11.6336
11.563
11.4951
11.4299
11.3596
11.2863
11.2183
11.1537
11.0906
11.0313
10.9737
10.9201
10.8623
10.8087
10.7553
10.7041
10.6553
10.6089
10.5649
10.5275
10.4906
10.4502
10.4226
10.3975
10.3691
10.3453
10.3262
10.3118
10.292
10.2809
10.2705
10.2648
10.2555
10.255
10.2591
10.2577
10.2649
10.2725
10.2867
10.2993
10.3063
10.3237
10.3435
10.3636
10.3941
10.4188
10.4477
10.4808
10.514
10.5554
10.5928
10.6341
10.6753
10.7144
10.7654
10.8101
10.8605
10.9125
10.9662
11.0233
11.0718
11.1297
11.1829
11.2453
11.3089
11.3675
11.4271
11.4916
11.5528
11.6148
11.6774
11.7405
11.8081
11.8679
11.932
11.9941
12.0604
12.1246
12.1886
12.2543
12.3217
12.3846
12.4488
12.5123
12.577
12.6428
12.7055
12.7651
12.8233
12.8782
12.9335
12.9833
13.0374
13.0878
13.1322
13.1767
13.2192
13.2615
13.3078
13.3477
13.3833
13.4145
13.4474
13.4737
13.5037
13.5271
13.548
13.5624
13.5783
13.5937
13.6046
13.615
13.6149
13.6185
13.6238
13.6227
13.6173
13.6158
13.6081
13.5963
13.5845
13.5749
13.5614
13.5462
13.5212
13.5047
13.4848
13.4613
13.4386
13.4106
13.3794
13.3533
13.3261
13.3001
13.2712
13.2396
13.2053
13.1745
13.1391
13.1054
13.0672
13.0307
12.9961
12.9633
12.9285
12.8997
12.8648
12.8321
12.7995
12.761
12.7268
12.691
12.6595
12.6244
12.5938
12.5618
12.5262
12.4974
12.4651
12.4377
12.409
12.3831
12.3561
12.33
12.3029
12.2848
12.2638
12.2378
12.2171
12.1976
12.1794
12.1646
12.1472
12.1312
12.1147
12.1019
12.0927
12.0833
12.0776
12.0738
12.076
12.0781
12.0782
12.0784
12.0868
12.0955
12.1084
12.1237
12.1333
12.1514
12.1701
12.1953
12.2212
12.2497
12.2789
12.3108
12.3515
12.391
12.4332
12.4803
12.5261
12.5747
12.6261
12.6823
12.7391
12.7966
12.8587
12.9254
12.9945
13.068
13.1417
13.2215
13.2973
13.381
13.4583
13.5411
13.6273
13.7126
13.7968
13.8796
13.9628
14.0504
14.1337
14.2188
14.3053
14.3909
14.4794
14.5624
14.6455
14.7286
14.8113
14.8852
14.9601
15.0296
15.0935
15.1514
15.2051
15.2583
15.3048
15.3463
15.3825
15.4173
15.4464
15.4675
15.4806
15.4916
15.4942
15.4862
15.4779
15.4568
15.4331
15.4007
15.3637
15.318
15.2636
15.2048
15.1374
15.0637
14.9817
14.8977
14.8077
14.7141
14.6148
14.5041
14.3923
9.82346
9.57872
9.48187
9.37846
9.18043
8.96946
8.92412
9.16413
9.74216
10.5317
11.3735
12.1708
12.8365
13.2902
13.4075
13.0966
12.3463
11.3395
10.3068
9.35889
8.48779
7.65427
6.83096
6.03532
5.34658
4.81025
4.43834
4.23095
4.17687
4.28759
4.53919
4.95006
5.51639
6.20553
6.96116
7.69361
8.32368
8.8116
9.10989
9.25696
9.32883
9.4367
9.64357
10.0308
10.666
11.5247
12.5122
13.466
14.2769
14.8465
15.2193
15.4396
15.6376
15.8589
16.1259
16.4431
16.762
17.0202
17.1379
17.0704
16.7966
16.2922
15.602
14.7758
13.8812
13.0135
12.2201
11.5144
10.9472
10.5631
10.335
10.2267
10.1686
10.1772
10.1932
10.2595
10.4466
10.7543
11.1619
11.6428
12.1193
12.5553
12.8955
13.14
13.3008
13.3519
13.2943
13.1561
12.9744
12.8426
12.7898
12.7988
12.7959
12.7529
12.6926
12.666
12.7142
12.8728
13.1283
13.4481
13.7664
14.0418
14.2431
14.3602
14.3851
14.3641
14.3552
14.4241
14.5145
14.5878
14.581
14.4484
14.2946
14.1656
14.1144
14.1322
14.1893
14.196
14.1025
13.9209
13.7315
13.5867
13.5299
13.5058
13.4512
13.2546
12.8854
12.3313
11.621
10.8385
10.0153
9.26496
8.64979
8.19548
7.94108
7.86552
8.00668
8.36088
8.881
9.56326
10.334
11.108
11.8357
12.3883
12.6656
12.5808
12.0909
11.2767
10.2965
9.35811
8.62787
8.2057
8.1172
8.34195
8.87142
9.61344
10.5001
11.4356
12.3677
13.2964
14.1599
14.8503
15.3271
15.5227
15.4561
15.1978
14.7956
14.3504
13.9223
13.4642
12.9166
12.1953
11.3199
10.3595
9.46843
8.84027
8.50735
8.48347
8.67704
8.97089
9.25746
9.45814
9.45121
9.25364
8.90154
8.52793
8.23011
8.11247
8.16619
8.39022
8.72368
9.13217
9.54853
9.9911
10.4732
11.0215
11.6129
12.182
12.6024
12.7227
12.4197
11.7043
10.7603
9.80515
8.99701
8.46937
8.23081
8.25996
8.50365
8.94647
9.55589
10.2116
10.8933
11.4967
12.0219
12.5107
13.0674
13.7751
14.7375
15.9634
17.4126
18.9659
20.4086
21.5357
22.132
22.0599
21.3199
20.0508
18.4372
16.7252
15.0849
13.68
12.5913
11.8876
11.5233
11.4319
11.4936
11.5306
11.3808
10.9507
10.2716
9.43413
8.55873
7.7414
7.11012
6.71801
6.59525
6.75942
7.21049
7.93218
8.86747
9.91514
10.9942
12.0025
12.8934
13.5803
14.016
14.1878
14.0929
13.7702
13.2461
12.6591
12.0689
11.5053
10.9923
10.5462
10.1572
9.8886
9.7873
9.88936
10.1605
10.6234
11.1547
11.7163
12.2257
12.6278
12.9107
13.0385
13.0046
12.8038
12.4206
11.9134
11.3778
10.8623
10.4625
10.1405
9.91113
9.80833
9.85399
10.0569
10.4464
10.9605
11.5148
12.0444
12.4994
12.8776
13.1698
13.3976
13.5731
13.7271
13.8256
13.8479
13.7586
13.6321
13.5842
13.7197
14.0554
14.4961
14.8751
15.0367
14.9018
14.4197
13.664
12.724
11.7176
10.7575
9.97439
9.4413
9.21309
9.29859
9.65479
10.1926
10.8161
11.4216
11.9363
12.3166
12.5884
12.7257
12.7509
12.6852
12.5367
12.3109
12.0517
11.8498
11.7563
11.822
12.0257
12.306
12.5749
12.7671
12.8467
12.8394
12.6874
12.3995
11.9468
11.3553
10.7053
10.0984
9.70291
9.63712
10.0099
10.8148
11.9778
13.3153
14.6596
15.8368
16.7163
17.2672
17.4932
17.4863
17.3438
17.1821
17.1035
17.1349
17.2111
17.2261
17.1117
16.9195
16.7171
16.5972
16.5342
16.431
16.1259
15.5327
14.6081
13.3956
12.0563
10.7373
9.70425
9.07993
8.98592
9.38782
10.1886
11.1969
12.1574
12.8414
13.0571
12.7951
12.1571
11.351
10.5525
9.89402
9.43023
9.19708
9.16752
9.30691
9.57207
9.87878
10.1689
10.3856
10.479
10.4666
10.3618
10.2429
10.1912
10.2221
10.3966
10.7044
11.2263
11.943
12.8505
13.8984
14.9448
15.9007
16.665
17.2198
17.5745
17.7517
17.7602
17.5831
17.1912
16.6109
15.8253
14.9725
14.1981
13.5809
13.1303
12.8712
12.7857
12.847
13.0402
13.3442
13.6478
13.859
13.8739
13.6109
13.0857
12.3228
11.3739
10.366
9.29863
8.21362
7.10978
6.01792
4.95004
3.98727
3.1648
2.53512
2.12025
1.97032
2.0295
2.22914
2.49221
2.74583
3.03756
3.39423
3.88869
4.55635
5.41971
6.49053
7.77515
9.22769
10.7136
12.1161
13.2337
13.956
14.2651
14.2216
13.935
13.4614
12.9263
12.3492
11.7597
11.1959
10.6849
10.2887
10.0701
10.1279
10.4543
11.011
11.6492
12.2537
12.7189
12.9992
13.0942
13.054
12.8904
12.6664
12.4571
12.2807
12.1577
12.0952
12.1287
12.2887
12.6061
13.0486
13.5262
13.9534
14.1834
14.1474
13.8261
13.2771
12.5241
11.6208
10.5341
9.33887
8.09863
6.90092
5.84256
4.95729
4.2944
3.85259
3.6435
3.65468
3.87619
4.33577
4.98998
5.8189
6.72402
7.6703
8.598
9.43582
10.1443
10.7071
11.1304
11.4233
11.6205
11.731
11.7427
11.6808
11.5954
11.4726
11.356
11.2722
11.3014
11.4698
11.8446
12.3834
13.0212
13.6126
14.0022
14.0493
13.7311
13.1555
12.5114
11.9566
11.5625
11.4088
11.464
11.6734
11.9845
12.2713
12.4379
12.3421
11.9656
11.4458
10.949
10.5834
10.412
10.4191
10.6286
11.0512
11.5723
11.9691
12.0508
11.8823
11.7386
11.7901
12.0586
12.4414
12.7913
13.0706
13.2849
13.4671
13.594
13.6346
13.5274
13.2859
12.9409
12.5607
12.2164
11.9437
11.791
11.7865
11.8978
12.0994
12.2943
12.4002
12.3612
12.1514
11.8384
11.4626
11.1736
11.0481
11.193
11.6585
12.4392
13.4942
14.7536
16.1164
17.4164
18.498
19.2365
19.5275
19.4055
18.8884
18.0535
17.0274
15.9277
14.9074
14.026
13.3424
12.8571
12.5101
12.2836
12.1625
12.1836
12.3008
12.3923
12.4204
12.3378
12.1542
11.9399
11.7251
11.5268
11.3144
11.0288
10.6582
10.2357
9.81954
9.477
9.30968
9.36303
9.61002
9.98924
10.4218
10.8706
11.2387
11.5645
11.8176
12.0291
12.1794
12.2942
12.433
12.6696
13.0387
13.387
13.6374
13.7536
13.8347
14.0023
14.2685
14.5758
14.7889
14.8021
14.5665
14.1295
13.5631
12.9946
12.542
12.3279
12.4137
12.7878
13.3958
14.1113
14.8238
15.437
15.8133
15.9311
15.7886
15.484
15.0676
14.6446
14.3138
14.1131
13.9857
13.8577
13.6308
13.1961
12.5204
11.6971
10.8476
10.1239
9.65176
9.52179
9.78036
10.4245
11.3865
12.525
13.6665
14.5929
15.1886
15.3855
15.284
14.9649
14.5568
14.1317
13.7589
13.4931
13.3105
13.1299
12.8394
12.3711
11.6842
10.8952
10.0581
9.21809
8.4314
7.69518
7.05615
6.55402
6.2565
6.208
6.40684
6.86217
7.5026
8.28184
9.14902
10.0659
11.0105
11.9879
12.9736
13.9509
14.8454
15.6005
16.156
16.4223
16.441
16.2048
15.7501
15.2195
14.7057
14.305
14.0592
13.9869
14.0421
14.198
14.3865
14.5544
14.6718
14.7239
14.6663
14.5135
14.2558
13.859
13.3694
12.7858
12.119
11.4559
10.8747
10.4719
10.2571
10.2501
10.4101
10.673
10.9138
11.0398
11.0161
10.8463
10.5503
10.1562
9.64272
9.02388
8.34059
7.70448
7.18518
6.88999
6.8082
6.91619
7.14612
7.4325
7.70602
7.95534
8.1478
8.32206
8.53034
8.81118
9.21685
9.73833
10.3797
11.0778
11.7503
12.3091
12.6631
12.784
12.6284
12.2688
11.8033
11.4015
11.1681
11.1802
11.3999
11.7267
12.0322
12.1837
12.1423
11.9483
11.6941
11.4816
11.3671
11.3909
11.5458
11.742
11.981
12.2582
12.58
12.928
13.2896
13.6472
13.9663
14.2677
14.5102
14.704
14.9041
15.1091
15.3725
15.6779
15.9794
16.2562
16.5065
16.733
16.946
17.0821
17.0487
16.8096
16.3219
15.6822
14.9995
14.3595
13.8373
13.4632
13.236
13.1294
13.1243
13.2163
13.3969
13.6114
13.8399
14.046
14.2145
14.3401
14.4595
14.6154
14.827
15.0513
15.2472
15.3644
15.3728
15.2995
15.1658
14.9618
14.6832
14.2665
13.7008
12.986
12.2225
11.5379
11.0297
10.7532
10.795
11.1137
11.6702
12.4246
13.2578
14.1386
15.0336
15.8786
16.7066
17.4564
18.0441
18.4566
18.6776
18.6417
18.3802
17.9655
17.4478
16.9092
16.3667
15.8523
15.4069
15.0409
14.7757
14.6135
14.5826
14.6762
14.9094
15.3024
15.8432
16.4899
17.2093
17.9037
18.4883
18.9488
19.3042
19.5745
19.7794
20.015
20.24
20.444
20.5633
20.4809
20.2029
19.7181
19.1324
18.5549
18.0788
17.758
17.6628
17.7811
18.1135
18.5962
19.16
19.6401
19.9247
19.8762
19.4723
18.7477
17.8208
16.8111
15.8228
14.9367
14.1952
13.5797
13.0844
12.6615
12.2633
11.8278
11.282
10.6955
10.1363
9.76073
9.66824
9.89072
10.3334
10.9521
11.6031
12.2146
12.7439
13.1654
13.4494
13.5881
13.6473
13.6589
13.7558
13.9535
14.2889
14.7049
15.1413
15.5169
15.771
15.9091
15.9703
15.9402
15.8635
15.7448
15.5421
15.2413
14.799
14.1777
13.3421
12.3217
11.2078
10.0232
8.91662
7.95926
7.26623
6.8753
6.80952
6.9907
7.31069
7.70051
8.10083
8.50552
8.97872
9.50402
10.0189
10.4381
10.671
10.6661
10.4194
10.0191
9.59156
9.24699
9.06805
9.06887
9.25077
9.55739
9.88
10.1895
10.3728
10.4223
10.3709
10.2755
10.1725
10.0297
9.84489
9.65579
9.54416
9.52203
9.57657
9.60654
9.53091
9.31453
8.93731
8.48219
8.01246
7.62632
7.38132
7.33658
7.51664
7.90207
8.45441
9.08622
9.70649
10.2675
10.7592
11.1946
11.6664
12.2024
12.7916
13.3842
13.8293
14.0632
13.986
13.6212
13.0554
12.3398
11.5826
10.8387
10.1879
9.70725
9.4578
9.46562
9.72938
10.2081
10.8526
11.4877
11.8857
11.9104
11.4884
10.7063
9.82128
8.99642
8.40372
8.09399
8.09605
8.36912
8.81258
9.32392
9.82652
10.2277
10.5582
10.8753
11.2531
11.742
12.3302
12.9249
13.4483
13.8049
13.9849
14.06
14.0913
14.0665
13.9298
13.5636
12.8201
11.657
10.1899
8.61947
7.20157
6.11001
5.45396
5.24576
5.48029
6.08251
6.92983
7.86683
8.66195
9.1271
9.1098
8.6779
8.03601
7.41346
6.95611
6.76221
6.90054
7.36959
8.14381
9.17772
10.3466
11.5041
12.4867
13.1987
13.6346
13.8378
13.8912
13.9139
13.9053
13.8843
13.8535
13.784
13.6609
13.4349
13.0898
12.5872
11.976
11.3533
10.873
10.6398
10.6609
10.8994
11.291
11.691
11.9796
12.0154
11.6872
10.9794
9.96502
8.78597
7.63306
6.61657
5.84178
5.34652
5.12884
5.13215
5.32092
5.67372
6.14679
6.78502
7.56838
8.4864
9.45234
10.3721
11.0465
11.2413
10.8037
9.94358
8.94048
8.07259
7.47026
7.13619
7.03811
7.13462
7.39616
7.75934
8.21448
8.7092
9.21867
9.72643
10.2483
10.771
11.2656
11.6905
11.9888
12.1649
12.2462
12.3181
12.4078
12.5631
12.7787
13.0598
13.3506
13.5977
13.7741
13.7889
13.6443
13.3667
13.0552
12.7554
12.5617
12.4534
12.3644
12.1588
11.7267
11.0905
10.3086
9.53891
8.90148
8.48945
8.31758
8.3836
8.66215
9.12284
9.73719
10.4167
11.0792
11.6587
12.1064
12.378
12.5012
12.4703
12.2857
12.0146
11.6572
11.2918
10.9734
10.7536
10.6475
10.6802
10.8848
11.2052
11.6185
12.0482
12.4085
12.6606
12.7347
12.6757
12.527
12.3515
12.2346
12.2656
12.5611
13.1565
14.0124
15.0553
16.2068
17.2652
18.0629
18.4651
18.3185
17.7069
16.7778
15.7444
14.8009
14.0376
13.5022
13.1435
12.9198
12.7367
12.5168
12.2031
11.789
11.3398
10.904
10.5873
10.4378
10.4936
10.7692
11.2678
11.9275
12.6726
13.4256
14.0811
14.5954
14.9043
14.9784
14.8593
14.5809
14.2553
13.9322
13.6246
13.3294
13.0043
12.6721
12.2951
11.9067
11.5444
11.2201
10.9016
10.5915
10.2929
10.0599
9.8895
9.79315
9.76201
9.78773
9.85614
10.0232
10.3578
10.9052
11.737
12.8262
14.1167
15.4919
16.7635
17.7309
18.2545
18.2244
17.6733
16.7
15.4612
14.1663
12.9007
11.7832
10.8467
10.1137
9.60575
9.3458
9.29188
9.41835
9.64074
9.88597
10.0728
10.1887
10.1913
10.1119
10.0415
10.0493
10.2034
10.5818
11.2169
12.1191
13.1494
14.2474
15.2205
16.001
16.5281
16.7935
16.7318
16.3627
15.621
14.582
13.3875
12.1737
11.0939
10.168
9.43015
8.86091
8.47527
8.24885
8.15081
8.15808
8.25351
8.4385
8.74312
9.13037
9.54952
9.89228
10.1136
10.1763
10.0873
9.87633
9.63291
9.39058
9.21517
9.14342
9.22306
9.43913
9.77489
10.2089
10.6585
11.0964
11.4997
11.8162
12.0995
12.3586
12.6119
12.8491
13.0032
13.0285
12.9398
12.7746
12.5598
12.3476
12.1857
12.1257
12.2348
12.55
13.1697
14.0027
14.8614
15.4781
15.6193
15.1865
14.2287
12.9609
11.5591
10.2034
8.97633
7.94228
7.11414
6.4766
6.0022
5.70263
5.56046
5.59825
5.81514
6.17132
6.6137
7.06908
7.52795
7.97062
8.4407
8.91382
9.34647
9.70927
9.95738
10.1507
10.3436
10.5758
10.8694
11.1707
11.4073
11.5681
11.5424
11.3026
10.9151
10.4452
9.9605
9.50508
9.13117
8.87432
8.79303
8.89113
9.15878
9.50179
9.78951
9.91532
9.76804
9.36085
8.71297
7.90752
7.06435
6.29903
5.67898
5.31577
5.24088
5.49185
6.08214
6.96211
7.97045
8.95583
9.74436
10.2734
10.5723
10.7007
10.7222
10.6406
10.4793
10.2458
9.90756
9.52647
9.1167
8.70713
8.3078
7.8861
7.48148
7.12179
6.87989
6.8639
7.0608
7.4029
7.78643
8.04588
8.12684
7.99136
7.69226
7.26323
6.75457
6.23323
5.85362
5.65704
5.71402
6.03876
6.56501
7.16884
7.75031
8.1774
8.36222
8.28137
7.94887
7.42486
6.78814
6.08789
5.40114
4.80921
4.38584
4.19954
4.25458
4.55347
5.02407
5.59566
6.17493
6.71158
7.17135
7.61511
8.01466
8.39539
8.80657
9.27151
9.75692
10.2495
10.6633
10.9863
11.2016
11.362
11.492
11.6137
11.7352
11.8254
11.9263
12.0366
12.1511
12.2463
12.2804
12.1991
11.9684
11.6203
11.2384
10.9027
10.7237
10.6703
10.7633
10.9132
11.0692
11.1813
11.2714
11.4475
11.8672
12.5588
13.4913
14.5419
15.5225
16.2402
16.5655
16.4087
15.779
14.7822
13.5713
12.3774
11.3632
10.7296
10.5457
10.8231
11.4533
12.2746
13.1402
13.9365
14.6313
15.213
15.7155
16.1417
16.5011
16.8008
17.0218
17.1376
17.2297
17.2536
17.2451
17.195
17.0747
16.8839
16.6303
16.3285
16.0125
15.6475
15.2367
14.8394
14.4994
14.2852
14.2481
14.4251
14.79
15.2895
15.8312
16.3343
16.6847
16.8123
16.6633
16.2481
15.608
14.8054
13.926
13.0774
12.3453
11.7871
11.4012
11.1847
11.0771
11.0442
11.0747
11.1883
11.3523
11.5685
11.8647
12.2504
12.7051
13.2122
13.7303
14.1941
14.5526
14.7292
14.6831
14.4531
14.0405
13.4639
12.7587
11.902
10.9293
9.83636
8.72865
7.68294
6.80499
6.19485
5.90873
6.00389
6.47488
7.26108
8.25196
9.31495
10.3323
11.1928
11.8826
12.4266
12.8911
13.3537
13.8426
14.3403
14.8025
15.1878
15.4547
15.5785
15.6062
15.5962
15.6023
15.6724
15.8031
15.9642
16.0899
16.1392
16.0629
15.8607
15.521
15.0403
14.4644
13.8782
13.3913
13.1203
13.1658
13.5435
14.2277
15.1144
15.9759
16.536
16.5328
15.9186
14.78
13.3339
11.7602
10.2018
8.70026
7.30167
6.06167
5.12401
4.53018
4.30087
4.39281
4.75918
5.3076
5.91311
6.52071
7.02392
7.4001
7.61359
7.67463
7.63544
7.58336
7.61446
7.80175
8.28016
9.10128
10.2885
11.7747
13.3806
14.8432
15.8774
16.3428
16.3299
15.9835
15.4762
14.9225
14.3649
13.8502
13.4143
13.0929
12.9309
13.0022
13.2488
13.6151
13.9974
14.339
14.5153
14.5218
14.3682
14.0876
13.7342
13.3016
12.845
12.3723
11.9109
11.5283
11.2968
11.2938
11.5559
12.0724
12.8237
13.7092
14.6097
15.3878
15.8587
15.8992
15.4254
14.4277
13.0101
11.3943
9.83065
8.48802
7.48381
6.83001
6.41023
6.15429
5.96896
5.82572
5.74682
5.75826
5.83974
5.97788
6.15634
6.32682
6.45866
6.51455
6.50938
6.43812
6.31892
6.15327
5.94322
5.745
5.59935
5.5016
5.46147
5.45072
5.46449
5.41679
5.27672
5.06011
4.79257
4.56265
4.47619
4.57372
4.96673
5.69468
6.75171
8.08462
9.56969
11.0693
12.4414
13.5962
14.4942
15.1184
15.404
15.2964
14.832
14.0832
13.1921
12.3018
11.4865
10.8071
10.2397
9.73058
9.2433
8.78004
8.35569
7.99921
7.76822
7.71788
7.85222
8.0886
8.33426
8.57384
8.89658
9.42169
10.2385
11.2263
12.1882
12.8312
12.9349
12.482
11.6531
10.7215
9.94847
9.53562
9.53858
9.97201
10.7517
11.7282
12.7597
13.6648
14.2682
14.4552
14.1724
13.5347
12.7002
11.8756
11.2532
10.9743
11.0946
11.6011
12.4066
13.3244
14.2369
14.9992
15.5644
15.9152
16.1069
16.1541
16.0833
15.9586
15.849
15.7608
15.6604
15.4587
15.0565
14.408
13.5165
12.4534
11.3265
10.2446
9.31227
8.65536
8.3453
8.39511
8.76805
9.40852
10.2196
11.1211
12.0427
12.9229
13.7247
14.4577
15.1093
15.6506
16.046
16.2641
16.3111
16.2294
16.1047
15.9643
15.8357
15.7044
15.5638
15.4368
15.3403
15.3277
15.449
15.7406
16.2236
16.9042
17.6832
18.4537
19.1531
19.6856
20.0213
20.1215
20.0136
19.723
19.2813
18.7291
18.1722
17.6895
17.3571
17.1631
17.1103
17.185
17.3255
17.4988
17.6596
17.755
17.7268
17.57
17.3219
17.0567
16.8605
16.7721
16.6674
16.4129
15.9538
15.3999
14.9366
14.7139
14.8328
15.2453
15.8125
16.3447
16.7399
16.9284
17.0252
17.1511
17.4041
17.7881
18.2452
18.6331
18.8976
18.895
18.5571
17.8149
16.7096
15.4342
14.2464
13.3071
12.745
12.5678
12.6503
12.8229
12.9223
12.8341
12.5745
12.226
11.9075
11.728
11.7486
12.0023
12.4525
12.9972
13.4684
13.8137
13.9169
13.7682
13.3289
12.648
11.8537
11.0717
10.4962
10.2471
10.3866
10.9466
11.8314
12.9747
14.2248
15.4548
16.527
17.3014
17.6735
17.6023
17.0709
16.0853
14.7191
13.1175
11.5121
10.1131
9.07745
8.44794
8.22569
8.33896
8.66942
9.13202
9.64339
10.1325
10.5213
10.8165
10.9759
11.0187
10.9978
10.9431
10.8651
10.7097
10.5225
10.3105
10.115
9.9719
9.91791
9.90788
9.94202
10.0189
10.1493
10.4055
10.7675
11.2579
11.8018
12.2409
12.4264
12.3098
11.8871
11.2519
10.5514
9.92582
9.50176
9.32352
9.42632
9.77728
10.316
10.928
11.5274
11.9755
12.1738
12.0826
11.6815
11.0377
10.2654
9.47459
8.74612
8.14173
7.68343
7.4195
7.34505
7.41521
7.5719
7.79943
8.04135
8.26436
8.50154
8.76346
9.05822
9.37939
9.70608
9.97862
10.2147
10.4146
10.6653
11.0111
11.4543
12.0129
12.6265
13.2087
13.6626
13.8962
13.7778
13.3071
12.5339
11.6496
10.8455
10.294
10.0235
9.98277
10.0665
10.1723
10.2758
10.3684
10.4459
10.513
10.5843
10.6576
10.7482
10.7954
10.7482
10.5388
10.1581
9.67118
9.12883
8.5839
8.03957
7.54369
7.11418
6.83707
6.79346
7.04369
7.62678
8.51334
9.68295
10.9993
12.3096
13.4606
14.3812
15.0934
15.6656
16.1861
16.6868
17.177
17.5593
17.8039
17.9026
17.8566
17.6836
17.4476
17.1691
16.8826
16.6005
16.361
16.1885
16.0769
16.0191
16.0251
16.0508
16.0801
16.073
16.0198
15.9073
15.7295
15.5523
15.4283
15.3862
15.4772
15.6379
15.8962
16.2189
16.5259
16.7468
16.8224
16.6892
16.3032
15.6599
14.8508
13.9679
13.0665
12.2219
11.4847
10.8767
10.4412
10.1845
10.1008
10.1745
10.3776
10.6426
10.8731
11.034
11.0694
10.9867
10.792
10.5548
10.3254
10.1327
10.0016
9.95419
9.95379
9.98846
10.009
9.99991
9.9604
9.91637
9.88335
9.9427
10.1457
10.4991
11.005
11.6347
12.3777
13.1629
13.8935
14.4069
14.5194
14.2346
13.7197
13.1779
12.7507
12.4481
12.1944
11.9358
11.649
11.3692
11.1126
10.8803
10.6595
10.4834
10.2986
10.1398
9.98424
9.81617
9.62481
9.43879
9.26102
9.05418
8.86013
8.70646
8.67026
8.75685
9.01226
9.42736
9.98714
10.666
11.4266
12.2152
12.9211
13.3764
13.4669
13.1431
12.4985
11.6704
10.8463
10.1805
9.77781
9.61466
9.63435
9.74323
9.86867
9.94932
10.0533
10.2598
10.6721
11.3213
12.2096
13.277
14.4207
15.5491
16.6045
17.5954
18.5225
19.3846
20.1565
20.7408
21.0876
21.1763
21.0382
20.6587
20.0978
19.3342
18.409
17.3513
16.1869
15.0069
13.8964
12.9209
12.1066
11.4618
10.9644
10.6231
10.402
10.342
10.4761
10.892
11.6573
12.7681
14.1799
15.7677
17.339
18.7202
19.8139
20.5695
21.0255
21.138
20.932
20.3556
19.4425
18.2125
16.7762
15.2543
13.7677
12.4238
11.3124
10.4947
10.0365
9.92654
10.1667
10.7256
11.5256
12.4829
13.5413
14.5909
15.5225
16.2766
16.7615
16.992
16.9993
16.8604
16.6303
16.2621
15.5636
14.2902
12.4662
10.4137
8.51
7.02299
6.04557
5.44412
5.06688
4.86312
4.80766
4.94669
5.24004
5.66752
6.15423
6.64721
7.13248
7.57826
8.01149
8.41977
8.77285
8.94744
8.91168
8.73087
8.53342
8.50844
8.75657
9.28097
9.983
10.6912
11.3157
11.7397
11.8737
11.7129
11.329
10.8431
10.3723
9.94566
9.55414
9.12257
8.58623
7.93003
7.19991
6.52886
5.99992
5.67115
5.60834
5.78061
6.20388
6.83353
7.56041
8.23251
8.82556
9.2523
9.49456
9.62183
9.64956
9.63246
9.63758
9.72532
9.89374
10.1383
10.4047
10.5884
10.6716
10.6519
10.5915
10.5505
10.5654
10.5999
10.5845
10.4925
10.2932
10.0372
9.77855
9.55909
9.41029
9.3023
9.2315
9.14208
9.00278
8.7482
8.39425
8.00096
7.70492
7.60455
7.72173
7.96872
8.26838
8.53938
8.72806
8.84669
8.91524
8.98629
9.11608
9.36277
9.73429
10.2431
10.9252
11.7903
12.8046
13.8849
14.9408
15.8032
16.361
16.5747
16.6156
16.6525
16.8298
17.1861
17.6764
18.1564
18.5025
18.6431
18.5166
18.1426
17.6015
16.9666
16.3402
15.8083
15.3677
14.9766
14.5557
14.1038
13.6059
13.1619
12.8748
12.8962
13.2355
13.903
14.8337
15.9071
16.9626
17.8109
18.2792
18.3383
18.0642
17.6371
17.1856
16.7477
16.3066
15.7856
15.164
14.3999
13.5536
12.6451
11.7646
10.9961
10.4008
10.062
9.98888
10.2355
10.7958
11.5969
12.5338
13.4531
14.1315
14.4289
14.2639
13.7705
13.1235
12.5189
12.0583
11.7774
11.665
11.6764
11.7343
11.7642
11.7548
11.6778
11.5846
11.5768
11.7759
12.1524
12.7067
13.3492
13.9883
14.5642
15.0227
15.4031
15.6531
15.7872
15.8327
15.88
15.9096
15.9067
15.7974
15.4791
14.8978
14.067
13.0838
12.0883
11.2004
10.4765
9.98848
9.73127
9.67315
9.80291
10.0663
10.4851
10.9856
11.5511
12.167
12.8096
13.3826
13.8462
14.0028
13.7299
12.9878
11.8306
10.4702
9.16373
8.10572
7.45836
7.26811
7.49533
8.00814
8.76048
9.61549
10.4817
11.2096
11.7743
12.1272
12.2574
12.2079
11.9864
11.5899
11.0988
10.6465
10.3091
10.1526
10.2032
10.4541
10.8651
11.4642
12.161
12.9546
13.7402
14.4301
14.927
15.1391
15.0433
14.6362
13.9475
13.0941
12.1483
11.2986
10.6058
10.2212
10.1613
10.3978
10.8403
11.3671
11.8636
12.2725
12.5409
12.7191
12.8419
12.934
12.9519
12.8171
12.4689
11.9038
11.1891
10.4294
9.80525
9.43197
9.31041
9.44991
9.77606
10.144
10.4433
10.6191
10.6341
10.5534
10.4666
10.4365
10.5653
10.8989
11.488
12.2998
13.2752
14.2869
15.2552
16.0129
16.4124
16.3793
15.9323
15.0973
14.0222
12.8206
11.5932
10.4468
9.40078
8.51166
7.81451
7.37525
7.18736
7.26803
7.59169
8.05746
8.59114
9.08155
9.45742
9.64459
9.64025
9.48858
9.2162
8.87061
8.49025
8.10387
7.77437
7.54148
7.4693
7.50846
7.60416
7.67353
7.669
7.61476
7.54982
7.55174
7.65971
7.92933
8.36717
8.94976
9.63075
10.342
11.0864
11.8732
12.7078
13.4702
13.852
13.6046
12.7656
11.7507
10.8728
10.2963
10.0083
9.97946
10.1601
10.513
10.9276
11.3466
11.6542
11.7676
11.5918
11.1238
10.4088
9.6169
8.96547
8.66311
8.79884
9.4119
10.3444
11.3622
12.2798
12.9632
13.3967
13.495
13.1295
12.2609
11.0819
9.86781
8.85032
8.12827
7.68532
7.43183
7.24482
7.06062
6.86498
6.67808
6.57664
6.6431
6.95532
7.52338
8.34184
9.38082
10.5931
11.8885
13.1986
14.4153
15.4275
16.1075
16.4103
16.3228
15.8753
15.1396
14.2307
13.2571
12.2898
11.4217
10.7336
10.253
10.005
9.98312
10.1748
10.5181
10.964
11.4519
11.8832
12.1707
12.221
12.0532
11.6713
11.2045
10.7629
10.3584
10.0119
9.62826
9.25575
8.89966
8.64224
8.51172
8.50104
8.5827
8.76062
9.00004
9.24277
9.50288
9.74812
9.95523
10.1326
10.2795
10.4046
10.5156
10.5687
10.5794
10.5429
10.4466
10.3006
10.1278
9.98564
9.9357
10.0083
10.257
10.6642
11.2262
11.8806
12.6564
13.5819
14.6629
15.8737
17.1477
18.3583
19.4074
20.2498
20.8516
21.2425
21.4285
21.3995
21.1408
20.705
20.1078
19.4297
18.698
17.9572
17.2166
16.5503
16.0398
15.7168
15.5964
15.6284
15.7306
15.8011
15.7504
15.504
15.0171
14.3247
13.5449
12.8428
12.3715
12.1774
12.234
12.4927
12.9011
13.3706
13.8267
14.1825
14.3163
14.1373
13.5951
12.729
11.6588
10.5484
9.53175
8.70846
8.1186
7.81108
7.75056
7.93136
8.33816
8.89803
9.53926
10.1739
10.7429
11.1894
11.5206
11.7621
12.057
12.4638
13.0052
13.5712
13.9721
13.9954
13.6035
12.9846
12.364
11.8448
11.5168
11.3354
11.2469
11.227
11.2602
11.3111
11.3904
11.4348
11.393
11.228
10.9405
10.5456
10.1394
9.81245
9.63343
9.64157
9.82988
10.1695
10.6409
11.2055
11.8093
12.372
12.8509
13.2352
13.5048
13.6251
13.5896
13.3901
13.0962
12.8286
12.5881
12.3819
12.1554
11.8571
11.4779
11.0944
10.768
10.5684
10.5287
10.6283
10.8226
10.995
11.1349
11.2301
11.3129
11.47
11.7527
12.2303
12.8926
13.7098
14.5709
15.412
16.0743
16.5009
16.6143
16.4539
16.0767
15.5735
14.9747
14.3518
13.8209
13.4148
13.1696
13.0746
13.0997
13.2003
13.4149
13.7556
14.1877
14.7074
15.2814
15.803
16.2249
16.4883
16.6084
16.6043
16.5442
16.4594
16.4153
16.3658
16.3667
16.3514
16.2083
15.8401
15.213
14.384
13.4605
12.5918
11.8252
11.2167
10.792
10.549
10.4521
10.4883
10.5726
10.6707
10.7453
10.7925
10.8233
10.8335
10.8319
10.7933
10.6454
10.2708
9.62425
8.75164
7.7965
6.89089
6.14024
5.60589
5.31706
5.30392
5.57163
6.14819
6.9783
7.99951
9.11374
10.2378
11.3132
12.2553
13.0168
13.559
13.8671
13.9827
13.8812
13.6377
13.3719
13.1723
13.201
13.4913
14.095
14.9416
15.895
16.7638
17.3077
17.4436
17.1794
16.5881
15.7363
14.7388
13.6652
12.5738
11.4867
10.4161
9.35772
8.3022
7.29342
6.37909
5.66092
5.2611
5.29885
5.8748
6.97615
8.53524
10.3936
12.332
14.1718
15.7852
17.0742
17.9267
18.2498
17.9956
17.2081
16.0506
14.7766
13.623
12.7562
12.3229
12.3038
12.5564
12.7979
12.7959
12.6169
12.4193
12.3251
12.3022
12.3163
12.3331
12.405
12.576
12.8876
13.3345
13.8415
14.396
14.9609
15.5726
16.2521
16.8266
17.032
16.6645
15.7384
14.4321
13.0889
11.9573
11.1186
10.4973
10.0126
9.54345
9.03165
8.45074
7.80184
7.18414
6.67147
6.36843
6.33554
6.66427
7.36337
8.4396
9.85641
11.5374
13.4162
15.3411
17.2096
18.8786
20.2468
21.2309
21.7438
21.7238
21.1178
20.0087
18.5124
16.8554
15.2616
13.8961
12.8724
12.3
12.1898
12.5413
13.326
14.4137
15.6821
16.8866
17.7851
18.2281
18.1478
17.6579
16.9293
16.1801
15.5419
15.0758
14.7961
14.6048
14.3835
14.0355
13.5559
13.0533
12.6804
12.513
12.5692
12.8008
13.1819
13.6978
14.3418
15.0767
15.8377
16.526
17.0377
17.3331
17.3897
17.2844
17.1194
16.9928
16.9479
17.0065
17.1126
17.2241
17.2577
17.1724
16.9585
16.6642
16.3418
16.041
15.7529
15.4226
15.055
14.6562
14.2421
13.8714
13.579
13.3936
13.336
13.3791
13.5017
13.6131
13.6632
13.5611
13.292
12.8877
12.3655
11.8356
11.3157
10.8293
10.3894
9.95212
9.51908
9.09733
8.74396
8.52718
8.50196
8.6772
9.05765
9.53688
10.0572
10.5078
10.8626
11.147
11.4591
11.8809
12.4051
12.8373
12.9162
12.6006
12.1803
11.9676
12.1226
12.6016
13.3149
14.1891
15.1058
15.9918
16.7303
17.2486
17.5061
17.5017
17.2975
16.959
16.5871
16.1751
15.7413
15.3125
14.8924
14.5422
14.2465
13.9129
13.4575
12.8275
12.1696
11.706
11.6064
11.813
12.1268
12.3086
12.2088
11.792
11.2336
10.7319
10.4249
10.3483
10.4939
10.7876
11.1527
11.4899
11.7489
11.897
11.9479
11.8679
11.7443
11.6412
11.6026
11.7011
11.9388
12.3254
12.7599
13.1775
13.4864
13.6646
13.7166
13.6855
13.6389
13.5572
13.4683
13.3881
13.2967
13.2033
13.1008
12.9471
12.747
12.4889
12.2078
11.9619
11.7653
11.6472
11.5624
11.461
11.2609
10.9287
10.4595
9.88877
9.34212
8.93113
8.78197
8.97049
9.44954
10.19
11.0271
11.8939
12.6703
13.3205
13.8074
14.1408
14.3711
14.5147
14.5772
14.5329
14.3081
13.8893
13.2661
12.4703
11.5979
10.6957
9.87074
9.17559
8.63637
8.2953
8.16522
8.25541
8.53823
8.98616
9.53335
10.0794
10.511
10.7396
10.8085
10.813
10.8845
11.1269
11.5818
12.2613
13.123
14.0803
15.0563
16
16.8445
17.4731
17.8604
17.9921
17.8989
17.617
17.1566
16.5237
15.7298
14.8922
14.1356
13.5463
13.1993
13.1114
13.2845
13.6611
14.1191
14.5703
14.8698
14.9706
14.8643
14.6307
14.3046
13.9903
13.6949
13.4328
13.195
12.9932
12.7892
12.5367
12.173
11.6811
11.0315
10.2466
9.3874
8.53249
7.75237
7.07746
6.54023
6.13746
5.8909
5.78517
5.80267
5.93884
6.18518
6.53453
6.92176
7.33856
7.75867
8.12025
8.41549
8.63363
8.81484
8.997
9.23206
9.61031
10.1547
10.8775
11.7662
12.7869
13.9727
15.2945
16.725
18.2763
19.8299
21.3469
22.792
24.1642
25.4322
26.5038
27.3217
27.8105
27.8381
27.2197
25.8371
23.7008
21.0956
18.4011
15.9157
13.8334
12.1825
11.0086
10.236
9.81919
9.66569
9.65538
9.69529
9.64348
9.46366
9.1463
8.75058
8.36413
8.06564
7.89125
7.91585
8.13935
8.58936
9.22516
9.99317
10.8003
11.5485
12.1221
12.4647
12.545
12.4579
12.2329
11.9339
11.5997
11.3105
11.0834
10.9884
11.069
11.3694
11.8705
12.532
13.2624
13.9657
14.5553
14.9897
15.2742
15.4394
15.5273
15.5598
15.5719
15.5209
15.3366
14.9547
14.3028
13.4103
12.3647
11.2342
10.1287
9.16622
8.4027
7.91221
7.72791
7.87438
8.35043
9.13047
10.1564
11.3029
12.4642
13.5608
14.557
15.38
16.0466
16.5742
16.8811
16.975
16.8117
16.457
15.9879
15.4772
14.9926
14.5565
14.2152
13.9239
13.6327
13.2805
12.8008
12.1141
11.2185
10.1754
9.12561
8.18396
7.45325
7.02218
6.96254
7.25045
7.86839
8.75396
9.83562
10.9883
12.0995
13.0583
13.8418
14.4498
14.98
15.5279
16.1391
16.7649
17.3385
17.8316
18.2186
18.5241
18.7026
18.7173
18.5461
18.1681
17.5965
16.8762
16.0745
15.2736
14.5614
13.9666
13.4432
12.9218
12.3649
11.7709
11.197
10.7066
10.2736
9.87979
9.44013
8.9868
8.5214
8.04782
7.62405
7.28554
7.14941
7.23793
7.58032
8.18337
8.97644
9.85004
10.7374
11.5735
12.2879
12.8531
13.2129
13.292
13.0507
12.4716
11.6083
10.558
9.47464
8.50277
7.75022
7.25033
6.94668
6.789
6.65885
6.4664
6.14741
5.67752
5.10118
4.53453
4.0756
3.83299
3.87746
4.22753
4.80047
5.4934
6.14385
6.675
7.06081
7.3694
7.6272
7.7868
7.78376
7.65704
7.47163
7.30098
7.1796
7.05975
6.9573
6.88529
6.86955
6.96351
7.11842
7.35203
7.66725
8.0923
8.62023
9.22143
9.84361
10.393
10.886
11.2899
11.5863
11.7971
11.971
12.1159
12.2785
12.4845
12.7773
13.1793
13.6902
14.3018
14.9684
15.6283
16.2083
16.554
16.5975
16.3317
15.8098
15.134
14.3908
13.633
12.8752
12.1327
11.4072
10.7206
10.1135
9.67203
9.44009
9.45833
9.71179
10.2176
10.8904
11.6512
12.3966
13.0813
13.583
13.8431
13.8308
13.5452
13.059
12.3954
11.6135
10.7901
10.0075
9.36958
8.91772
8.5693
8.29832
8.07025
7.80322
7.4938
7.11602
6.7185
6.32843
6.01954
5.85103
5.85343
6.06652
6.49207
7.10888
7.8999
8.8162
9.84487
10.9396
12.0632
13.1288
14.063
14.8081
15.3531
15.6532
15.7696
15.7209
15.5177
15.2897
15.1608
15.151
15.266
15.3971
15.4477
15.3083
14.902
14.27
13.4629
12.5565
11.6879
10.9607
10.4298
10.1386
10.0953
10.3105
10.7164
11.2933
11.955
12.6342
13.2809
13.8012
14.1204
14.2038
14.0238
13.6717
13.1974
12.6885
12.1724
11.7393
11.399
11.1979
11.1277
11.2402
11.5817
12.1848
13.0459
14.1611
15.4519
16.7841
17.9734
18.873
19.3991
19.5076
19.2228
18.6644
17.9261
17.078
16.2493
15.5382
15.0227
14.8183
14.9801
15.51
16.3204
17.2427
18.0482
18.5563
18.6468
18.3805
17.857
17.2084
16.5308
15.8936
15.3179
14.7789
14.2695
13.7645
13.2819
12.8424
12.4605
12.1926
12.0051
11.875
11.7268
11.5744
11.4191
11.3494
11.3627
11.4576
11.5492
11.6185
11.6143
11.5367
11.4545
11.4206
11.4694
11.6415
11.9369
12.3331
12.7646
13.1661
13.4176
13.4682
13.2858
12.8912
12.3132
11.6201
10.855
10.1179
9.45253
8.90364
8.4545
8.09354
7.79366
7.51422
7.27963
7.153
7.17182
7.32419
7.58658
7.93564
8.30365
8.66499
8.99692
9.28866
9.56728
9.89685
10.3251
10.8689
11.5009
12.1824
12.825
13.3581
13.6388
13.6739
13.4268
12.9524
12.3225
11.6801
11.1139
10.6384
10.2755
9.95051
9.6893
9.51319
9.50226
9.7504
10.3341
11.2704
12.5727
14.1566
15.9201
17.6874
19.2586
20.3922
20.9748
20.9893
20.5186
19.713
18.69
17.5769
16.5131
15.5494
14.7394
14.116
13.6931
13.4129
13.2347
13.1408
13.1152
13.1556
13.2572
13.3096
13.1279
12.6384
11.9174
11.1265
10.4307
9.90972
9.53226
9.26711
9.04068
8.79746
8.54956
8.28538
8.029
7.82093
7.70102
7.68828
7.82119
8.07495
8.50706
9.10285
9.8769
10.8163
11.812
12.7478
13.3902
13.5895
13.2228
12.367
11.1663
9.79158
8.36975
7.0184
5.82144
4.87335
4.24974
4.01444
4.19863
4.79134
5.63382
6.5696
7.4336
8.14397
8.66198
9.07422
9.52782
10.1461
10.948
11.9454
12.9934
13.9531
14.6332
14.9085
14.7408
14.166
13.253
12.1252
10.9092
9.74976
8.80423
8.22794
8.13012
8.55899
9.45476
10.6445
11.8775
12.9391
13.692
14.1517
14.3924
14.4924
14.5286
14.5505
14.6027
14.6856
14.8597
15.0871
15.3461
15.5072
15.5005
15.2641
14.9123
14.5619
14.3357
14.2526
14.2276
14.0679
13.5976
12.784
11.7311
10.6477
9.67754
8.87575
8.31486
8.04217
8.0897
8.50089
9.24812
10.2967
11.5893
13.0029
14.4264
15.6947
16.6482
17.0718
16.9015
16.203
15.1341
13.9591
12.8785
11.9886
11.3655
10.9548
10.7385
10.7144
10.8734
11.2419
11.8089
12.498
13.2171
13.8939
14.4402
14.8405
15.1175
15.296
15.4122
15.4268
15.2967
14.943
14.3538
13.56
12.6029
11.6021
10.6825
9.93675
9.45197
9.26264
9.40376
9.82095
10.429
11.0841
11.6422
11.9931
12.1112
12.0546
12.0367
12.2048
12.5388
12.884
13.0212
12.9964
13.0306
13.2639
13.6911
14.1395
14.3322
14.1226
13.596
12.9982
12.5462
12.3025
12.2483
12.3278
12.4857
12.6981
12.9364
13.1483
13.3642
13.5786
13.846
14.1844
14.619
15.1234
15.6654
16.117
16.3899
16.4321
16.1975
15.7088
14.9878
14.081
13.0105
11.8539
10.6155
9.37366
8.19563
7.2135
6.54657
6.28042
6.42736
6.90972
7.61558
8.38211
9.05996
9.51647
9.6013
9.25708
8.48817
7.47858
6.39331
5.4433
4.80595
4.52262
4.67507
5.2334
6.16267
7.39617
8.8615
10.4144
11.8934
13.128
13.9982
14.4232
14.4391
14.1027
13.5023
12.7417
11.9135
11.0946
10.3034
9.55543
8.88879
8.35357
8.04557
7.94214
8.05959
8.30557
8.63346
8.96915
9.26687
9.50024
9.59569
9.48084
9.15166
8.6029
7.98049
7.38845
6.95691
6.8148
7.00824
7.5866
8.5047
9.64316
10.8929
12.1194
13.2037
14.1114
14.881
15.5234
16.0947
16.5521
16.8538
17.0404
17.1314
17.1476
17.0668
16.899
16.6227
16.2731
15.8934
15.5563
15.3337
15.2953
15.4471
15.6772
15.8533
15.8118
15.4605
14.8626
14.1042
13.3486
12.6746
12.1242
11.6923
11.3625
11.1503
11.015
11.0226
11.1414
11.3896
11.707
11.9729
12.1072
12.0787
11.8682
11.552
11.1841
10.7857
10.4118
10.1016
9.89732
9.78562
9.7855
9.8897
10.0964
10.4002
10.7789
11.1737
11.4573
11.5474
11.3619
10.9615
10.4865
10.133
10.0135
10.1866
10.5931
11.1476
11.7241
12.2548
12.6772
