-1.59119
-1.59118
-1.59117
-1.59115
-1.59112
-1.59109
-1.59104
-1.59099
-1.59093
-1.59086
-1.59078
-1.5907
-1.5906
-1.5905
-1.59039
-1.59027
-1.59014
-1.59
-1.58985
-1.5897
-1.58953
-1.58936
-1.58917
-1.58898
-1.58878
-1.58856
-1.58834
-1.58811
-1.58786
-1.58761
-1.58735
-1.58707
-1.58679
-1.58649
-1.58618
-1.58586
-1.58553
-1.58519
-1.58484
-1.58443
-1.58405
-1.58366
-1.58326
-1.5828
-1.58237
-1.58189
-1.58144
-1.58093
-1.58045
-1.57991
-1.5794
-1.57876
-1.57814
-1.57747
-1.57686
-1.57616
-1.57552
-1.57479
-1.57408
-1.57342
-1.57272
-1.57199
-1.57125
-1.57049
-1.56968
-1.56884
-1.56795
-1.56712
-1.56623
-1.56536
-1.56451
-1.56356
-1.56259
-1.5616
-1.56055
-1.55948
-1.55835
-1.55728
-1.55614
-1.5551
-1.55388
-1.55268
-1.55153
-1.55032
-1.54905
-1.54779
-1.54647
-1.54521
-1.54388
-1.54256
-1.54122
-1.53985
-1.5385
-1.53701
-1.53553
-1.5341
-1.5326
-1.53105
-1.5295
-1.52793
-1.52633
-1.52471
-1.52306
-1.52135
-1.51965
-1.51796
-1.51621
-1.51443
-1.51255
-1.51064
-1.50864
-1.5068
-1.50486
-1.50289
-1.50098
-1.49901
-1.49701
-1.4951
-1.49317
-1.49115
-1.48902
-1.48699
-1.48498
-1.48283
-1.48074
-1.4786
-1.4764
-1.47411
-1.47191
-1.46967
-1.46737
-1.46513
-1.46281
-1.46055
-1.45824
-1.45596
-1.45364
-1.45143
-1.44913
-1.44683
-1.44456
-1.44226
-1.43995
-1.43776
-1.43546
-1.43313
-1.4308
-1.42855
-1.4262
-1.42382
-1.42157
-1.41936
-1.41713
-1.41496
-1.41284
-1.41066
-1.40857
-1.40644
-1.40432
-1.40224
-1.40013
-1.3981
-1.39605
-1.39407
-1.39212
-1.39017
-1.38825
-1.38648
-1.38467
-1.38293
-1.38119
-1.37949
-1.37784
-1.37611
-1.3745
-1.37297
-1.37148
-1.37011
-1.36879
-1.3674
-1.36613
-1.36479
-1.36361
-1.36245
-1.36133
-1.36026
-1.35927
-1.35837
-1.35748
-1.35664
-1.35581
-1.35507
-1.35429
-1.3536
-1.35296
-1.35241
-1.35186
-1.35136
-1.3509
-1.35049
-1.35017
-1.34988
-1.3496
-1.34933
-1.34913
-1.34902
-1.34887
-1.34879
-1.34872
-1.34872
-1.3488
-1.34884
-1.34895
-1.34909
-1.34931
-1.34959
-1.34983
-1.3501
-1.35039
-1.35064
-1.35096
-1.35149
-1.35185
-1.35227
-1.35268
-1.35315
-1.35364
-1.35411
-1.35463
-1.35517
-1.35577
-1.35638
-1.35696
-1.35752
-1.35809
-1.35871
-1.35938
-1.35998
-1.36062
-1.36127
-1.36189
-1.36255
-1.36318
-1.36381
-1.36444
-1.36511
-1.36585
-1.36649
-1.36715
-1.36786
-1.36852
-1.36918
-1.36976
-1.37038
-1.37102
-1.37159
-1.37222
-1.37281
-1.37342
-1.37407
-1.37467
-1.37526
-1.37584
-1.37641
-1.37697
-1.37748
-1.37801
-1.37861
-1.37905
-1.37955
-1.38003
-1.38047
-1.38089
-1.3813
-1.38177
-1.38215
-1.38259
-1.38294
-1.38332
-1.38371
-1.38398
-1.38431
-1.38459
-1.38493
-1.38525
-1.38552
-1.38586
-1.38613
-1.3864
-1.38665
-1.38688
-1.38706
-1.38731
-1.3875
-1.38764
-1.3878
-1.38791
-1.388
-1.38801
-1.38797
-1.38806
-1.3881
-1.38817
-1.38815
-1.38815
-1.38814
-1.38812
-1.38812
-1.38812
-1.38806
-1.38788
-1.38788
-1.38786
-1.38773
-1.38769
-1.3875
-1.38737
-1.38723
-1.38712
-1.38693
-1.38676
-1.38663
-1.38637
-1.38618
-1.38595
-1.38575
-1.38551
-1.38526
-1.38504
-1.38485
-1.38462
-1.38439
-1.38411
-1.38379
-1.38355
-1.3833
-1.38301
-1.38276
-1.3825
-1.38224
-1.38198
-1.38172
-1.38142
-1.38112
-1.38082
-1.3806
-1.38037
-1.38011
-1.37989
-1.37955
-1.3793
-1.37908
-1.37879
-1.37854
-1.37829
-1.37808
-1.37784
-1.3776
-1.37755
-1.37728
-1.37705
-1.37678
-1.3766
-1.37638
-1.37617
-1.37596
-1.37575
-1.37555
-1.37535
-1.37516
-1.37493
-1.37474
-1.37456
-1.37435
-1.37425
-1.37404
-1.37392
-1.37379
-1.37364
-1.37345
-1.3733
-1.37315
-1.37301
-1.37283
-1.37277
-1.37257
-1.37247
-1.37242
-1.37238
-1.37226
-1.37214
-1.37203
-1.37196
-1.37185
-1.37174
-1.3716
-1.37143
-1.37137
-1.37139
-1.37134
-1.37121
-1.37113
-1.37112
-1.37112
-1.37105
-1.37094
-1.37084
-1.37074
-1.37068
-1.37059
-1.37055
-1.37051
-1.37051
-1.37048
-1.37046
-1.37049
-1.37056
-1.37056
-1.37061
-1.37059
-1.37066
-1.37066
-1.37071
-1.37073
-1.37084
-1.37092
-1.3711
-1.37124
-1.3714
-1.37157
-1.37172
-1.37184
-1.37206
-1.37225
-1.37245
-1.37271
-1.37298
-1.3732
-1.37346
-1.37378
-1.37407
-1.37438
-1.37471
-1.37505
-1.37544
-1.37581
-1.37616
-1.37648
-1.37685
-1.37724
-1.37763
-1.37804
-1.37858
-1.37905
-1.3795
-1.37999
-1.38049
-1.38104
-1.38152
-1.38201
-1.38258
-1.38312
-1.38359
-1.38414
-1.3847
-1.38526
-1.38582
-1.38642
-1.38699
-1.38749
-1.38806
-1.38867
-1.38925
-1.38982
-1.39043
-1.391
-1.39154
-1.39211
-1.39268
-1.3932
-1.39373
-1.39429
-1.39488
-1.39551
-1.39603
-1.39653
-1.39708
-1.39765
-1.39823
-1.39876
-1.39925
-1.39973
-1.40021
-1.40076
-1.40131
-1.40181
-1.40239
-1.40288
-1.40337
-1.4039
-1.40434
-1.40485
-1.40529
-1.40579
-1.40622
-1.40664
-1.40698
-1.40743
-1.40777
-1.40825
-1.40868
-1.40912
-1.40955
-1.40997
-1.41039
-1.41088
-1.41129
-1.41166
-1.4121
-1.41254
-1.41294
-1.41333
-1.41371
-1.41409
-1.41447
-1.41488
-1.41528
-1.41569
-1.41608
-1.41643
-1.41675
-1.41713
-1.41743
-1.41772
-1.41805
-1.41834
-1.41873
-1.41905
-1.41943
-1.41973
-1.42003
-1.42032
-1.42061
-1.42089
-1.42117
-1.42147
-1.42174
-1.422
-1.42225
-1.42257
-1.42281
-1.42305
-1.42328
-1.42346
-1.42368
-1.42389
-1.42406
-1.42422
-1.42446
-1.42464
-1.42475
-1.42493
-1.42514
-1.42545
-1.42561
-1.42573
-1.42588
-1.42598
-1.42612
-1.42629
-1.42641
-1.42649
-1.42664
-1.42679
-1.42689
-1.42695
-1.42704
-1.42717
-1.42725
-1.42728
-1.42735
-1.42742
-1.42744
-1.42745
-1.42757
-1.42762
-1.42761
-1.42765
-1.42767
-1.42765
-1.42767
-1.42772
-1.42772
-1.42784
-1.42783
-1.42789
-1.42788
-1.42778
-1.42783
-1.42776
-1.42768
-1.4276
-1.42759
-1.42758
-1.42759
-1.42757
-1.42742
-1.42723
-1.42719
-1.42711
-1.42702
-1.42696
-1.42685
-1.42679
-1.42679
-1.42663
-1.42658
-1.42649
-1.4264
-1.42626
-1.42615
-1.426
-1.42584
-1.42572
-1.42556
-1.42535
-1.42517
-1.42499
-1.42473
-1.42454
-1.42431
-1.42414
-1.42398
-1.42373
-1.42352
-1.4233
-1.42312
-1.42289
-1.4227
-1.42246
-1.42223
-1.42206
-1.42174
-1.42149
-1.42121
-1.42095
-1.4207
-1.4204
-1.42014
-1.41992
-1.41965
-1.41939
-1.41908
-1.41882
-1.41851
-1.4182
-1.41797
-1.41763
-1.41739
-1.41713
-1.4169
-1.41659
-1.41636
-1.41606
-1.41583
-1.41557
-1.41535
-1.41513
-1.41495
-1.41466
-1.41441
-1.41417
-1.41392
-1.41364
-1.41333
-1.41314
-1.41287
-1.41265
-1.41239
-1.41213
-1.41192
-1.41175
-1.41158
-1.41142
-1.41126
-1.41103
-1.41084
-1.41066
-1.41052
-1.41038
-1.41021
-1.41004
-1.40988
-1.40975
-1.4096
-1.40945
-1.4093
-1.40915
-1.40901
-1.40886
-1.40873
-1.40863
-1.40849
-1.40836
-1.40823
-1.40807
-1.40786
-1.4077
-1.40758
-1.40745
-1.40733
-1.4072
-1.40708
-1.40696
-1.40683
-1.40667
-1.40662
-1.40642
-1.40629
-1.40616
-1.40603
-1.40594
-1.40577
-1.40563
-1.40553
-1.40532
-1.40518
-1.40499
-1.40485
-1.40477
-1.40462
-1.40443
-1.40427
-1.40408
-1.40391
-1.40378
-1.40362
-1.40345
-1.40327
-1.40313
-1.40295
-1.40277
-1.40259
-1.4024
-1.40222
-1.40202
-1.40183
-1.40171
-1.40144
-1.40124
-1.40108
-1.40088
-1.40071
-1.40043
-1.40023
-1.39999
-1.39978
-1.39957
-1.39936
-1.39908
-1.3988
-1.39851
-1.3983
-1.39813
-1.39793
-1.39772
-1.39744
-1.39723
-1.39699
-1.39679
-1.39659
-1.39635
-1.39611
-1.39595
-1.39576
-1.39557
-1.39534
-1.39519
-1.39505
-1.39487
-1.39465
-1.39448
-1.39431
-1.39406
-1.3939
-1.39385
-1.3937
-1.39347
-1.39332
-1.39321
-1.39311
-1.39294
-1.39277
-1.39265
-1.39249
-1.39241
-1.3923
-1.3922
-1.39206
-1.39189
-1.39184
-1.39172
-1.39164
-1.39153
-1.39154
-1.39148
-1.39143
-1.39149
-1.39149
-1.39145
-1.39135
-1.39136
-1.39138
-1.39141
-1.39137
-1.39137
-1.39141
-1.39147
-1.39141
-1.39144
-1.39143
-1.39147
-1.39151
-1.39149
-1.3915
-1.3916
-1.39175
-1.39186
-1.39193
-1.39206
-1.39214
-1.3922
-1.3923
-1.39233
-1.3924
-1.39247
-1.39259
-1.39271
-1.39284
-1.39301
-1.39311
-1.39324
-1.39339
-1.39349
-1.39368
-1.39387
-1.39403
-1.39426
-1.39446
-1.39458
-1.39479
-1.39496
-1.39516
-1.39537
-1.39555
-1.39568
-1.39582
-1.39604
-1.39625
-1.3964
-1.39654
-1.39672
-1.39682
-1.397
-1.39715
-1.39729
-1.39743
-1.39765
-1.39783
-1.39789
-1.39807
-1.39824
-1.39838
-1.39848
-1.39865
-1.39882
-1.39894
-1.39911
-1.39931
-1.3995
-1.39962
-1.39981
-1.39996
-1.40007
-1.40025
-1.40047
-1.40068
-1.40081
-1.40097
-1.4011
-1.40118
-1.40129
-1.40144
-1.40155
-1.40165
-1.4017
-1.40183
-1.40188
-1.40199
-1.40218
-1.40225
-1.40239
-1.40248
-1.40261
-1.40265
-1.40269
-1.40273
-1.40279
-1.40289
-1.40297
-1.40294
-1.40291
-1.40287
-1.40285
-1.40284
-1.40281
-1.40282
-1.4027
-1.40266
-1.40261
-1.40259
-1.4026
-1.40253
-1.40242
-1.40233
-1.40228
-1.40219
-1.40209
-1.40198
-1.4019
-1.40186
-1.4017
-1.4016
-1.40151
-1.40137
-1.40122
-1.40107
-1.40091
-1.40079
-1.40067
-1.4005
-1.40036
-1.40019
-1.40001
-1.39987
-1.39968
-1.39953
-1.39935
-1.39908
-1.39889
-1.3987
-1.39846
-1.39827
-1.39808
-1.39792
-1.39776
-1.39749
-1.39726
-1.39711
-1.39692
-1.39669
-1.39654
-1.39629
-1.3961
-1.39589
-1.39575
-1.39562
-1.39541
-1.39525
-1.39513
-1.39501
-1.39486
-1.39471
-1.39465
-1.39451
-1.39434
-1.39425
-1.39413
-1.39398
-1.39379
-1.39376
-1.39358
-1.39349
-1.3934
-1.39331
-1.3932
-1.39312
-1.39309
-1.39303
-1.39297
-1.39284
-1.39279
-1.39267
-1.39267
-1.39264
-1.39261
-1.39262
-1.3926
-1.39254
-1.39253
-1.39256
-1.39251
-1.39246
-1.39242
-1.39237
-1.39226
-1.39229
-1.39222
-1.3921
-1.39201
-1.39189
-1.39172
-1.39146
-1.39126
-1.39104
-1.39084
-1.39062
-1.39039
-1.39011
-1.3898
-1.38945
-1.38915
-1.38884
-1.38848
-1.38813
-1.3877
-1.38729
-1.38683
-1.38646
-1.38608
-1.38554
-1.38513
-1.38464
-1.38409
-1.38353
-1.38299
-1.3824
-1.38188
-1.3813
-1.38072
-1.38012
-1.37951
-1.37896
-1.37833
-1.37776
-1.37714
-1.37644
-1.37572
-1.37507
-1.37441
-1.37371
-1.37295
-1.37226
-1.37161
-1.3709
-1.37019
-1.36935
-1.36855
-1.36781
-1.36703
-1.36624
-1.36544
-1.36456
-1.36376
-1.36294
-1.36209
-1.36123
-1.36029
-1.35954
-1.35878
-1.35795
-1.35715
-1.35631
-1.35555
-1.35467
-1.3538
-1.35293
-1.35213
-1.3513
-1.35048
-1.34966
-1.34877
-1.348
-1.3472
-1.34633
-1.34551
-1.34474
-1.34395
-1.3432
-1.34243
-1.34172
-1.34098
-1.3403
-1.33968
-1.33904
-1.33842
-1.33782
-1.33717
-1.33654
-1.33606
-1.3356
-1.33512
-1.33472
-1.33431
-1.33396
-1.33361
-1.33317
-1.33292
-1.3327
-1.33236
-1.3322
-1.33204
-1.33191
-1.33178
-1.33176
-1.33173
-1.33165
-1.33165
-1.33172
-1.33174
-1.33183
-1.33195
-1.33218
-1.33243
-1.33263
-1.33294
-1.33323
-1.33354
-1.33396
-1.33428
-1.33455
-1.33491
-1.33532
-1.33579
-1.3362
-1.33674
-1.33721
-1.33777
-1.33823
-1.33869
-1.33924
-1.33983
-1.34043
-1.34099
-1.34144
-1.34189
-1.34238
-1.34283
-1.34331
-1.34379
-1.34435
-1.34486
-1.34548
-1.34601
-1.3465
-1.34687
-1.34734
-1.34776
-1.34825
-1.34865
-1.34912
-1.34953
-1.34993
-1.35032
-1.35077
-1.35113
-1.3514
-1.35169
-1.35205
-1.35231
-1.35259
-1.3529
-1.35307
-1.35331
-1.35357
-1.35369
-1.35399
-1.35409
-1.35428
-1.35445
-1.35453
-1.35456
-1.3546
-1.35471
-1.35457
-1.35465
-1.3547
-1.35467
-1.35465
-1.35463
-1.35462
-1.35448
-1.35433
-1.3542
-1.35414
-1.35405
-1.35399
-1.35388
-1.35372
-1.35355
-1.35325
-1.35297
-1.35276
-1.35249
-1.35222
-1.35201
-1.35182
-1.35159
-1.35134
-1.35116
-1.35086
-1.35051
-1.35016
-1.34986
-1.3496
-1.34918
-1.34883
-1.34851
-1.3481
-1.34773
-1.34735
-1.34689
-1.34646
-1.34606
-1.34566
-1.34522
-1.34477
-1.34439
-1.34397
-1.34352
-1.34305
-1.34259
-1.34216
-1.34169
-1.34118
-1.34078
-1.34035
-1.33987
-1.33951
-1.33907
-1.3386
-1.33816
-1.33765
-1.33725
-1.33681
-1.33642
-1.33606
-1.33567
-1.33528
-1.33489
-1.33454
-1.33416
-1.33374
-1.33329
-1.33288
-1.33248
-1.33208
-1.33168
-1.33129
-1.33094
-1.33055
-1.33014
-1.3298
-1.32947
-1.32915
-1.32879
-1.32833
-1.32791
-1.32758
-1.32728
-1.327
-1.32668
-1.32637
-1.32611
-1.32585
-1.3256
-1.3252
-1.32489
-1.32466
-1.32436
-1.32419
-1.32391
-1.32375
-1.32348
-1.32326
-1.32297
-1.32276
-1.32268
-1.32249
-1.32227
-1.32209
-1.32188
-1.3218
-1.32161
-1.32154
-1.32148
-1.32134
-1.32126
-1.3211
-1.32099
-1.32089
-1.3208
-1.32074
-1.32058
-1.32055
-1.32051
-1.32041
-1.32035
-1.3203
-1.32025
-1.32021
-1.32014
-1.32003
-1.32
-1.31998
-1.31984
-1.31983
-1.31985
-1.31981
-1.31977
-1.31988
-1.3198
-1.3198
-1.31973
-1.3197
-1.31971
-1.31975
-1.3198
-1.31981
-1.31985
-1.31986
-1.31984
-1.31977
-1.31981
-1.31978
-1.31975
-1.31972
-1.31972
-1.31976
-1.31972
-1.31971
-1.31967
-1.31977
-1.31984
-1.31982
-1.31981
-1.31971
-1.31969
-1.31963
-1.31952
-1.3195
-1.31954
-1.31943
-1.3194
-1.31936
-1.31921
-1.31929
-1.31932
-1.31928
-1.3192
-1.31913
-1.31913
-1.31912
-1.31912
-1.31909
-1.31913
-1.31917
-1.31918
-1.31915
-1.31906
-1.31904
-1.31902
-1.31901
-1.31901
-1.31901
-1.31905
-1.31902
-1.31908
-1.31907
-1.31913
-1.31921
-1.31937
-1.31946
-1.31953
-1.31956
-1.31968
-1.3198
-1.31986
-1.32004
-1.32019
-1.32035
-1.32056
-1.3207
-1.32085
-1.32094
-1.32103
-1.32121
-1.32143
-1.32159
-1.32183
-1.32205
-1.32227
-1.32257
-1.32281
-1.3231
-1.32339
-1.32373
-1.32403
-1.32442
-1.32475
-1.32496
-1.32526
-1.32556
-1.32587
-1.32618
-1.32647
-1.32675
-1.32712
-1.32749
-1.32786
-1.32817
-1.32851
-1.32878
-1.32913
-1.32941
-1.32984
-1.33023
-1.33056
-1.33099
-1.33143
-1.33182
-1.33222
-1.33243
-1.33287
-1.33316
-1.33348
-1.33388
-1.33423
-1.33459
-1.33498
-1.33534
-1.33569
-1.33604
-1.33646
-1.3368
-1.33714
-1.33755
-1.33781
-1.33802
-1.33827
-1.33851
-1.33879
-1.33903
-1.33937
-1.33967
-1.33993
-1.34014
-1.3405
-1.34078
-1.34105
-1.3414
-1.34166
-1.34191
-1.34216
-1.34243
-1.3427
-1.34296
-1.34326
-1.34354
-1.34378
-1.34401
-1.34416
-1.34426
-1.34443
-1.34459
-1.3447
-1.34481
-1.34494
-1.3451
-1.34525
-1.34532
-1.34545
-1.34554
-1.34572
-1.34579
-1.34581
-1.34578
-1.34585
-1.34584
-1.34593
-1.34593
-1.34581
-1.3458
-1.34581
-1.34585
-1.34588
-1.3459
-1.34583
-1.34576
-1.34563
-1.34554
-1.34551
-1.34548
-1.34543
-1.34531
-1.34517
-1.34491
-1.34472
-1.3446
-1.34444
-1.34423
-1.34401
-1.34383
-1.34364
-1.34341
-1.34318
-1.34294
-1.34281
-1.34263
-1.34242
-1.34225
-1.34207
-1.34185
-1.34159
-1.34126
-1.34108
-1.34085
-1.34067
-1.34041
-1.34023
-1.3399
-1.33965
-1.33944
-1.33919
-1.33902
-1.33877
-1.33857
-1.33833
-1.33809
-1.3379
-1.33767
-1.33744
-1.33721
-1.33703
-1.33685
-1.33667
-1.3365
-1.33632
-1.3363
-1.33614
-1.33593
-1.33577
-1.33553
-1.3353
-1.33514
-1.33487
-1.33472
-1.33456
-1.33445
-1.33433
-1.33417
-1.33394
-1.33386
-1.33367
-1.33348
-1.33335
-1.33312
-1.33296
-1.33275
-1.33262
-1.33245
-1.33221
-1.33199
-1.33189
-1.33174
-1.33155
-1.33136
-1.33117
-1.33097
-1.33068
-1.33047
-1.3303
-1.33004
-1.32989
-1.32958
-1.32938
-1.32914
-1.32889
-1.3286
-1.32834
-1.32811
-1.32784
-1.3276
-1.3274
-1.32711
-1.32681
-1.32648
-1.32614
-1.32586
-1.32551
-1.32512
-1.32487
-1.32458
-1.32425
-1.32388
-1.32359
-1.32329
-1.32283
-1.32253
-1.32223
-1.32193
-1.32162
-1.32128
-1.32095
-1.32061
-1.32035
-1.31999
-1.31963
-1.31934
-1.31907
-1.31884
-1.31854
-1.31828
-1.318
-1.31768
-1.31738
-1.31712
-1.31695
-1.31668
-1.31654
-1.31625
-1.31598
-1.31584
-1.31578
-1.31566
-1.31556
-1.31539
-1.31535
-1.31529
-1.31521
-1.31514
-1.31505
-1.31504
-1.3149
-1.31489
-1.31481
-1.31483
-1.31482
-1.31482
-1.31483
-1.31489
-1.315
-1.31509
-1.31522
-1.31532
-1.31547
-1.31563
-1.3158
-1.31593
-1.31607
-1.31622
-1.31633
-1.31637
-1.31649
-1.31669
-1.31689
-1.3171
-1.3173
-1.31751
-1.31768
-1.31788
-1.31797
-1.31806
-1.31815
-1.31839
-1.31855
-1.31871
-1.31886
-1.31909
-1.31923
-1.31934
-1.31956
-1.31973
-1.31994
-1.32008
-1.32024
-1.32048
-1.32056
-1.32071
-1.32083
-1.32101
-1.32112
-1.32119
-1.32125
-1.32131
-1.32145
-1.3215
-1.32152
-1.32169
-1.32181
-1.32186
-1.32195
-1.32199
-1.32215
-1.32223
-1.32227
-1.32232
-1.32247
-1.32255
-1.32259
-1.32267
-1.32263
-1.3227
-1.32282
-1.32274
-1.32289
-1.32303
-1.32307
-1.32314
-1.32328
-1.32342
-1.32349
-1.32359
-1.32373
-1.32379
-1.32377
-1.32379
-1.32384
-1.32393
-1.32394
-1.32398
-1.32406
-1.32402
-1.32397
-1.32396
-1.32406
-1.32416
-1.32421
-1.32422
-1.32422
-1.32422
-1.32417
-1.32412
-1.32414
-1.3242
-1.32409
-1.32402
-1.32397
-1.32396
-1.32387
-1.32381
-1.32378
-1.32371
-1.32375
-1.32366
-1.32349
-1.32336
-1.32314
-1.32303
-1.32281
-1.32276
-1.32256
-1.32239
-1.32229
-1.32211
-1.322
-1.32185
-1.32165
-1.32145
-1.32125
-1.32111
-1.32097
-1.32079
-1.32061
-1.32042
-1.32026
-1.31991
-1.31967
-1.31943
-1.31919
-1.31898
-1.31876
-1.31855
-1.31844
-1.31826
-1.318
-1.31774
-1.31752
-1.31733
-1.31714
-1.31695
-1.31676
-1.31649
-1.31615
-1.31588
-1.31569
-1.31543
-1.31524
-1.31505
-1.31494
-1.31472
-1.31446
-1.31425
-1.31403
-1.31386
-1.31365
-1.31348
-1.31324
-1.31297
-1.31273
-1.31254
-1.31239
-1.31225
-1.31207
-1.31183
-1.3117
-1.31157
-1.31138
-1.31126
-1.31115
-1.31105
-1.31088
-1.31082
-1.31062
-1.31054
-1.31031
-1.31012
-1.3099
-1.30973
-1.30956
-1.3095
-1.30942
-1.30937
-1.30926
-1.30911
-1.30915
-1.30909
-1.30903
-1.30893
-1.30891
-1.30893
-1.30888
-1.30887
-1.30882
-1.30882
-1.30885
-1.30885
-1.30877
-1.30862
-1.30858
-1.30858
-1.30858
-1.30855
-1.30855
-1.30848
-1.30852
-1.30853
-1.3085
-1.30846
-1.3084
-1.30837
-1.30834
-1.30827
-1.30821
-1.3081
-1.30804
-1.30798
-1.30799
-1.30797
-1.30795
-1.30794
-1.308
-1.30791
-1.30798
-1.30805
-1.308
-1.30793
-1.30793
-1.30794
-1.30791
-1.30792
-1.30794
-1.30797
-1.30803
-1.30802
-1.30806
-1.30814
-1.30814
-1.30819
-1.30821
-1.30823
-1.30829
-1.3084
-1.30847
-1.30855
-1.30863
-1.30876
-1.30881
-1.30899
-1.30913
-1.3092
-1.30935
-1.3095
-1.30962
-1.30975
-1.30984
-1.30998
-1.31012
-1.31027
-1.31042
-1.31057
-1.31073
-1.31086
-1.31111
-1.31128
-1.3115
-1.31165
-1.31188
-1.31211
-1.31239
-1.31263
-1.3128
-1.31298
-1.31327
-1.3135
-1.31365
-1.31384
-1.31404
-1.31432
-1.3146
-1.31489
-1.31518
-1.31551
-1.31573
-1.31602
-1.31625
-1.31651
-1.31677
-1.317
-1.3173
-1.31761
-1.31787
-1.31803
-1.31833
-1.31863
-1.31889
-1.31904
-1.31929
-1.31955
-1.31987
-1.32005
-1.32033
-1.32053
-1.3208
-1.32099
-1.32121
-1.32151
-1.3218
-1.32196
-1.32213
-1.32236
-1.3225
-1.32272
-1.32285
-1.32309
-1.32328
-1.32339
-1.32357
-1.32366
-1.32378
-1.32389
-1.32392
-1.32405
-1.3241
-1.32414
-1.32424
-1.32437
-1.32441
-1.32441
-1.32447
-1.32448
-1.32449
-1.32452
-1.3245
-1.3245
-1.32442
-1.32436
-1.32433
-1.32418
-1.32409
-1.32398
-1.32382
-1.32377
-1.32347
-1.32331
-1.3231
-1.32292
-1.32272
-1.32258
-1.32235
-1.32215
-1.32189
-1.32166
-1.32138
-1.32107
-1.32078
-1.32034
-1.31996
-1.31951
-1.31904
-1.31855
-1.31802
-1.31748
-1.31691
-1.31639
-1.31577
-1.31514
-1.3144
-1.31372
-1.31305
-1.31237
-1.31166
-1.31094
-1.31012
-1.30936
-1.30855
-1.30772
-1.30681
-1.30591
-1.30512
-1.30413
-1.30324
-1.30235
-1.3014
-1.30046
-1.29954
-1.29866
-1.29774
-1.29674
-1.29582
-1.29489
-1.2939
-1.29298
-1.29211
-1.2912
-1.29046
-1.28953
-1.28865
-1.28786
-1.28704
-1.28628
-1.28545
-1.2846
-1.28377
-1.28299
-1.28212
-1.28127
-1.28051
-1.27982
-1.27907
-1.27845
-1.2779
-1.27741
-1.27683
-1.27623
-1.27566
-1.27515
-1.27471
-1.27425
-1.27386
-1.27349
-1.27319
-1.27287
-1.27254
-1.2722
-1.27184
-1.27159
-1.27136
-1.27115
-1.27093
-1.27077
-1.27063
-1.27051
-1.27053
-1.27046
-1.27041
-1.27034
-1.27028
-1.27021
-1.27035
-1.27039
-1.27049
-1.27056
-1.27068
-1.27086
-1.27098
-1.27111
-1.27133
-1.27145
-1.27165
-1.27186
-1.27209
-1.27224
-1.27241
-1.27258
-1.27276
-1.27299
-1.27322
-1.27345
-1.27373
-1.27394
-1.27419
-1.27436
-1.27457
-1.27482
-1.27504
-1.27525
-1.27547
-1.27572
-1.27597
-1.27617
-1.27642
-1.27666
-1.27693
-1.27716
-1.27739
-1.27757
-1.27778
-1.27803
-1.27823
-1.27835
-1.2785
-1.27871
-1.27881
-1.2789
-1.27905
-1.27919
-1.27929
-1.27942
-1.27949
-1.27968
-1.27985
-1.27993
-1.28001
-1.28004
-1.28013
-1.28014
-1.28007
-1.27994
-1.27996
-1.28001
-1.27993
-1.27996
-1.27998
-1.27988
-1.27988
-1.27995
-1.2799
-1.27984
-1.27981
-1.27981
-1.27969
-1.27964
-1.27955
-1.27945
-1.27931
-1.2792
-1.27909
-1.27901
-1.27885
-1.27861
-1.27844
-1.27831
-1.27818
-1.27793
-1.27776
-1.27762
-1.27744
-1.2773
-1.27704
-1.27686
-1.27672
-1.27661
-1.27639
-1.27625
-1.27611
-1.27597
-1.27579
-1.27566
-1.27548
-1.27527
-1.27514
-1.27501
-1.27484
-1.27468
-1.2746
-1.27455
-1.27444
-1.27428
-1.27425
-1.27407
-1.274
-1.27394
-1.27385
-1.27379
-1.27375
-1.27367
-1.27359
-1.27356
-1.2735
-1.27352
-1.2735
-1.27346
-1.27339
-1.27332
-1.2733
-1.27325
-1.27321
-1.27322
-1.27327
-1.2733
-1.2733
-1.27335
-1.27341
-1.2734
-1.27356
-1.27369
-1.2738
-1.27392
-1.27402
-1.27409
-1.27425
-1.27446
-1.27464
-1.2748
-1.27509
-1.27528
-1.27544
-1.27561
-1.27591
-1.27622
-1.27658
-1.27676
-1.27703
-1.27731
-1.27763
-1.27796
-1.27826
-1.27857
-1.27892
-1.27924
-1.27957
-1.27997
-1.28033
-1.2807
-1.28107
-1.28136
-1.28173
-1.28206
-1.28253
-1.28285
-1.28317
-1.28348
-1.28381
-1.28411
-1.28443
-1.28471
-1.28497
-1.28519
-1.28547
-1.28578
-1.28603
-1.28628
-1.28662
-1.28694
-1.28718
-1.28736
-1.28745
-1.28767
-1.28795
-1.28807
-1.2882
-1.28832
-1.2883
-1.28837
-1.28839
-1.28847
-1.28845
-1.2884
-1.28834
-1.28815
-1.28801
-1.28785
-1.28778
-1.28762
-1.28744
-1.28716
-1.28693
-1.28673
-1.2865
-1.28618
-1.28584
-1.28552
-1.28514
-1.28479
-1.28445
-1.28406
-1.28381
-1.28338
-1.28291
-1.28246
-1.28192
-1.28137
-1.28088
-1.28038
-1.27984
-1.27929
-1.27877
-1.27824
-1.27775
-1.27718
-1.27665
-1.27611
-1.27562
-1.27512
-1.2746
-1.27408
-1.27357
-1.27306
-1.27257
-1.27202
-1.27159
-1.27118
-1.27078
-1.27048
-1.27009
-1.26972
-1.26933
-1.269
-1.26866
-1.26838
-1.2681
-1.2678
-1.26749
-1.26736
-1.26719
-1.26716
-1.26708
-1.267
-1.26699
-1.26696
-1.2669
-1.26693
-1.26704
-1.26713
-1.26729
-1.26748
-1.2677
-1.2679
-1.26809
-1.26834
-1.26865
-1.26898
-1.2694
-1.26981
-1.27019
-1.27059
-1.27101
-1.27139
-1.27183
-1.27232
-1.27285
-1.27327
-1.2737
-1.27413
-1.27472
-1.27523
-1.27567
-1.27622
-1.27673
-1.27716
-1.27762
-1.27808
-1.27853
-1.27894
-1.27938
-1.27981
-1.28027
-1.28071
-1.28104
-1.2815
-1.28184
-1.28214
-1.28245
-1.2828
-1.28305
-1.28337
-1.28365
-1.28394
-1.28419
-1.2845
-1.28465
-1.28487
-1.28515
-1.28535
-1.28561
-1.28587
-1.28604
-1.28624
-1.28643
-1.28666
-1.28688
-1.2871
-1.28731
-1.28744
-1.28761
-1.2877
-1.28787
-1.28795
-1.28808
-1.28821
-1.28837
-1.28853
-1.28874
-1.28898
-1.28911
-1.28928
-1.28945
-1.28963
-1.2898
-1.29002
-1.29016
-1.29035
-1.29057
-1.29068
-1.29091
-1.29106
-1.29121
-1.29141
-1.29164
-1.29183
-1.29194
-1.29213
-1.29225
-1.2924
-1.29258
-1.2928
-1.2929
-1.29308
-1.29329
-1.29349
-1.29361
-1.29377
-1.29388
-1.29403
-1.2942
-1.29433
-1.2945
-1.29454
-1.29461
-1.29475
-1.29485
-1.2949
-1.29494
-1.29505
-1.29507
-1.29517
-1.29525
-1.29529
-1.29529
-1.29535
-1.29537
-1.29541
-1.29545
-1.29549
-1.29548
-1.29546
-1.29551
-1.29537
-1.2953
-1.29526
-1.29525
-1.29521
-1.29516
-1.29514
-1.29509
-1.29495
-1.29489
-1.29483
-1.29477
-1.29471
-1.29469
-1.29459
-1.29446
-1.2944
-1.29431
-1.29434
-1.29425
-1.29421
-1.2941
-1.29414
-1.29415
-1.29423
-1.29425
-1.29424
-1.29427
-1.29427
-1.29419
-1.2942
-1.29421
-1.29416
-1.29414
-1.29406
-1.29413
-1.29413
-1.2941
-1.29415
-1.29413
-1.29418
-1.29413
-1.29427
-1.2943
-1.29433
-1.2944
-1.29447
-1.29455
-1.29459
-1.29466
-1.2947
-1.29478
-1.29482
-1.29489
-1.29497
-1.2952
-1.29527
-1.29542
-1.29545
-1.29556
-1.29566
-1.29573
-1.29587
-1.29593
-1.29598
-1.29607
-1.29624
-1.29632
-1.29637
-1.29637
-1.29644
-1.29644
-1.29647
-1.29634
-1.29644
-1.29646
-1.2964
-1.29637
-1.29641
-1.29645
-1.29644
-1.29651
-1.29653
-1.29659
-1.29664
-1.29661
-1.29657
-1.29646
-1.29645
-1.29643
-1.29641
-1.29638
-1.29634
-1.2963
-1.29617
-1.29611
-1.29601
-1.29586
-1.29574
-1.29562
-1.29548
-1.29538
-1.29519
-1.29499
-1.29485
-1.29464
-1.29445
-1.29421
-1.29404
-1.29383
-1.29371
-1.29337
-1.29305
-1.29283
-1.29249
-1.2921
-1.29182
-1.29157
-1.2913
-1.29103
-1.29071
-1.29042
-1.28997
-1.28958
-1.28923
-1.2889
-1.2885
-1.28808
-1.28769
-1.28738
-1.28682
-1.28642
-1.28597
-1.28558
-1.28512
-1.28473
-1.28429
-1.28381
-1.2834
-1.28299
-1.2825
-1.28204
-1.28154
-1.28108
-1.28058
-1.28003
-1.27956
-1.27909
-1.27862
-1.27807
-1.27759
-1.27711
-1.27649
-1.27601
-1.2755
-1.27506
-1.27459
-1.27412
-1.27361
-1.27311
-1.27265
-1.2723
-1.27188
-1.27139
-1.27094
-1.27053
-1.27009
-1.26977
-1.26934
-1.26896
-1.26858
-1.26821
-1.26784
-1.26745
-1.26706
-1.26668
-1.26631
-1.26599
-1.26563
-1.26533
-1.26488
-1.26459
-1.26432
-1.26398
-1.26365
-1.26348
-1.26337
-1.26303
-1.26275
-1.26252
-1.26226
-1.26201
-1.26182
-1.26167
-1.2615
-1.26131
-1.26116
-1.26111
-1.26095
-1.26077
-1.26067
-1.26059
-1.26053
-1.26047
-1.26043
-1.26036
-1.26038
-1.26041
-1.26046
-1.26044
-1.26047
-1.26059
-1.26068
-1.26085
-1.26097
-1.26098
-1.26107
-1.26118
-1.26129
-1.26138
-1.26148
-1.26166
-1.26185
-1.26198
-1.26215
-1.26229
-1.26248
-1.26267
-1.26303
-1.26327
-1.26346
-1.26364
-1.26395
-1.26419
-1.26444
-1.26473
-1.26499
-1.26529
-1.26561
-1.26589
-1.26625
-1.26658
-1.26684
-1.26722
-1.26757
-1.26789
-1.26836
-1.26869
-1.26899
-1.26934
-1.26968
-1.27008
-1.27044
-1.27077
-1.27118
-1.27156
-1.27195
-1.27234
-1.27282
-1.27311
-1.27352
-1.27393
-1.27439
-1.27478
-1.27522
-1.27562
-1.2761
-1.27658
-1.27707
-1.27753
-1.27796
-1.2785
-1.27904
-1.27952
-1.28003
-1.28051
-1.28107
-1.28159
-1.282
-1.28246
-1.28298
-1.28351
-1.28401
-1.2845
-1.28511
-1.28568
-1.28617
-1.2867
-1.28719
-1.28768
-1.28817
-1.28858
-1.28907
-1.28955
-1.2901
-1.29054
-1.29105
-1.29152
-1.29191
-1.29244
-1.29293
-1.29342
-1.29387
-1.29438
-1.29485
-1.29521
-1.29567
-1.29608
-1.29653
-1.2969
-1.29729
-1.29768
-1.29799
-1.29837
-1.29874
-1.29914
-1.29961
-1.29992
-1.30037
-1.30075
-1.30107
-1.30139
-1.3017
-1.30201
-1.30227
-1.30256
-1.3028
-1.30304
-1.30327
-1.30353
-1.30386
-1.3041
-1.30434
-1.30457
-1.30472
-1.30493
-1.30514
-1.30534
-1.3055
-1.30568
-1.3059
-1.30607
-1.30627
-1.30643
-1.30655
-1.30673
-1.3069
-1.30699
-1.30707
-1.30715
-1.30729
-1.30743
-1.3076
-1.30765
-1.30772
-1.30787
-1.30797
-1.30795
-1.308
-1.308
-1.30807
-1.30813
-1.30826
-1.30819
-1.30815
-1.30818
-1.3082
-1.30821
-1.30807
-1.30806
-1.30801
-1.30795
-1.30799
-1.30787
-1.30778
-1.30764
-1.3075
-1.30734
-1.30721
-1.30704
-1.30689
-1.30673
-1.30656
-1.30634
-1.30616
-1.30592
-1.30575
-1.30545
-1.30526
-1.30506
-1.30474
-1.30455
-1.30432
-1.30404
-1.30368
-1.30334
-1.30307
-1.30276
-1.30243
-1.3021
-1.30175
-1.30151
-1.30111
-1.30078
-1.30044
-1.30013
-1.29974
-1.2993
-1.29889
-1.29852
-1.29814
-1.29771
-1.2972
-1.29676
-1.29632
-1.29591
-1.29553
-1.29508
-1.29465
-1.29415
-1.29353
-1.29303
-1.29259
-1.29212
-1.29164
-1.29116
-1.29065
-1.29013
-1.28954
-1.28906
-1.28858
-1.28806
-1.28758
-1.28703
-1.28655
-1.28608
-1.28557
-1.2851
-1.28474
-1.28431
-1.28389
-1.28335
-1.28301
-1.28255
-1.2821
-1.28162
-1.28121
-1.28074
-1.2803
-1.27991
-1.2794
-1.27898
-1.27856
-1.2781
-1.27773
-1.27725
-1.27692
-1.27652
-1.27609
-1.2757
-1.27535
-1.27497
-1.27448
-1.27411
-1.2737
-1.27333
-1.27301
-1.27262
-1.27226
-1.27191
-1.27157
-1.27134
-1.27104
-1.27078
-1.27045
-1.27005
-1.26972
-1.26948
-1.26912
-1.26881
-1.26842
-1.26808
-1.26785
-1.26755
-1.26725
-1.26692
-1.26659
-1.26626
-1.26594
-1.26562
-1.26527
-1.26499
-1.26465
-1.26438
-1.26411
-1.26386
-1.2636
-1.26331
-1.26306
-1.26275
-1.26251
-1.26243
-1.26235
-1.26213
-1.26192
-1.26171
-1.2615
-1.26131
-1.26115
-1.26097
-1.2608
-1.26067
-1.26051
-1.26039
-1.26025
-1.26008
-1.25995
-1.25984
-1.25974
-1.25972
-1.25963
-1.25956
-1.25962
-1.25961
-1.25954
-1.25955
-1.25954
-1.25956
-1.25956
-1.25956
-1.25961
-1.25971
-1.25977
-1.25981
-1.25981
-1.25983
-1.26001
-1.26019
-1.26028
-1.26041
-1.26059
-1.26075
-1.26084
-1.26102
-1.26113
-1.2613
-1.26144
-1.26163
-1.26187
-1.26209
-1.26239
-1.26263
-1.26289
-1.26323
-1.26347
-1.26368
-1.26399
-1.26438
-1.26466
-1.265
-1.26531
-1.26555
-1.26588
-1.26625
-1.26656
-1.26692
-1.26728
-1.26776
-1.26813
-1.26859
-1.26897
-1.26936
-1.26979
-1.27014
-1.27053
-1.27096
-1.27143
-1.27186
-1.27229
-1.27275
-1.27317
-1.27354
-1.27399
-1.27439
-1.27471
-1.27509
-1.27547
-1.27583
-1.27618
-1.27656
-1.27685
-1.27721
-1.27747
-1.27776
-1.27799
-1.27832
-1.2786
-1.2789
-1.27903
-1.27929
-1.27953
-1.27953
-1.27966
-1.27977
-1.27986
-1.27993
-1.27994
-1.27993
-1.28001
-1.28
-1.27993
-1.2798
-1.27969
-1.27956
-1.27948
-1.27927
-1.27908
-1.27887
-1.27868
-1.27855
-1.27828
-1.27808
-1.27782
-1.2775
-1.27721
-1.27686
-1.27654
-1.27621
-1.2759
-1.27554
-1.27516
-1.27486
-1.27443
-1.27407
-1.27366
-1.27328
-1.27279
-1.2724
-1.27197
-1.27154
-1.27107
-1.27063
-1.27023
-1.26976
-1.26933
-1.26897
-1.26855
-1.26812
-1.26767
-1.26726
-1.26681
-1.26638
-1.26606
-1.26572
-1.26543
-1.2651
-1.26479
-1.26441
-1.26405
-1.26373
-1.26343
-1.2631
-1.26278
-1.26248
-1.26223
-1.26203
-1.2618
-1.26159
-1.26151
-1.26129
-1.26112
-1.261
-1.26089
-1.2608
-1.26064
-1.26057
-1.26044
-1.2604
-1.26033
-1.26031
-1.26019
-1.26015
-1.26009
-1.26003
-1.25998
-1.25995
-1.25995
-1.25993
-1.25992
-1.2601
-1.26014
-1.26018
-1.26015
-1.26028
-1.26034
-1.2604
-1.26043
-1.26054
-1.26061
-1.26065
-1.26073
-1.26089
-1.26105
-1.26098
-1.26103
-1.26124
-1.26133
-1.26138
-1.26147
-1.26149
-1.26159
-1.26164
-1.26182
-1.26191
-1.26197
-1.26214
-1.26213
-1.26223
-1.26229
-1.26239
-1.26253
-1.26263
-1.26274
-1.26288
-1.26291
-1.26305
-1.26316
-1.26326
-1.26337
-1.26352
-1.26363
-1.2637
-1.26378
-1.26389
-1.26397
-1.26412
-1.26424
-1.2644
-1.26448
-1.26452
-1.26465
-1.26477
-1.26482
-1.26495
-1.26508
-1.26521
-1.26542
-1.2654
-1.26557
-1.26567
-1.26585
-1.26606
-1.26628
-1.26638
-1.26653
-1.26671
-1.26686
-1.26697
-1.26708
-1.26719
-1.26734
-1.26738
-1.26753
-1.26765
-1.26776
-1.26791
-1.26806
-1.26821
-1.26832
-1.26847
-1.26866
-1.2688
-1.26894
-1.26904
-1.26918
-1.26924
-1.2694
-1.26953
-1.26965
-1.26972
-1.26975
-1.26986
-1.26995
-1.27004
-1.27001
-1.27008
-1.2701
-1.27016
-1.27024
-1.27032
-1.2703
-1.27032
-1.27025
-1.27032
-1.2703
-1.27027
-1.27022
-1.27017
-1.27014
-1.27017
-1.27008
-1.27005
-1.26993
-1.26975
-1.26953
-1.26933
-1.26908
-1.26893
-1.26877
-1.26855
-1.26832
-1.26811
-1.26786
-1.26751
-1.26719
-1.26689
-1.26673
-1.26638
-1.26604
-1.26569
-1.2653
-1.26489
-1.26451
-1.26408
-1.26368
-1.26326
-1.26284
-1.26237
-1.26193
-1.2614
-1.26094
-1.26054
-1.26011
-1.25966
-1.25913
-1.25856
-1.25809
-1.25754
-1.25699
-1.2565
-1.25594
-1.25552
-1.25506
-1.25456
-1.25405
-1.25351
-1.25304
-1.25256
-1.25193
-1.2513
-1.25079
-1.25019
-1.2496
-1.24904
-1.2486
-1.24808
-1.24757
-1.24705
-1.24657
-1.24602
-1.24544
-1.2449
-1.24436
-1.24386
-1.24332
-1.24276
-1.24235
-1.2418
-1.24129
-1.24067
-1.24013
-1.2398
-1.23928
-1.23881
-1.23838
-1.23789
-1.23738
-1.2371
-1.23664
-1.23624
-1.23581
-1.23543
-1.23507
-1.23464
-1.23427
-1.23399
-1.23377
-1.23349
-1.23338
-1.23307
-1.23285
-1.2325
-1.23236
-1.23217
-1.23204
-1.23193
-1.23192
-1.23187
-1.23183
-1.23183
-1.23192
-1.23201
-1.23216
-1.23234
-1.23247
-1.23259
-1.2327
-1.23299
-1.23323
-1.23354
-1.23387
-1.2342
-1.23459
-1.23496
-1.23533
-1.23569
-1.2361
-1.23662
-1.23709
-1.23762
-1.23813
-1.23866
-1.23933
-1.23997
-1.24068
-1.24125
-1.24194
-1.24262
-1.24327
-1.24397
-1.24469
-1.24534
-1.24607
-1.24685
-1.24756
-1.24831
-1.24907
-1.24983
-1.25059
-1.25143
-1.25227
-1.253
-1.25376
-1.25452
-1.25527
-1.25598
-1.25665
-1.25747
-1.25824
-1.25892
-1.25956
-1.26019
-1.26088
-1.26157
-1.26224
-1.26294
-1.26355
-1.26423
-1.26481
-1.26542
-1.26587
-1.26652
-1.26701
-1.26753
-1.2681
-1.26862
-1.26901
-1.26949
-1.26993
-1.27042
-1.27085
-1.27115
-1.27148
-1.27182
-1.27222
-1.2726
-1.27293
-1.2732
-1.27349
-1.27376
-1.27404
-1.27435
-1.27445
-1.27468
-1.27481
-1.27497
-1.27503
-1.27511
-1.2752
-1.27532
-1.27542
-1.2755
-1.2756
-1.27556
-1.27551
-1.27544
-1.27539
-1.27536
-1.27532
-1.27518
-1.27514
-1.27497
-1.27479
-1.27466
-1.27444
-1.27418
-1.27401
-1.27386
-1.27363
-1.27342
-1.27316
-1.27289
-1.27265
-1.27232
-1.27197
-1.27166
-1.27133
-1.27096
-1.27065
-1.27026
-1.26993
-1.26953
-1.26915
-1.26876
-1.26837
-1.26793
-1.26756
-1.26715
-1.26673
-1.26624
-1.26588
-1.2656
-1.26517
-1.26473
-1.26429
-1.26384
-1.26346
-1.26305
-1.2626
-1.26222
-1.2618
-1.26134
-1.26092
-1.26046
-1.26011
-1.25969
-1.25923
-1.2587
-1.25813
-1.25767
-1.25722
-1.25673
-1.25632
-1.25588
-1.25544
-1.25496
-1.25457
-1.25422
-1.25387
-1.2535
-1.25305
-1.25269
-1.25237
-1.25205
-1.25163
-1.25122
-1.25086
-1.25043
-1.2502
-1.2499
-1.24961
-1.24929
-1.24894
-1.24868
-1.24844
-1.24816
-1.24782
-1.24752
-1.2472
-1.24689
-1.24663
-1.24645
-1.24613
-1.24594
-1.24571
-1.24558
-1.24537
-1.24518
-1.24506
-1.24496
-1.24475
-1.24466
-1.24446
-1.24435
-1.24424
-1.24409
-1.24395
-1.2439
-1.24384
-1.24371
-1.24358
-1.24353
-1.24341
-1.24328
-1.24323
-1.24315
-1.24306
-1.24285
-1.24276
-1.24267
-1.24261
-1.24255
-1.24245
-1.24227
-1.24216
-1.24197
-1.24185
-1.24166
-1.24153
-1.24144
-1.24127
-1.24102
-1.24092
-1.24073
-1.24059
-1.24043
-1.24024
-1.24008
-1.23995
-1.23979
-1.23973
-1.2396
-1.23946
-1.23933
-1.23915
-1.23901
-1.23891
-1.23869
-1.23859
-1.23841
-1.23819
-1.23812
-1.23791
-1.23777
-1.2376
-1.23742
-1.23722
-1.23705
-1.23685
-1.23676
-1.2366
-1.23645
-1.2363
-1.23615
-1.23608
-1.23591
-1.23574
-1.23561
-1.23548
-1.23536
-1.23532
-1.23525
-1.23518
-1.23505
-1.23491
-1.23486
-1.23473
-1.23473
-1.23465
-1.23461
-1.23454
-1.23447
-1.23444
-1.23434
-1.23428
-1.23419
-1.23417
-1.23415
-1.23413
-1.23403
-1.2339
-1.2338
-1.23367
-1.23372
-1.23373
-1.23366
-1.23359
-1.23347
-1.2335
-1.23338
-1.23328
-1.23318
-1.23307
-1.23299
-1.23287
-1.2327
-1.23255
-1.23248
-1.23235
-1.23222
-1.23204
-1.23185
-1.23164
-1.23143
-1.23121
-1.23097
-1.23077
-1.23051
-1.23029
-1.23001
-1.2298
-1.22951
-1.22929
-1.22905
-1.22878
-1.22842
-1.22798
-1.22757
-1.22723
-1.22689
-1.22659
-1.22624
-1.22586
-1.22555
-1.22521
-1.22487
-1.22457
-1.22416
-1.22379
-1.22343
-1.22312
-1.22281
-1.22248
-1.22215
-1.22188
-1.22161
-1.22139
-1.22112
-1.221
-1.22079
-1.22063
-1.22044
-1.22031
-1.22019
-1.22006
-1.21993
-1.21983
-1.21974
-1.21966
-1.21957
-1.21956
-1.2195
-1.21952
-1.21956
-1.21958
-1.21958
-1.21962
-1.21972
-1.21976
-1.21989
-1.22002
-1.22021
-1.22037
-1.2205
-1.22065
-1.22077
-1.22097
-1.22118
-1.22136
-1.22154
-1.22166
-1.22175
-1.222
-1.22225
-1.22243
-1.22269
-1.22292
-1.22322
-1.22341
-1.22369
-1.22381
-1.22405
-1.22425
-1.22437
-1.22469
-1.22485
-1.22509
-1.22544
-1.22567
-1.22598
-1.22618
-1.22637
-1.22659
-1.22677
-1.22699
-1.22713
-1.2273
-1.22743
-1.22751
-1.2277
-1.22786
-1.228
-1.22818
-1.22842
-1.22859
-1.22874
-1.22886
-1.229
-1.22914
-1.22927
-1.22932
-1.22944
-1.22955
-1.22969
-1.22983
-1.22992
-1.23004
-1.23008
-1.23012
-1.23015
-1.23028
-1.23041
-1.23042
-1.23035
-1.23047
-1.2305
-1.23057
-1.23056
-1.23062
-1.2306
-1.23065
-1.23062
-1.23066
-1.2307
-1.23074
-1.23074
-1.23074
-1.23073
-1.23084
-1.2309
-1.23078
-1.23077
-1.23068
-1.23067
-1.23058
-1.23057
-1.23052
-1.2304
-1.23054
-1.23056
-1.23052
-1.23055
-1.23046
-1.23035
-1.23038
-1.2305
-1.2305
-1.23058
-1.2307
-1.23067
-1.23065
-1.23066
-1.23065
-1.23078
-1.23077
-1.23077
-1.2308
-1.23092
-1.23097
-1.23113
-1.23119
-1.23129
-1.23147
-1.23154
-1.23159
-1.23175
-1.23181
-1.23191
-1.23198
-1.2321
-1.23223
-1.23228
-1.23243
-1.23258
-1.2327
-1.23294
-1.23308
-1.23331
-1.23343
-1.23364
-1.23385
-1.23404
-1.23432
-1.23464
-1.23482
-1.23512
-1.23528
-1.23552
-1.23578
-1.23604
-1.23635
-1.23667
-1.23696
-1.23729
-1.23767
-1.23798
-1.23829
-1.23861
-1.23898
-1.23931
-1.23961
-1.23998
-1.24036
-1.24074
-1.24101
-1.24136
-1.24171
-1.24209
-1.24244
-1.24286
-1.2432
-1.24361
-1.24399
-1.24435
-1.24468
-1.24504
-1.24546
-1.24585
-1.24618
-1.24662
-1.24698
-1.24729
-1.24759
-1.24781
-1.24805
-1.24821
-1.24846
-1.24867
-1.24887
-1.24909
-1.24922
-1.24946
-1.24949
-1.24966
-1.24982
-1.24996
-1.25009
-1.25021
-1.25027
-1.25036
-1.2504
-1.25046
-1.25044
-1.25044
-1.25046
-1.25051
-1.2505
-1.25053
-1.25046
-1.25049
-1.25044
-1.25041
-1.25034
-1.25021
-1.25011
-1.25
-1.24988
-1.24975
-1.2496
-1.24945
-1.24921
-1.24904
-1.24882
-1.24859
-1.24835
-1.24814
-1.24788
-1.24765
-1.24741
-1.24713
-1.24684
-1.24658
-1.24635
-1.24615
-1.24594
-1.24565
-1.24528
-1.24494
-1.24463
-1.24436
-1.244
-1.24375
-1.24342
-1.24309
-1.24279
-1.24248
-1.2421
-1.24179
-1.24144
-1.24108
-1.24062
-1.24026
-1.23987
-1.23951
-1.23912
-1.23877
-1.23846
-1.23807
-1.23773
-1.23742
-1.23709
-1.23676
-1.23648
-1.23616
-1.23578
-1.23541
-1.23509
-1.23481
-1.23451
-1.23418
-1.23401
-1.23375
-1.23358
-1.23334
-1.23324
-1.23311
-1.23292
-1.23282
-1.23274
-1.23259
-1.23254
-1.2325
-1.2324
-1.23239
-1.23244
-1.23243
-1.23236
-1.23242
-1.23238
-1.23259
-1.23267
-1.23276
-1.23287
-1.23303
-1.23313
-1.23329
-1.23346
-1.23365
-1.23385
-1.23406
-1.23429
-1.23453
-1.23478
-1.23505
-1.23536
-1.23565
-1.23594
-1.23625
-1.23652
-1.23691
-1.2372
-1.23757
-1.23786
-1.23835
-1.23866
-1.23904
-1.23931
-1.23969
-1.24003
-1.24034
-1.24064
-1.24101
-1.24138
-1.24171
-1.24207
-1.24239
-1.24273
-1.24303
-1.24344
-1.24372
-1.24396
-1.24419
-1.2444
-1.2446
-1.24483
-1.24505
-1.24526
-1.24548
-1.24566
-1.24586
-1.24601
-1.24615
-1.2463
-1.24637
-1.24642
-1.24649
-1.24663
-1.24667
-1.24677
-1.24678
-1.24673
-1.24671
-1.24678
-1.24672
-1.24664
-1.24659
-1.24644
-1.24643
-1.24625
-1.24617
-1.24592
-1.24577
-1.24553
-1.2453
-1.24499
-1.24481
-1.24446
-1.24417
-1.24387
-1.24359
-1.24333
-1.24291
-1.24263
-1.24225
-1.24178
-1.24142
-1.24107
-1.24064
-1.2402
-1.23982
-1.23939
-1.23887
-1.23834
-1.2378
-1.23732
-1.23684
-1.23634
-1.2358
-1.23532
-1.23468
-1.23408
-1.23347
-1.23288
-1.23226
-1.23166
-1.23106
-1.23054
-1.22997
-1.22936
-1.22878
-1.22809
-1.22748
-1.2269
-1.22628
-1.22575
-1.22513
-1.22449
-1.22385
-1.22328
-1.22265
-1.22206
-1.22155
-1.22083
-1.22026
-1.2197
-1.21919
-1.21865
-1.21801
-1.21753
-1.21696
-1.21647
-1.21599
-1.21553
-1.21512
-1.21469
-1.21419
-1.21376
-1.21345
-1.21308
-1.21273
-1.21244
-1.21209
-1.21183
-1.21156
-1.21126
-1.21099
-1.21077
-1.21057
-1.21028
-1.21016
-1.20998
-1.20986
-1.20984
-1.20972
-1.20962
-1.20966
-1.20967
-1.20967
-1.20973
-1.20976
-1.20982
-1.20989
-1.21002
-1.21012
-1.21017
-1.21028
-1.2104
-1.21054
-1.21073
-1.21091
-1.21117
-1.21141
-1.21167
-1.21194
-1.21227
-1.21261
-1.21293
-1.2133
-1.2136
-1.21396
-1.2143
-1.21469
-1.21509
-1.21546
-1.21585
-1.21629
-1.21671
-1.21709
-1.21761
-1.2181
-1.21856
-1.219
-1.21933
-1.21983
-1.22045
-1.22101
-1.22158
-1.22212
-1.22271
-1.22331
-1.22391
-1.22453
-1.22523
-1.22583
-1.22651
-1.22712
-1.22774
-1.22844
-1.22918
-1.22993
-1.23057
-1.23126
-1.23194
-1.23263
-1.23333
-1.23398
-1.23472
-1.23541
-1.23614
-1.2368
-1.23749
-1.23829
-1.23893
-1.23957
-1.24024
-1.24091
-1.24156
-1.24229
-1.24293
-1.24352
-1.24418
-1.24472
-1.24528
-1.24598
-1.24655
-1.24707
-1.24758
-1.24803
-1.24862
-1.24908
-1.24968
-1.25015
-1.25059
-1.25103
-1.25133
-1.25169
-1.25207
-1.25244
-1.25286
-1.25322
-1.2535
-1.25379
-1.25407
-1.25425
-1.2545
-1.25469
-1.25498
-1.2551
-1.25528
-1.25548
-1.25556
-1.25573
-1.25586
-1.25589
-1.25595
-1.256
-1.25603
-1.25613
-1.25622
-1.2563
-1.25632
-1.2563
-1.25635
-1.25631
-1.25629
-1.25619
-1.2562
-1.25624
-1.25619
-1.25613
-1.25614
-1.25611
-1.25603
-1.25601
-1.25599
-1.25578
-1.25559
-1.2554
-1.25535
-1.25514
-1.25497
-1.25479
-1.2546
-1.25441
-1.25428
-1.25408
-1.25391
-1.25373
-1.25355
-1.25333
-1.2531
-1.25287
-1.25267
-1.25244
-1.25212
-1.25192
-1.25172
-1.25151
-1.25134
-1.25114
-1.25097
-1.2508
-1.25053
-1.25033
-1.25013
-1.24994
-1.2499
-1.24968
-1.24943
-1.2493
-1.2491
-1.24891
-1.24869
-1.2486
-1.2484
-1.24836
-1.24826
-1.24825
-1.24825
-1.24827
-1.24819
-1.24816
-1.24815
-1.24819
-1.24821
-1.24825
-1.24838
-1.24841
-1.24854
-1.24865
-1.24878
-1.24896
-1.24916
-1.24935
-1.24955
-1.24969
-1.24997
-1.25019
-1.2505
-1.25087
-1.25114
-1.2515
-1.2518
-1.25215
-1.2526
-1.25302
-1.25341
-1.25389
-1.25435
-1.25481
-1.25525
-1.25565
-1.25618
-1.25671
-1.25717
-1.2576
-1.25803
-1.25851
-1.25909
-1.2596
-1.26003
-1.2605
-1.26097
-1.26139
-1.26188
-1.26222
-1.26274
-1.26321
-1.26364
-1.26398
-1.26446
-1.26489
-1.26527
-1.26561
-1.266
-1.26635
-1.26679
-1.26714
-1.26736
-1.26765
-1.26784
-1.26816
-1.26851
-1.26872
-1.26892
-1.2691
-1.26927
-1.26945
-1.26953
-1.26964
-1.2698
-1.2698
-1.26989
-1.26992
-1.26989
-1.26988
-1.26986
-1.2697
-1.26956
-1.26956
-1.26942
-1.2693
-1.26919
-1.26904
-1.26879
-1.26859
-1.26838
-1.26811
-1.26767
-1.26732
-1.26707
-1.26677
-1.26644
-1.26606
-1.2657
-1.26529
-1.26486
-1.26444
-1.26401
-1.26357
-1.2631
-1.26266
-1.26216
-1.26169
-1.26112
-1.26054
-1.2599
-1.25937
-1.25882
-1.25825
-1.25768
-1.25705
-1.25638
-1.25569
-1.25499
-1.25436
-1.25361
-1.25297
-1.25231
-1.25162
-1.251
-1.25026
-1.24951
-1.24881
-1.24806
-1.24721
-1.2465
-1.24592
-1.24519
-1.2445
-1.24381
-1.24318
-1.24259
-1.24197
-1.24133
-1.24066
-1.24004
-1.23947
-1.23887
-1.23829
-1.23773
-1.23722
-1.23668
-1.23609
-1.23555
-1.23506
-1.23459
-1.23413
-1.23369
-1.23326
-1.23285
-1.23249
-1.23211
-1.23182
-1.23146
-1.23111
-1.2307
-1.23038
-1.22995
-1.22969
-1.22936
-1.22918
-1.22887
-1.22856
-1.22833
-1.22796
-1.22771
-1.22742
-1.22714
-1.2269
-1.2267
-1.22646
-1.2262
-1.22593
-1.22567
-1.22553
-1.22535
-1.22513
-1.22489
-1.22472
-1.22448
-1.22421
-1.22394
-1.22371
-1.22357
-1.2234
-1.22331
-1.22311
-1.22292
-1.22275
-1.22261
-1.22249
-1.22242
-1.22233
-1.22232
-1.22213
-1.22204
-1.222
-1.22209
-1.22212
-1.22209
-1.22219
-1.22223
-1.2223
-1.22234
-1.22244
-1.22264
-1.22274
-1.22295
-1.22313
-1.22329
-1.22341
-1.22365
-1.22396
-1.22436
-1.22459
-1.22492
-1.22523
-1.2256
-1.22603
-1.22639
-1.22674
-1.22707
-1.22753
-1.22801
-1.2285
-1.22896
-1.22941
-1.2299
-1.23037
-1.23092
-1.23157
-1.2321
-1.23261
-1.23324
-1.23383
-1.23447
-1.23496
-1.23557
-1.23626
-1.23694
-1.23748
-1.23805
-1.23866
-1.23922
-1.23979
-1.24034
-1.24097
-1.24163
-1.24224
-1.24284
-1.24344
-1.24402
-1.24456
-1.24508
-1.24559
-1.24613
-1.24669
-1.24723
-1.24769
-1.24809
-1.24856
-1.24889
-1.24936
-1.24959
-1.24999
-1.25033
-1.25066
-1.25097
-1.25127
-1.25155
-1.25185
-1.25202
-1.25213
-1.25223
-1.25243
-1.25261
-1.25278
-1.25286
-1.25288
-1.25297
-1.25312
-1.25325
-1.25345
-1.25356
-1.25366
-1.25371
-1.25378
-1.25374
-1.25375
-1.2538
-1.2538
-1.25394
-1.25403
-1.25397
-1.25401
-1.25404
-1.25407
-1.25413
-1.25407
-1.25403
-1.25392
-1.2538
-1.25367
-1.25354
-1.25351
-1.2534
-1.25332
-1.25312
-1.25299
-1.25278
-1.25267
-1.25252
-1.25236
-1.25216
-1.25202
-1.25184
-1.25165
-1.25145
-1.25121
-1.25095
-1.25077
-1.25057
-1.25033
-1.25012
-1.2499
-1.24952
-1.2491
-1.24889
-1.2486
-1.24838
-1.24808
-1.24784
-1.24753
-1.24721
-1.24688
-1.24655
-1.24625
-1.24592
-1.2455
-1.24524
-1.2449
-1.24453
-1.2442
-1.24383
-1.24347
-1.24319
-1.24288
-1.24262
-1.24226
-1.24194
-1.24168
-1.24147
-1.24124
-1.24106
-1.24083
-1.24065
-1.2405
-1.24037
-1.2403
-1.24017
-1.24012
-1.24005
-1.23993
-1.24002
-1.24011
-1.24015
-1.24029
-1.24045
-1.24061
-1.2408
-1.24097
-1.24117
-1.24147
-1.24172
-1.24207
-1.24237
-1.24269
-1.24303
-1.24331
-1.24373
-1.24412
-1.24456
-1.24506
-1.24553
-1.24593
-1.24641
-1.24687
-1.24737
-1.24794
-1.24844
-1.2489
-1.24944
-1.24993
-1.25039
-1.25079
-1.25131
-1.25189
-1.25238
-1.25283
-1.25326
-1.25365
-1.25401
-1.25433
-1.25474
-1.2551
-1.25547
-1.25583
-1.25617
-1.2565
-1.2568
-1.25701
-1.25723
-1.25755
-1.25766
-1.25775
-1.25794
-1.25806
-1.25813
-1.25813
-1.25827
-1.25828
-1.2583
-1.25827
-1.25832
-1.25825
-1.25812
-1.25812
-1.25799
-1.25788
-1.25767
-1.25752
-1.25751
-1.25733
-1.25712
-1.25695
-1.2566
-1.25639
-1.25612
-1.2558
-1.25551
-1.25508
-1.25476
-1.25438
-1.25403
-1.25374
-1.25324
-1.25289
-1.25245
-1.252
-1.25154
-1.25103
-1.2507
-1.25021
-1.24983
-1.24928
-1.24873
-1.24829
-1.24784
-1.2473
-1.24684
-1.24638
-1.24591
-1.24544
-1.2449
-1.2445
-1.24403
-1.24359
-1.24308
-1.24262
-1.24215
-1.24165
-1.24112
-1.24067
-1.24019
-1.23971
-1.23921
-1.23867
-1.23819
-1.23775
-1.23733
-1.23695
-1.23655
-1.23624
-1.23583
-1.23547
-1.23521
-1.23493
-1.23466
-1.23437
-1.23399
-1.2337
-1.23347
-1.2333
-1.23308
-1.23295
-1.23272
-1.2326
-1.23249
-1.23248
-1.23242
-1.23233
-1.23231
-1.23227
-1.2324
-1.23244
-1.23242
-1.23249
-1.23263
-1.23266
-1.23279
-1.23297
-1.23314
-1.23324
-1.23339
-1.23356
-1.23389
-1.23405
-1.23425
-1.23451
-1.23474
-1.23505
-1.23541
-1.23566
-1.23592
-1.23615
-1.23643
-1.23675
-1.23711
-1.2374
-1.23776
-1.2381
-1.23851
-1.23888
-1.23922
-1.23952
-1.23986
-1.24009
-1.24043
-1.24073
-1.24103
-1.24144
-1.24177
-1.24214
-1.24242
-1.24278
-1.24306
-1.24338
-1.24376
-1.24403
-1.24436
-1.24462
-1.2449
-1.24514
-1.24541
-1.24568
-1.24597
-1.24611
-1.24631
-1.24661
-1.24684
-1.24705
-1.24725
-1.2474
-1.24761
-1.24782
-1.24805
-1.24822
-1.24835
-1.2485
-1.2486
-1.24869
-1.24868
-1.24869
-1.24877
-1.24886
-1.24882
-1.2488
-1.24873
-1.24864
-1.24867
-1.24858
-1.2485
-1.24832
-1.24816
-1.24798
-1.24781
-1.24762
-1.24729
-1.24702
-1.24672
-1.24636
-1.24605
-1.24572
-1.24536
-1.24494
-1.24454
-1.24415
-1.2437
-1.24319
-1.24266
-1.24207
-1.2415
-1.24083
-1.24026
-1.23956
-1.23899
-1.23833
-1.23762
-1.23694
-1.23629
-1.23566
-1.23503
-1.23432
-1.23369
-1.23301
-1.2323
-1.2316
-1.23082
-1.23013
-1.22942
-1.22868
-1.22792
-1.2273
-1.22662
-1.226
-1.22545
-1.22496
-1.22451
-1.22401
-1.22359
-1.22321
-1.22286
-1.22249
-1.22215
-1.2219
-1.22174
-1.22154
-1.22144
-1.22146
-1.22141
-1.22154
-1.22163
-1.22182
-1.22202
-1.22231
-1.22269
-1.22308
-1.22356
-1.22409
-1.22471
-1.2253
-1.22593
-1.22657
-1.22725
-1.22809
-1.22889
-1.25235
-1.25387
-1.25433
-1.25523
-1.25729
-1.25967
-1.26091
-1.26026
-1.25676
-1.25156
-1.24603
-1.24065
-1.23613
-1.23303
-1.23235
-1.23463
-1.24023
-1.24756
-1.2546
-1.26068
-1.2661
-1.27119
-1.27626
-1.28134
-1.28567
-1.289
-1.29142
-1.29289
-1.29348
-1.29284
-1.29141
-1.2889
-1.28533
-1.28093
-1.27603
-1.27139
-1.26759
-1.26475
-1.26353
-1.26353
-1.26407
-1.26411
-1.26358
-1.26184
-1.25807
-1.25244
-1.24569
-1.23929
-1.23385
-1.23048
-1.2285
-1.22784
-1.22698
-1.22578
-1.22412
-1.2218
-1.21922
-1.21687
-1.21556
-1.21564
-1.21726
-1.22082
-1.22571
-1.23162
-1.23812
-1.24418
-1.24952
-1.2544
-1.25823
-1.2604
-1.26131
-1.26129
-1.26118
-1.26034
-1.25985
-1.25916
-1.25737
-1.25472
-1.25144
-1.24755
-1.24384
-1.24045
-1.23811
-1.23665
-1.2358
-1.23594
-1.23701
-1.23867
-1.24081
-1.24242
-1.24336
-1.24374
-1.24433
-1.24529
-1.24633
-1.24704
-1.2472
-1.24641
-1.24482
-1.24263
-1.24051
-1.23868
-1.23737
-1.23663
-1.23676
-1.23735
-1.23788
-1.23746
-1.23693
-1.23636
-1.23628
-1.23749
-1.23862
-1.23959
-1.23993
-1.23975
-1.23905
-1.23872
-1.23921
-1.24041
-1.2415
-1.24221
-1.24195
-1.24129
-1.24055
-1.24091
-1.24246
-1.24539
-1.24955
-1.25407
-1.25921
-1.26377
-1.26733
-1.26994
-1.27109
-1.27124
-1.26973
-1.26665
-1.2627
-1.25747
-1.25159
-1.2458
-1.24014
-1.23602
-1.23411
-1.23494
-1.23894
-1.24541
-1.25329
-1.2609
-1.26693
-1.27053
-1.2716
-1.27047
-1.26685
-1.26174
-1.25542
-1.24883
-1.2424
-1.23569
-1.22924
-1.22418
-1.22045
-1.2189
-1.21924
-1.22072
-1.22327
-1.22591
-1.22809
-1.2306
-1.23385
-1.23858
-1.24431
-1.25086
-1.25715
-1.2612
-1.26321
-1.26277
-1.26076
-1.25818
-1.25585
-1.25414
-1.25449
-1.25639
-1.25972
-1.26317
-1.26621
-1.26776
-1.26824
-1.26736
-1.26569
-1.26332
-1.26113
-1.25873
-1.25599
-1.25254
-1.24865
-1.24485
-1.24213
-1.24169
-1.24465
-1.25103
-1.25905
-1.267
-1.27389
-1.27833
-1.28045
-1.28047
-1.27906
-1.27607
-1.27153
-1.26694
-1.26187
-1.25766
-1.25409
-1.25084
-1.24696
-1.24207
-1.23508
-1.22595
-1.21477
-1.20237
-1.19078
-1.18145
-1.17611
-1.1759
-1.18082
-1.18972
-1.20141
-1.21366
-1.22537
-1.23513
-1.24255
-1.24686
-1.24871
-1.24847
-1.24687
-1.24545
-1.24568
-1.24843
-1.25321
-1.25926
-1.26564
-1.27188
-1.27661
-1.27958
-1.28068
-1.27977
-1.27677
-1.27162
-1.26478
-1.25731
-1.24969
-1.24278
-1.23653
-1.23189
-1.2293
-1.22872
-1.23012
-1.2331
-1.23791
-1.24289
-1.24771
-1.25223
-1.25616
-1.25941
-1.26249
-1.26473
-1.26569
-1.26498
-1.26321
-1.25962
-1.25585
-1.2518
-1.24823
-1.24559
-1.24378
-1.2432
-1.24368
-1.24512
-1.24793
-1.25161
-1.25534
-1.2591
-1.26161
-1.26368
-1.26501
-1.26519
-1.26425
-1.26241
-1.25909
-1.25486
-1.25037
-1.24603
-1.24229
-1.23902
-1.23641
-1.23418
-1.23235
-1.23051
-1.22915
-1.2283
-1.22853
-1.22911
-1.22909
-1.22753
-1.22424
-1.22007
-1.21646
-1.21467
-1.2151
-1.21847
-1.22395
-1.23087
-1.23831
-1.24552
-1.25133
-1.25531
-1.25698
-1.25623
-1.25341
-1.24931
-1.24461
-1.24014
-1.23646
-1.23396
-1.23204
-1.23126
-1.23136
-1.23209
-1.23338
-1.2353
-1.23745
-1.23888
-1.23949
-1.23878
-1.23699
-1.23455
-1.23221
-1.23049
-1.22974
-1.22939
-1.23042
-1.23247
-1.23595
-1.24064
-1.24586
-1.25101
-1.25457
-1.25584
-1.25373
-1.24835
-1.2401
-1.23067
-1.22116
-1.21296
-1.20722
-1.20397
-1.20333
-1.20435
-1.20634
-1.20838
-1.20954
-1.20959
-1.20914
-1.20908
-1.20994
-1.2111
-1.21238
-1.21281
-1.21262
-1.2125
-1.21401
-1.21764
-1.22385
-1.23246
-1.24191
-1.2515
-1.25849
-1.26243
-1.26205
-1.25793
-1.25067
-1.24176
-1.23336
-1.22716
-1.22494
-1.22663
-1.2316
-1.238
-1.2444
-1.2497
-1.25366
-1.25589
-1.25676
-1.25649
-1.25522
-1.25377
-1.25247
-1.25172
-1.25205
-1.25313
-1.2551
-1.25717
-1.25849
-1.25927
-1.25872
-1.25737
-1.25404
-1.24933
-1.24313
-1.23567
-1.22841
-1.2217
-1.21654
-1.21291
-1.21072
-1.20977
-1.20995
-1.21144
-1.21453
-1.21863
-1.22461
-1.23107
-1.23669
-1.24095
-1.24403
-1.24545
-1.24541
-1.24428
-1.24212
-1.23881
-1.23553
-1.23281
-1.23147
-1.23228
-1.23479
-1.23902
-1.24483
-1.25068
-1.25713
-1.26365
-1.27038
-1.27701
-1.28374
-1.28966
-1.29473
-1.2985
-1.30101
-1.30146
-1.30062
-1.299
-1.29714
-1.29587
-1.29445
-1.29293
-1.29051
-1.28692
-1.28198
-1.27559
-1.26749
-1.2579
-1.24808
-1.23844
-1.23091
-1.22634
-1.22483
-1.22581
-1.22827
-1.2322
-1.23615
-1.24033
-1.24459
-1.24855
-1.25214
-1.25489
-1.25645
-1.25569
-1.25298
-1.24847
-1.24367
-1.23921
-1.2359
-1.23411
-1.23385
-1.23449
-1.23627
-1.23861
-1.2406
-1.24222
-1.24328
-1.24394
-1.24388
-1.24284
-1.24035
-1.2367
-1.2328
-1.22909
-1.22697
-1.22681
-1.22874
-1.2321
-1.23699
-1.24268
-1.24998
-1.25799
-1.26642
-1.27469
-1.28192
-1.28813
-1.29271
-1.29581
-1.29724
-1.29726
-1.29601
-1.29289
-1.28845
-1.28259
-1.2765
-1.27008
-1.26371
-1.25809
-1.25354
-1.25014
-1.2478
-1.24649
-1.24573
-1.2455
-1.24616
-1.24745
-1.24864
-1.25024
-1.25176
-1.25317
-1.25354
-1.253
-1.25062
-1.247
-1.24244
-1.23809
-1.23509
-1.23474
-1.23726
-1.24174
-1.24654
-1.25054
-1.25351
-1.25429
-1.25326
-1.251
-1.24786
-1.24512
-1.24313
-1.24326
-1.24575
-1.2493
-1.25262
-1.25502
-1.25579
-1.25533
-1.25341
-1.24978
-1.24539
-1.242
-1.2414
-1.24309
-1.24443
-1.24417
-1.24216
-1.23924
-1.2369
-1.23516
-1.23401
-1.23307
-1.23259
-1.23263
-1.23391
-1.23619
-1.23928
-1.24247
-1.24511
-1.24718
-1.24831
-1.24819
-1.24726
-1.2454
-1.2436
-1.24256
-1.24272
-1.24442
-1.24684
-1.25012
-1.25266
-1.25422
-1.25373
-1.25078
-1.24553
-1.23831
-1.22953
-1.21974
-1.21043
-1.20274
-1.19754
-1.19586
-1.1969
-1.20082
-1.20715
-1.2148
-1.22296
-1.23011
-1.23623
-1.24084
-1.24386
-1.24597
-1.24722
-1.24797
-1.2475
-1.24619
-1.24533
-1.24471
-1.24479
-1.24568
-1.24664
-1.24758
-1.24823
-1.2489
-1.25032
-1.25254
-1.25519
-1.25783
-1.26012
-1.26103
-1.26019
-1.258
-1.25497
-1.25165
-1.24795
-1.24529
-1.24291
-1.24141
-1.24009
-1.23926
-1.23873
-1.2381
-1.23669
-1.23386
-1.23154
-1.23006
-1.22986
-1.22999
-1.22929
-1.22783
-1.22594
-1.22488
-1.2255
-1.22821
-1.23237
-1.23755
-1.24271
-1.24705
-1.24941
-1.24922
-1.24665
-1.24207
-1.23674
-1.23137
-1.22638
-1.22329
-1.22201
-1.22268
-1.22415
-1.22647
-1.22878
-1.23013
-1.23021
-1.22987
-1.22961
-1.23011
-1.23246
-1.23705
-1.24286
-1.24906
-1.25446
-1.25816
-1.25943
-1.25787
-1.25347
-1.24679
-1.23896
-1.23108
-1.22502
-1.22141
-1.22113
-1.22292
-1.22635
-1.23019
-1.23409
-1.23748
-1.23967
-1.24092
-1.24204
-1.24398
-1.24708
-1.25204
-1.25744
-1.26323
-1.26917
-1.27453
-1.27962
-1.28403
-1.28759
-1.28969
-1.28999
-1.28867
-1.28533
-1.28075
-1.27509
-1.26874
-1.26207
-1.2553
-1.2482
-1.24096
-1.23351
-1.22669
-1.22084
-1.21634
-1.21427
-1.21364
-1.21484
-1.21799
-1.22157
-1.22509
-1.2277
-1.22912
-1.22912
-1.22829
-1.2266
-1.22473
-1.22312
-1.22187
-1.22095
-1.22095
-1.22149
-1.22271
-1.22524
-1.22828
-1.23199
-1.23661
-1.24129
-1.24546
-1.24814
-1.24959
-1.24945
-1.24802
-1.24565
-1.24358
-1.24254
-1.24264
-1.24382
-1.24598
-1.24872
-1.25235
-1.25673
-1.26166
-1.26607
-1.26975
-1.27148
-1.2717
-1.27053
-1.26858
-1.26628
-1.26431
-1.26252
-1.26148
-1.26071
-1.25968
-1.25817
-1.2556
-1.25224
-1.24773
-1.24265
-1.2377
-1.2336
-1.23119
-1.23037
-1.23188
-1.235
-1.2392
-1.24287
-1.24533
-1.24571
-1.24446
-1.24244
-1.24069
-1.24048
-1.24201
-1.2448
-1.24802
-1.25081
-1.25293
-1.25387
-1.25354
-1.25318
-1.25244
-1.25132
-1.24965
-1.24771
-1.24558
-1.24334
-1.24141
-1.23925
-1.23762
-1.2365
-1.23515
-1.23388
-1.23185
-1.22929
-1.22681
-1.22454
-1.22237
-1.22031
-1.21809
-1.21648
-1.21641
-1.21782
-1.22141
-1.22608
-1.23098
-1.23563
-1.23939
-1.24202
-1.24353
-1.24428
-1.24445
-1.24393
-1.24265
-1.2413
-1.23985
-1.2386
-1.23762
-1.23711
-1.23671
-1.23599
-1.23467
-1.23325
-1.23193
-1.2311
-1.23108
-1.23148
-1.23212
-1.23322
-1.2346
-1.23699
-1.24037
-1.24504
-1.25011
-1.25451
-1.25765
-1.25936
-1.25841
-1.25551
-1.25102
-1.245
-1.23888
-1.23254
-1.22612
-1.22055
-1.21492
-1.2099
-1.20644
-1.2042
-1.20302
-1.20399
-1.20674
-1.21053
-1.21518
-1.21983
-1.22462
-1.22924
-1.23319
-1.23659
-1.23934
-1.24156
-1.24275
-1.24304
-1.24223
-1.24007
-1.23678
-1.23281
-1.22809
-1.22357
-1.22005
-1.2173
-1.21497
-1.21308
-1.21178
-1.20972
-1.20769
-1.20547
-1.20353
-1.20332
-1.20441
-1.20729
-1.21086
-1.21426
-1.21687
-1.2185
-1.21831
-1.21662
-1.21323
-1.20881
-1.20364
-1.19936
-1.19648
-1.1964
-1.19918
-1.20462
-1.2116
-1.21917
-1.22656
-1.23305
-1.23823
-1.24247
-1.24572
-1.24855
-1.25129
-1.25439
-1.25881
-1.26355
-1.26843
-1.27195
-1.27329
-1.27207
-1.26947
-1.26521
-1.26081
-1.25673
-1.25322
-1.25041
-1.24862
-1.24794
-1.24756
-1.2477
-1.24687
-1.24542
-1.24272
-1.23932
-1.23554
-1.23221
-1.23
-1.22871
-1.22776
-1.22764
-1.22771
-1.22786
-1.22865
-1.22996
-1.23215
-1.23559
-1.24085
-1.24765
-1.25495
-1.26321
-1.27075
-1.27741
-1.28206
-1.28459
-1.28452
-1.28266
-1.27997
-1.27678
-1.27367
-1.27074
-1.26699
-1.26266
-1.25831
-1.25455
-1.25207
-1.25132
-1.25258
-1.25511
-1.25777
-1.25969
-1.26016
-1.25925
-1.25686
-1.25353
-1.25047
-1.24729
-1.24534
-1.24455
-1.24465
-1.2451
-1.24549
-1.24628
-1.24748
-1.24879
-1.24935
-1.24929
-1.24851
-1.24801
-1.24842
-1.24991
-1.25296
-1.25659
-1.26046
-1.26363
-1.26585
-1.26661
-1.2657
-1.26332
-1.25961
-1.25536
-1.25136
-1.24789
-1.24497
-1.24271
-1.23996
-1.2366
-1.23272
-1.22846
-1.2254
-1.22357
-1.22422
-1.22706
-1.23112
-1.23631
-1.2415
-1.24659
-1.251
-1.25412
-1.25543
-1.25473
-1.2521
-1.24795
-1.2423
-1.23675
-1.23334
-1.23272
-1.23573
-1.24194
-1.24875
-1.25531
-1.2599
-1.2623
-1.26213
-1.25986
-1.25656
-1.25295
-1.24932
-1.2468
-1.24499
-1.24345
-1.2415
-1.23865
-1.235
-1.23146
-1.22834
-1.22654
-1.22618
-1.22648
-1.22681
-1.22736
-1.22843
-1.23093
-1.23634
-1.24506
-1.25607
-1.26797
-1.27856
-1.2866
-1.29121
-1.29254
-1.29044
-1.2855
-1.2787
-1.27116
-1.26489
-1.26109
-1.2613
-1.26489
-1.27018
-1.27524
-1.27912
-1.28107
-1.28037
-1.27721
-1.27181
-1.26432
-1.25579
-1.24736
-1.24045
-1.23577
-1.2332
-1.23245
-1.23293
-1.2332
-1.23367
-1.23406
-1.23419
-1.23442
-1.23478
-1.23583
-1.23752
-1.24045
-1.2442
-1.24813
-1.25077
-1.25124
-1.24975
-1.24661
-1.24208
-1.23759
-1.23392
-1.23223
-1.23353
-1.23793
-1.2449
-1.25336
-1.26153
-1.26892
-1.27463
-1.27843
-1.28022
-1.28057
-1.27964
-1.27756
-1.27505
-1.27121
-1.26624
-1.25994
-1.25322
-1.24658
-1.24158
-1.24009
-1.24381
-1.25049
-1.25826
-1.26477
-1.26896
-1.27104
-1.27137
-1.27031
-1.26803
-1.26533
-1.26202
-1.25862
-1.25523
-1.25201
-1.24869
-1.24545
-1.24243
-1.23979
-1.23817
-1.23747
-1.23763
-1.23764
-1.23752
-1.2367
-1.23532
-1.23308
-1.23065
-1.22849
-1.22657
-1.22613
-1.22701
-1.22903
-1.23109
-1.23327
-1.23441
-1.23487
-1.23508
-1.23634
-1.23969
-1.24464
-1.25104
-1.25746
-1.26303
-1.26681
-1.26884
-1.2691
-1.26784
-1.26526
-1.26135
-1.257
-1.25284
-1.24927
-1.24664
-1.24551
-1.24531
-1.24623
-1.24847
-1.25115
-1.25476
-1.25843
-1.26166
-1.26399
-1.2655
-1.26594
-1.26474
-1.26271
-1.25975
-1.25653
-1.25383
-1.25169
-1.25112
-1.25143
-1.25234
-1.25348
-1.25423
-1.25396
-1.25133
-1.24612
-1.23892
-1.23035
-1.22064
-1.21186
-1.20517
-1.20123
-1.20192
-1.20617
-1.21307
-1.22091
-1.22798
-1.23369
-1.23751
-1.24012
-1.24162
-1.24291
-1.24458
-1.24711
-1.25053
-1.25412
-1.25781
-1.26049
-1.26191
-1.26175
-1.25987
-1.25609
-1.25111
-1.24555
-1.23991
-1.23519
-1.23147
-1.22943
-1.22938
-1.2307
-1.2334
-1.23625
-1.23896
-1.24147
-1.24364
-1.24598
-1.24798
-1.2505
-1.25319
-1.25552
-1.25733
-1.25913
-1.26087
-1.2626
-1.26361
-1.26421
-1.26431
-1.26402
-1.2634
-1.26285
-1.26176
-1.25951
-1.25593
-1.25009
-1.2424
-1.23312
-1.22301
-1.21368
-1.2068
-1.20316
-1.20378
-1.20813
-1.21561
-1.22517
-1.23476
-1.24419
-1.2522
-1.25873
-1.26379
-1.26724
-1.26872
-1.26882
-1.26751
-1.26563
-1.26371
-1.26246
-1.26163
-1.26196
-1.26324
-1.26447
-1.26521
-1.26506
-1.26327
-1.25957
-1.25349
-1.24662
-1.23862
-1.23158
-1.22572
-1.22166
-1.2192
-1.21918
-1.2208
-1.22526
-1.23192
-1.23964
-1.24753
-1.25402
-1.25941
-1.26333
-1.26616
-1.26757
-1.26782
-1.26724
-1.26598
-1.26424
-1.26205
-1.25891
-1.25532
-1.25161
-1.2489
-1.24723
-1.24693
-1.24795
-1.25018
-1.2525
-1.25489
-1.25677
-1.258
-1.25798
-1.25702
-1.25517
-1.25239
-1.24972
-1.24715
-1.2447
-1.24314
-1.24157
-1.24009
-1.23856
-1.23701
-1.23621
-1.23654
-1.23767
-1.23928
-1.24135
-1.24337
-1.24495
-1.24571
-1.24513
-1.24322
-1.23844
-1.23186
-1.225
-1.22001
-1.21864
-1.22165
-1.22886
-1.23815
-1.24838
-1.25794
-1.26641
-1.27322
-1.27832
-1.28201
-1.2847
-1.28614
-1.28666
-1.28593
-1.28393
-1.28107
-1.2777
-1.27448
-1.27121
-1.26826
-1.26498
-1.26171
-1.25875
-1.25617
-1.25469
-1.25362
-1.25254
-1.25114
-1.24904
-1.24687
-1.2453
-1.24379
-1.24384
-1.24589
-1.24907
-1.25282
-1.25655
-1.26
-1.26275
-1.26469
-1.26521
-1.26442
-1.26215
-1.25924
-1.25682
-1.25556
-1.25666
-1.25962
-1.26454
-1.27084
-1.27744
-1.28331
-1.28821
-1.29088
-1.29142
-1.28959
-1.28517
-1.27845
-1.27099
-1.26366
-1.25801
-1.25451
-1.25283
-1.2524
-1.25254
-1.25343
-1.2547
-1.25621
-1.25864
-1.2611
-1.26369
-1.26615
-1.26839
-1.27099
-1.27332
-1.27537
-1.27661
-1.27579
-1.27332
-1.2698
-1.26585
-1.26321
-1.26196
-1.26259
-1.26438
-1.26724
-1.27088
-1.27492
-1.27754
-1.27892
-1.27837
-1.27562
-1.27125
-1.26642
-1.26163
-1.25803
-1.25639
-1.25685
-1.25936
-1.2634
-1.2682
-1.27356
-1.27882
-1.28332
-1.28655
-1.2879
-1.28757
-1.28529
-1.28178
-1.27753
-1.27343
-1.26987
-1.26729
-1.26459
-1.26245
-1.26063
-1.25853
-1.25595
-1.25332
-1.25039
-1.24817
-1.24658
-1.24598
-1.24563
-1.24537
-1.24499
-1.24444
-1.24434
-1.24393
-1.24324
-1.24231
-1.2414
-1.24087
-1.24127
-1.24298
-1.2457
-1.24865
-1.25132
-1.25244
-1.2529
-1.25211
-1.25108
-1.24997
-1.24934
-1.2492
-1.24865
-1.24592
-1.24105
-1.23417
-1.22622
-1.21873
-1.21331
-1.21084
-1.2122
-1.2173
-1.22518
-1.2347
-1.24377
-1.25156
-1.25613
-1.25722
-1.25467
-1.24949
-1.24304
-1.23632
-1.2303
-1.22516
-1.22113
-1.2177
-1.21487
-1.2125
-1.21041
-1.2089
-1.20845
-1.20767
-1.2076
-1.20768
-1.20807
-1.20912
-1.21076
-1.21293
-1.21551
-1.21796
-1.22094
-1.22449
-1.22786
-1.23085
-1.23287
-1.23356
-1.23248
-1.22993
-1.22625
-1.22218
-1.21805
-1.21493
-1.21334
-1.21388
-1.21635
-1.2204
-1.22563
-1.2315
-1.23716
-1.24204
-1.24568
-1.24824
-1.2495
-1.25019
-1.25061
-1.25079
-1.25027
-1.24958
-1.24868
-1.24711
-1.24477
-1.24194
-1.23865
-1.23515
-1.23195
-1.22928
-1.22797
-1.22844
-1.22992
-1.2326
-1.23643
-1.24097
-1.24677
-1.25333
-1.26118
-1.26911
-1.27674
-1.28323
-1.28772
-1.28997
-1.28931
-1.2858
-1.27995
-1.27271
-1.26509
-1.25783
-1.25199
-1.24749
-1.24419
-1.24156
-1.23882
-1.23577
-1.23262
-1.22973
-1.22734
-1.22581
-1.22554
-1.22596
-1.22656
-1.22698
-1.22677
-1.22605
-1.22502
-1.22428
-1.22398
-1.22463
-1.22604
-1.22837
-1.23181
-1.23602
-1.24032
-1.2439
-1.24579
-1.24505
-1.24182
-1.23626
-1.22894
-1.22164
-1.2165
-1.21596
-1.22013
-1.22848
-1.23909
-1.25063
-1.26173
-1.27234
-1.28227
-1.29136
-1.29788
-1.30183
-1.30308
-1.30213
-1.29912
-1.2948
-1.2905
-1.28622
-1.28306
-1.28084
-1.28003
-1.28067
-1.28231
-1.28415
-1.28542
-1.28584
-1.28387
-1.27922
-1.27161
-1.26159
-1.25059
-1.24056
-1.23388
-1.23172
-1.23304
-1.23691
-1.24184
-1.24687
-1.25187
-1.25641
-1.26026
-1.26332
-1.26524
-1.26493
-1.26332
-1.26075
-1.25809
-1.25528
-1.25381
-1.25346
-1.25417
-1.2557
-1.25744
-1.25986
-1.26222
-1.26472
-1.26728
-1.26929
-1.27018
-1.26924
-1.26628
-1.26154
-1.25491
-1.24728
-1.23948
-1.23238
-1.22768
-1.22616
-1.22848
-1.23488
-1.24459
-1.25566
-1.26601
-1.27465
-1.28061
-1.2837
-1.28532
-1.28577
-1.28598
-1.28616
-1.28597
-1.28508
-1.28389
-1.28243
-1.28056
-1.27873
-1.27709
-1.27613
-1.27552
-1.2754
-1.27554
-1.27601
-1.27699
-1.27777
-1.27799
-1.27802
-1.27774
-1.27741
-1.27663
-1.27646
-1.27717
-1.27859
-1.28081
-1.28303
-1.28421
-1.28448
-1.28253
-1.27811
-1.27136
-1.26259
-1.25276
-1.24274
-1.23377
-1.22654
-1.22117
-1.21745
-1.21612
-1.21788
-1.22218
-1.22843
-1.23541
-1.242
-1.24796
-1.25266
-1.25638
-1.25973
-1.26301
-1.26609
-1.26891
-1.27136
-1.27296
-1.27313
-1.27174
-1.26963
-1.26762
-1.26587
-1.26359
-1.25979
-1.25331
-1.24551
-1.23777
-1.23259
-1.23185
-1.23565
-1.24252
-1.25029
-1.2569
-1.26057
-1.26115
-1.25827
-1.25264
-1.24563
-1.23811
-1.23152
-1.22729
-1.22627
-1.22912
-1.23453
-1.24139
-1.24812
-1.2533
-1.25581
-1.25522
-1.25148
-1.24518
-1.23823
-1.23119
-1.22545
-1.22128
-1.21894
-1.21759
-1.21723
-1.21778
-1.21864
-1.21918
-1.21949
-1.2198
-1.22085
-1.22353
-1.22816
-1.23481
-1.24284
-1.25131
-1.25952
-1.26681
-1.27198
-1.27445
-1.2742
-1.27165
-1.26714
-1.26151
-1.25524
-1.2488
-1.24275
-1.23751
-1.23277
-1.22859
-1.22519
-1.22279
-1.22171
-1.22199
-1.2234
-1.22505
-1.22693
-1.22867
-1.23052
-1.23259
-1.23462
-1.23659
-1.23792
-1.23815
-1.23708
-1.23453
-1.23016
-1.22506
-1.22012
-1.21537
-1.21173
-1.2093
-1.20872
-1.20957
-1.21161
-1.21467
-1.21867
-1.2226
-1.22595
-1.22797
-1.22913
-1.2292
-1.22804
-1.22637
-1.22442
-1.2226
-1.2214
-1.22131
-1.22216
-1.22362
-1.22532
-1.22664
-1.22694
-1.2275
-1.22939
-1.23313
-1.2377
-1.24158
-1.24366
-1.24279
-1.23944
-1.23482
-1.23064
-1.22735
-1.22593
-1.22508
-1.22387
-1.22147
-1.2179
-1.21352
-1.20988
-1.20679
-1.20587
-1.20739
-1.21207
-1.21973
-1.2287
-1.23674
-1.24303
-1.24639
-1.24666
-1.24506
-1.24286
-1.24123
-1.24126
-1.24279
-1.24518
-1.24732
-1.24824
-1.24761
-1.24516
-1.2412
-1.23657
-1.23299
-1.23018
-1.22948
-1.23057
-1.23407
-1.23956
-1.24583
-1.25221
-1.25685
-1.25891
-1.25797
-1.25349
-1.24669
-1.23779
-1.22822
-1.21874
-1.21022
-1.20384
-1.20056
-1.20062
-1.20411
-1.21105
-1.22094
-1.23284
-1.24482
-1.25529
-1.26292
-1.26757
-1.26904
-1.26793
-1.26542
-1.26205
-1.25838
-1.25496
-1.2526
-1.25076
-1.25008
-1.25036
-1.251
-1.25173
-1.25239
-1.25386
-1.25529
-1.25686
-1.2583
-1.25936
-1.25953
-1.25951
-1.25909
-1.25826
-1.25711
-1.25471
-1.25174
-1.24758
-1.24277
-1.23881
-1.23704
-1.23757
-1.24071
-1.24575
-1.25142
-1.25659
-1.26015
-1.26199
-1.26163
-1.25934
-1.25553
-1.25127
-1.24692
-1.24375
-1.24247
-1.2432
-1.24642
-1.25163
-1.25779
-1.26396
-1.26957
-1.27417
-1.27786
-1.28
-1.28063
-1.28024
-1.2794
-1.27785
-1.27624
-1.27502
-1.27363
-1.27206
-1.27022
-1.26814
-1.26589
-1.26425
-1.26278
-1.26181
-1.26034
-1.2581
-1.25519
-1.25105
-1.24624
-1.24157
-1.23784
-1.23561
-1.23632
-1.23965
-1.24547
-1.25204
-1.25795
-1.26158
-1.26295
-1.26251
-1.26117
-1.25984
-1.25847
-1.25717
-1.25608
-1.25511
-1.25399
-1.25289
-1.25152
-1.25063
-1.2504
-1.25147
-1.25402
-1.25744
-1.2615
-1.26566
-1.27011
-1.27422
-1.27817
-1.28111
-1.28238
-1.28157
-1.2783
-1.27296
-1.26525
-1.25648
-1.24789
-1.24077
-1.23554
-1.23185
-1.22922
-1.22685
-1.22448
-1.22171
-1.2198
-1.2188
-1.21864
-1.21942
-1.22114
-1.223
-1.225
-1.22688
-1.22874
-1.23012
-1.23076
-1.23085
-1.23053
-1.22953
-1.22855
-1.22762
-1.22716
-1.22699
-1.22725
-1.22829
-1.22944
-1.23029
-1.23064
-1.22965
-1.22844
-1.22628
-1.22343
-1.22081
-1.21896
-1.21811
-1.21871
-1.22122
-1.2259
-1.23173
-1.23793
-1.2443
-1.25011
-1.25495
-1.25888
-1.26145
-1.26271
-1.26274
-1.26161
-1.25942
-1.25677
-1.25469
-1.25314
-1.25275
-1.25331
-1.25497
-1.25691
-1.25874
-1.26038
-1.26159
-1.26199
-1.26212
-1.26193
-1.26199
-1.26231
-1.26284
-1.26336
-1.26409
-1.26415
-1.26306
-1.2609
-1.25758
-1.2534
-1.24824
-1.24285
-1.23789
-1.23458
-1.23465
-1.23785
-1.24271
-1.24773
-1.25167
-1.25443
-1.25673
-1.25893
-1.26135
-1.26357
-1.26556
-1.26735
-1.26908
-1.27006
-1.27128
-1.2721
-1.27285
-1.27375
-1.27496
-1.27601
-1.2769
-1.27836
-1.27983
-1.28122
-1.28166
-1.2815
-1.28014
-1.27771
-1.27426
-1.26996
-1.265
-1.2596
-1.2546
-1.2516
-1.25138
-1.2544
-1.25965
-1.26627
-1.27276
-1.2779
-1.28072
-1.28178
-1.28155
-1.28077
-1.2799
-1.27982
-1.27976
-1.27919
-1.27707
-1.27329
-1.2677
-1.26074
-1.25329
-1.24601
-1.23935
-1.23309
-1.22739
-1.22216
-1.21732
-1.21386
-1.21209
-1.2122
-1.21363
-1.21679
-1.22079
-1.22632
-1.23286
-1.2401
-1.24804
-1.25586
-1.26298
-1.26898
-1.27378
-1.2773
-1.27984
-1.2811
-1.28177
-1.28135
-1.27979
-1.27616
-1.26982
-1.26099
-1.24986
-1.23728
-1.22487
-1.21396
-1.20514
-1.19896
-1.19478
-1.19345
-1.19427
-1.19794
-1.20396
-1.21262
-1.2229
-1.23379
-1.24435
-1.25384
-1.26164
-1.2674
-1.27039
-1.27103
-1.26912
-1.2648
-1.25877
-1.2517
-1.24363
-1.23551
-1.2283
-1.22219
-1.21823
-1.21595
-1.21515
-1.21522
-1.21568
-1.21674
-1.21991
-1.22767
-1.23981
-1.25361
-1.26635
-1.27602
-1.28155
-1.28442
-1.28608
-1.28667
-1.28651
-1.2848
-1.28218
-1.27861
-1.27485
-1.27126
-1.26769
-1.26464
-1.26165
-1.25882
-1.2562
-1.25536
-1.25643
-1.2587
-1.26123
-1.26225
-1.26099
-1.25737
-1.25227
-1.24738
-1.24291
-1.23982
-1.23905
-1.24056
-1.24364
-1.24723
-1.25039
-1.25325
-1.25577
-1.25855
-1.26201
-1.26639
-1.27163
-1.27639
-1.2801
-1.28234
-1.28239
-1.28109
-1.27806
-1.27348
-1.26826
-1.26393
-1.25989
-1.25726
-1.25635
-1.25617
-1.25683
-1.25784
-1.25852
-1.25826
-1.2573
-1.25553
-1.25332
-1.25188
-1.25106
-1.25101
-1.25119
-1.25116
-1.2505
-1.24957
-1.24906
-1.24898
-1.24985
-1.25114
-1.25245
-1.25351
-1.25394
-1.25423
-1.2542
-1.25449
-1.25519
-1.25708
-1.25994
-1.26345
-1.26634
-1.26772
-1.26733
-1.26619
-1.26473
-1.26359
-1.26324
-1.26338
-1.26396
-1.2646
-1.26484
-1.26405
-1.26231
-1.25954
-1.25518
-1.2491
-1.2417
-1.23382
-1.2258
-1.21916
-1.21473
-1.21324
-1.21288
-1.21246
-1.21083
-1.20775
-1.20349
-1.19949
-1.19671
-1.19549
-1.19657
-1.19974
-1.20413
-1.20934
-1.21449
-1.21871
-1.22216
-1.22517
-1.22851
-1.23185
-1.23576
-1.23934
-1.24194
-1.24185
-1.23945
-1.23445
-1.22729
-1.21894
-1.21057
-1.20364
-1.19963
-1.1986
-1.20017
-1.20273
-1.20527
-1.20758
-1.20974
-1.21265
-1.21628
-1.22133
-1.22695
-1.23337
-1.23976
-1.24547
-1.25019
-1.25297
-1.25406
-1.25268
-1.24887
-1.24338
-1.23689
-1.23038
-1.22585
-1.22418
-1.22635
-1.23093
-1.23666
-1.24177
-1.24554
-1.24774
-1.24845
-1.24803
-1.24723
-1.24673
-1.24627
-1.24641
-1.24683
-1.24663
-1.24443
-1.24117
-1.2365
-1.23118
-1.2259
-1.22114
-1.21768
-1.21464
-1.2128
-1.2119
-1.2118
-1.21136
-1.21121
-1.21132
-1.21216
-1.21462
-1.21914
-1.22568
-1.23344
-1.24115
-1.24792
-1.25364
-1.25747
-1.25956
-1.26029
-1.25957
-1.25812
-1.25528
-1.25208
-1.24847
-1.24434
-1.23969
-1.23567
-1.2319
-1.23053
-1.23244
-1.23785
-1.24654
-1.25658
-1.26594
-1.27357
-1.27807
-1.27897
-1.27654
-1.27229
-1.26608
-1.25935
-1.25257
-1.24726
-1.243
-1.24046
-1.23998
-1.24088
-1.24309
-1.24694
-1.25168
-1.25592
-1.25933
-1.26139
-1.26184
-1.26068
-1.25842
-1.25426
-1.24946
-1.24343
-1.23728
-1.23166
-1.2274
-1.22538
-1.22557
-1.22804
-1.23279
-1.23862
-1.24549
-1.25131
-1.25626
-1.25852
-1.25819
-1.25552
-1.25127
-1.24649
-1.24207
-1.23824
-1.23578
-1.2341
-1.23303
-1.23226
-1.23215
-1.23336
-1.2363
-1.24097
-1.24692
-1.25358
-1.25908
-1.26241
-1.26405
-1.26357
-1.26147
-1.25918
-1.25755
-1.25685
-1.25768
-1.25934
-1.26103
-1.26255
-1.26284
-1.26163
-1.2582
-1.25291
-1.24616
-1.2392
-1.23206
-1.22627
-1.22318
-1.22329
-1.22618
-1.23211
-1.2396
-1.2479
-1.25631
-1.26373
-1.27046
-1.27598
-1.28017
-1.28224
-1.28263
-1.28102
-1.27748
-1.27315
-1.26838
-1.26413
-1.26074
-1.259
-1.25886
-1.25982
-1.26186
-1.26445
-1.26722
-1.27006
-1.27243
-1.27424
-1.27458
-1.27413
-1.27324
-1.27276
-1.27315
-1.274
-1.275
-1.27537
-1.27506
-1.27351
-1.2707
-1.26678
-1.26208
-1.25741
-1.25253
-1.24739
-1.24172
-1.2364
-1.23412
-1.2368
-1.24452
-1.25344
-1.26129
-1.26646
-1.26926
-1.26985
-1.26877
-1.26617
-1.26323
-1.25993
-1.25733
-1.25595
-1.25681
-1.25976
-1.26467
-1.27011
-1.27437
-1.27571
-1.27381
-1.26797
-1.25968
-1.25084
-1.24271
-1.23677
-1.23281
-1.23137
-1.23354
-1.23998
-1.249
-1.25843
-1.26638
-1.27208
-1.27565
-1.27784
-1.27985
-1.28207
-1.28457
-1.28733
-1.28967
-1.29089
-1.29015
-1.28753
-1.28302
-1.27671
-1.26886
-1.26036
-1.25149
-1.24311
-1.23596
-1.23121
-1.22894
-1.22928
-1.23219
-1.23725
-1.24343
-1.24984
-1.25626
-1.26196
-1.26623
-1.26907
-1.27023
-1.26975
-1.26759
-1.26445
-1.26063
-1.25644
-1.25273
-1.25004
-1.24927
-1.24989
-1.25241
-1.25551
-1.25819
-1.26073
-1.26259
-1.26521
-1.26766
-1.27029
-1.27219
-1.27315
-1.2733
-1.2729
-1.2716
-1.26977
-1.26821
-1.2663
-1.26435
-1.26263
-1.26098
-1.2595
-1.25809
-1.25662
-1.2558
-1.25522
-1.25489
-1.2551
-1.25586
-1.25709
-1.25819
-1.2586
-1.25833
-1.25677
-1.25432
-1.25079
-1.24707
-1.24258
-1.23694
-1.23016
-1.2224
-1.21403
-1.20612
-1.19934
-1.19391
-1.19041
-1.18838
-1.18769
-1.18839
-1.19076
-1.19412
-1.19875
-1.20374
-1.20906
-1.21425
-1.2196
-1.22432
-1.22758
-1.22924
-1.22911
-1.22776
-1.22589
-1.22434
-1.22366
-1.22438
-1.22698
-1.2313
-1.23641
-1.24093
-1.24339
-1.24363
-1.24204
-1.23896
-1.23462
-1.2299
-1.22532
-1.22149
-1.21954
-1.22014
-1.22376
-1.23008
-1.23813
-1.24655
-1.25433
-1.26064
-1.2653
-1.26765
-1.26837
-1.26738
-1.26457
-1.2607
-1.25634
-1.25223
-1.24866
-1.24611
-1.2444
-1.24366
-1.2422
-1.2398
-1.23614
-1.23224
-1.22951
-1.2299
-1.23382
-1.23946
-1.24487
-1.2496
-1.25243
-1.25399
-1.25487
-1.25518
-1.25498
-1.25474
-1.254
-1.25348
-1.25353
-1.25444
-1.25621
-1.25908
-1.26211
-1.2645
-1.26565
-1.26524
-1.26353
-1.26093
-1.25742
-1.25318
-1.24853
-1.24433
-1.24089
-1.23811
-1.23613
-1.23532
-1.23555
-1.23707
-1.23924
-1.24075
-1.24218
-1.24328
-1.24451
-1.24632
-1.24891
-1.25146
-1.25374
-1.25516
-1.25541
-1.2546
-1.25295
-1.25189
-1.25113
-1.25085
-1.25091
-1.25042
-1.2491
-1.24608
-1.2416
-1.23577
-1.22977
-1.22356
-1.21884
-1.2157
-1.21519
-1.21675
-1.21985
-1.22353
-1.22802
-1.23286
-1.23678
-1.23986
-1.24172
-1.24247
-1.24237
-1.24203
-1.24071
-1.2383
-1.23549
-1.23209
-1.22813
-1.22481
-1.22227
-1.22109
-1.2209
-1.22166
-1.22266
-1.22384
-1.22426
-1.22489
-1.22454
-1.22396
-1.22432
-1.22638
-1.23036
-1.23588
-1.24223
-1.24786
-1.25274
-1.25635
-1.25848
-1.2592
-1.25887
-1.25727
-1.25543
-1.25352
-1.25189
-1.25045
-1.24905
-1.2479
-1.24693
-1.24623
-1.2463
-1.24831
-1.25262
-1.25895
-1.26596
-1.27265
-1.27818
-1.28213
-1.28438
-1.28469
-1.28312
-1.2791
-1.27325
-1.26603
-1.25835
-1.25074
-1.24338
-1.23708
-1.23221
-1.22913
-1.22795
-1.22787
-1.22964
-1.23256
-1.23548
-1.23802
-1.23837
-1.23677
-1.23244
-1.22607
-1.21861
-1.21143
-1.20691
-1.2054
-1.20673
-1.21027
-1.21578
-1.22212
-1.22887
-1.23562
-1.2424
-1.24917
-1.256
-1.2631
-1.26996
-1.27641
-1.28167
-1.28478
-1.28477
-1.28061
-1.27262
-1.26116
-1.24738
-1.23316
-1.2198
-1.20819
-1.19901
-1.19321
-1.19146
-1.19412
-1.20097
-1.2108
-1.22145
-1.23103
-1.23842
-1.24203
-1.24227
-1.24028
-1.23856
-1.23926
-1.2413
-1.24341
-1.24449
-1.24512
-1.24539
-1.24575
-1.24563
-1.24486
-1.24303
-1.24003
-1.23675
-1.23297
-1.22935
-1.22538
-1.22035
-1.21598
-1.21465
-1.21787
-1.22517
-1.23558
-1.24609
-1.25466
-1.26069
-1.26515
-1.26849
-1.27185
-1.27554
-1.27977
-1.2848
-1.28954
-1.2936
-1.2961
-1.29679
-1.29464
-1.28982
-1.28221
-1.27212
-1.26021
-1.24659
-1.2327
-1.21897
-1.20669
-1.19657
-1.18917
-1.1852
-1.18504
-1.1894
-1.19732
-1.20827
-1.22041
-1.23203
-1.24209
-1.24985
-1.25408
-1.25494
-1.25245
-1.24663
-1.23878
-1.22934
-1.22045
-1.21403
-1.21093
-1.21191
-1.21596
-1.2219
-1.2277
-1.23244
-1.2358
-1.23748
-1.23847
-1.23967
-1.24193
-1.24543
-1.24931
-1.25214
-1.25336
-1.25274
-1.2509
-1.24803
-1.24422
-1.23944
-1.23401
-1.22843
-1.22351
-1.22012
-1.21831
-1.21848
-1.21993
-1.22182
-1.22333
-1.22419
-1.22408
-1.22363
-1.22298
-1.22293
-1.22373
-1.22554
-1.22789
-1.23036
-1.23241
-1.23416
-1.23637
-1.23877
-1.2413
-1.24396
-1.24609
-1.24745
-1.24784
-1.24702
-1.24538
-1.24287
-1.24048
-1.23838
-1.23766
-1.23834
-1.2401
-1.24324
-1.24644
-1.24989
-1.25336
-1.25652
-1.25998
-1.26367
-1.26765
-1.27135
-1.27415
-1.27555
-1.27561
-1.27393
-1.27173
-1.26906
-1.26703
-1.26572
-1.26496
-1.26382
-1.26162
-1.25824
-1.25536
-1.25532
-1.25862
-1.26268
-1.26502
-1.26423
-1.26096
-1.25591
-1.24937
-1.24251
-1.23564
-1.22989
-1.22569
-1.22328
-1.22275
-1.22354
-1.22527
-1.22675
-1.22852
-1.2304
-1.23202
-1.23362
-1.23443
-1.23476
-1.23559
-1.23733
-1.24067
-1.24441
-1.24683
-1.24624
-1.24331
-1.23969
-1.23731
-1.23725
-1.24016
-1.2443
-1.24793
-1.24995
-1.25023
-1.24869
-1.24598
-1.24264
-1.23969
-1.23743
-1.23613
-1.23548
-1.23636
-1.23768
-1.23891
-1.23988
-1.23974
-1.23865
-1.23618
-1.23354
-1.23097
-1.22933
-1.22866
-1.22902
-1.23003
-1.23083
-1.23206
-1.23332
-1.23436
-1.23553
-1.23661
-1.23761
-1.2391
-1.24087
-1.24317
-1.24569
-1.24782
-1.24968
-1.25082
-1.25172
-1.25264
-1.25434
-1.2569
-1.26044
-1.26498
-1.26937
-1.27287
-1.27422
-1.27262
-1.26888
-1.26286
-1.25649
-1.24975
-1.24381
-1.2387
-1.23492
-1.23244
-1.23064
-1.22947
-1.22881
-1.22879
-1.23022
-1.23296
-1.23727
-1.2431
-1.24943
-1.25616
-1.26208
-1.26692
-1.2708
-1.27328
-1.27426
-1.27354
-1.27146
-1.26817
-1.26411
-1.26002
-1.25687
-1.25568
-1.25586
-1.25663
-1.25681
-1.25562
-1.25289
-1.24836
-1.24227
-1.23547
-1.22865
-1.22199
-1.21585
-1.21148
-1.20877
-1.20797
-1.20884
-1.21102
-1.21442
-1.21899
-1.22497
-1.23119
-1.23665
-1.24091
-1.24333
-1.24391
-1.24244
-1.23937
-1.23588
-1.2323
-1.23004
-1.22924
-1.23006
-1.23166
-1.23416
-1.2362
-1.23796
-1.23934
-1.24056
-1.24134
-1.24211
-1.24326
-1.24541
-1.24846
-1.25285
-1.25843
-1.26469
-1.27092
-1.27651
-1.28142
-1.28534
-1.28845
-1.2903
-1.29113
-1.29122
-1.29064
-1.28941
-1.28738
-1.28536
-1.28311
-1.28075
-1.27916
-1.2782
-1.27802
-1.27812
-1.27837
-1.27853
-1.27757
-1.27552
-1.27232
-1.26807
-1.2631
-1.25666
-1.2493
-1.24134
-1.23195
-1.22253
-1.21319
-1.20421
-1.1953
-1.18655
-1.17894
-1.17276
-1.16852
-1.16734
-1.17081
-1.1797
-1.19437
-1.21243
-1.23081
-1.24728
-1.26022
-1.26988
-1.27549
-1.2781
-1.27792
-1.27582
-1.27295
-1.26981
-1.26795
-1.26739
-1.26834
-1.27028
-1.2724
-1.27405
-1.27519
-1.27489
-1.27344
-1.27033
-1.26603
-1.26084
-1.25551
-1.25063
-1.24718
-1.24543
-1.24589
-1.2473
-1.24985
-1.25297
-1.25642
-1.25916
-1.26144
-1.26261
-1.26248
-1.2606
-1.25723
-1.25252
-1.24715
-1.24182
-1.2373
-1.23393
-1.23158
-1.22997
-1.22876
-1.22791
-1.22684
-1.22602
-1.22606
-1.22745
-1.23116
-1.2368
-1.24347
-1.251
-1.25856
-1.26507
-1.27038
-1.27377
-1.27509
-1.27412
-1.27082
-1.26527
-1.25777
-1.24962
-1.24165
-1.23431
-1.22753
-1.22233
-1.21827
-1.21486
-1.21327
-1.21299
-1.21476
-1.2178
-1.22146
-1.22522
-1.22851
-1.23133
-1.23294
-1.23402
-1.23505
-1.23644
-1.23862
-1.24253
-1.24821
-1.25524
-1.26222
-1.26843
-1.27322
-1.2759
-1.27564
-1.27298
-1.26794
-1.26105
-1.25271
-1.24407
-1.23593
-1.2293
-1.22408
-1.22051
-1.21763
-1.21454
-1.21084
-1.20708
-1.20376
-1.20086
-1.19877
-1.19704
-1.19622
-1.19649
-1.1979
-1.20077
-1.20504
-1.21031
-1.21613
-1.22194
-1.22692
-1.23082
-1.23415
-1.23753
-1.24118
-1.24523
-1.24914
-1.25216
-1.25477
-1.25694
-1.25989
-1.26287
-1.26595
-1.26935
-1.27244
-1.2752
-1.27621
-1.27572
-1.2735
-1.26926
-1.26362
-1.25764
-1.25155
-1.24575
-1.24094
-1.23705
-1.23449
-1.23398
-1.23572
-1.23988
-1.24595
-1.25332
-1.26076
-1.26721
-1.27178
-1.27427
-1.27544
-1.27542
-1.27537
-1.27595
-1.27771
-1.281
-1.28544
-1.28986
-1.29364
-1.29587
-1.29596
-1.29363
-1.28973
-1.28481
-1.28032
-1.27666
-1.27428
-1.27239
-1.27064
-1.26945
-1.26955
-1.27042
-1.27166
-1.27266
-1.27303
-1.27355
-1.27391
-1.27413
-1.2741
-1.27303
-1.27184
-1.2702
-1.26819
-1.26544
-1.26204
-1.25822
-1.25434
-1.25154
-1.24901
-1.24714
-1.24626
-1.24614
-1.24612
-1.24635
-1.24632
-1.24595
-1.24477
-1.24258
-1.2394
-1.23524
-1.23053
-1.22571
-1.22102
-1.21813
-1.21746
-1.21903
-1.22244
-1.22682
-1.23154
-1.23629
-1.24106
-1.24562
-1.25009
-1.25438
-1.25831
-1.26094
-1.26207
-1.26131
-1.25903
-1.25462
-1.24903
-1.24283
-1.23694
-1.23121
-1.22703
-1.22475
-1.22454
-1.22653
-1.22986
-1.23461
-1.24026
-1.24627
-1.25219
-1.25693
-1.25993
-1.26237
-1.26418
-1.26549
-1.2674
-1.26972
-1.27282
-1.27601
-1.27925
-1.28182
-1.28324
-1.28345
-1.28208
-1.27916
-1.27492
-1.26934
-1.26292
-1.25555
-1.24772
-1.23961
-1.23215
-1.22588
-1.22125
-1.21817
-1.21746
-1.21807
-1.21986
-1.22322
-1.22677
-1.22922
-1.23068
-1.23076
-1.23056
-1.23067
-1.23206
-1.23556
-1.24043
-1.2464
-1.25318
-1.25954
-1.26472
-1.26854
-1.2706
-1.27081
-1.26887
-1.26571
-1.26118
-1.25616
-1.25107
-1.24594
-1.24162
-1.23876
-1.23751
-1.23842
-1.24034
-1.24315
-1.24608
-1.24934
-1.25182
-1.25371
-1.25444
-1.25447
-1.25324
-1.25029
-1.24531
-1.23848
-1.22962
-1.21938
-1.20883
-1.19964
-1.19286
-1.18893
-1.18838
-1.19123
-1.19617
-1.20246
-1.20983
-1.21692
-1.22303
-1.22783
-1.23016
-1.2296
-1.22605
-1.22017
-1.21319
-1.20698
-1.20286
-1.20212
-1.20394
-1.20765
-1.21215
-1.2168
-1.22096
-1.22451
-1.22788
-1.23102
-1.23427
-1.23733
-1.24002
-1.24241
-1.24373
-1.24462
-1.24508
-1.24595
-1.24667
-1.24758
-1.24766
-1.24725
-1.24607
-1.24504
-1.24396
-1.24354
-1.24394
-1.24432
-1.24429
-1.24373
-1.24223
-1.23978
-1.23651
-1.23299
-1.22954
-1.22742
-1.22684
-1.22811
-1.231
-1.23538
-1.24052
-1.2463
-1.2516
-1.25629
-1.25992
-1.26286
-1.2651
-1.26689
-1.2689
-1.27087
-1.272
-1.27195
-1.27107
-1.26961
-1.26758
-1.26567
-1.26391
-1.26244
-1.26149
-1.26086
-1.25978
-1.25778
-1.25473
-1.25094
-1.24654
-1.24223
-1.23831
-1.23658
-1.23638
-1.23835
-1.24196
-1.24684
-1.25156
-1.25551
-1.25896
-1.26148
-1.26416
-1.26645
-1.26838
-1.2693
-1.2684
-1.26495
-1.25897
-1.25006
-1.23911
-1.22667
-1.21404
-1.20252
-1.19433
-1.19018
-1.19024
-1.1939
-1.19981
-1.20726
-1.21525
-1.22235
-1.22856
-1.2336
-1.23722
-1.23914
-1.24009
-1.24041
-1.24008
-1.23932
-1.23821
-1.23652
-1.23525
-1.23623
-1.23985
-1.24537
-1.2516
-1.25715
-1.26123
-1.26434
-1.26651
-1.26847
-1.27076
-1.27294
-1.27529
-1.27768
-1.27969
-1.28089
-1.28117
-1.28005
-1.27824
-1.27485
-1.27031
-1.2643
-1.25672
-1.24866
-1.24071
-1.23511
-1.23273
-1.23491
-1.24069
-1.2489
-1.25821
-1.26786
-1.27695
-1.28494
-1.29105
-1.29481
-1.2958
-1.29379
-1.28862
-1.282
-1.27497
-1.26873
-1.26369
-1.26055
-1.25854
-1.25623
-1.2525
-1.24756
-1.24085
-1.23381
-1.22725
-1.22289
-1.22172
-1.22381
-1.22869
-1.236
-1.24481
-1.2543
-1.26334
-1.27062
-1.27488
-1.27538
-1.27173
-1.2644
-1.25477
-1.24499
-1.23669
-1.23107
-1.22774
-1.22604
-1.2255
-1.2255
-1.22566
-1.22548
-1.22523
-1.22403
-1.22259
-1.22076
-1.21989
-1.22019
-1.22251
-1.22548
-1.22835
-1.23003
-1.23042
-1.23002
-1.23049
-1.23342
-1.23918
-1.2471
-1.25518
-1.26228
-1.26836
-1.2727
-1.27494
-1.27492
-1.27209
-1.26688
-1.25949
-1.25013
-1.23996
-1.22962
-1.22045
-1.2134
-1.21062
-1.21241
-1.2182
-1.22699
-1.23633
-1.24468
-1.25163
-1.25628
-1.25949
-1.26129
-1.26161
-1.26076
-1.25835
-1.25436
-1.24951
-1.24452
-1.23972
-1.23605
-1.23352
-1.23184
-1.23081
-1.22989
-1.22962
-1.23027
-1.2327
-1.23677
-1.24206
-1.24863
-1.25552
-1.26174
-1.2667
-1.26962
-1.27039
-1.26847
-1.26447
-1.25901
-1.25333
-1.2486
-1.24565
-1.24458
-1.24522
-1.24546
-1.24416
-1.24163
-1.23883
-1.23802
-1.2387
-1.23878
-1.23725
-1.23408
-1.23063
-1.22939
-1.23142
-1.236
-1.24117
-1.24514
-1.2475
-1.2483
-1.24804
-1.24732
-1.2462
-1.24484
-1.24389
-1.24267
-1.24146
-1.23959
-1.2371
-1.23367
-1.22955
-1.22462
-1.22027
-1.21715
-1.21553
-1.21603
-1.21831
-1.22228
-1.22751
-1.23416
-1.24133
-1.24947
-1.25773
-1.26584
-1.27265
-1.27719
-1.27867
-1.27694
-1.27276
-1.26694
-1.26086
-1.25556
-1.25184
-1.25114
-1.25379
-1.26002
-1.26784
-1.27636
-1.28386
-1.28875
-1.29124
-1.29017
-1.286
-1.27904
-1.26988
-1.25884
-1.2471
-1.23586
-1.2265
-1.21989
-1.2169
-1.21696
-1.21965
-1.2243
-1.23009
-1.23626
-1.2421
-1.2477
-1.25307
-1.2579
-1.26183
-1.26369
-1.2642
-1.2629
-1.26088
-1.25818
-1.25547
-1.25311
-1.25108
-1.25013
-1.25097
-1.2534
-1.25788
-1.26268
-1.26727
-1.27071
-1.27187
-1.27074
-1.26666
-1.26004
-1.25205
-1.24329
-1.23478
-1.22766
-1.22216
-1.21771
-1.2144
-1.21124
-1.20882
-1.20771
-1.20725
-1.20732
-1.20772
-1.20883
-1.21039
-1.21279
-1.21566
-1.21872
-1.22139
-1.22318
-1.22337
-1.22183
-1.21977
-1.21802
-1.21795
-1.22044
-1.22474
-1.23051
-1.23605
-1.24084
-1.24454
-1.24735
-1.24947
-1.25052
-1.2513
-1.25074
-1.24956
-1.24726
-1.24431
-1.24193
-1.24062
-1.24051
-1.24214
-1.24455
-1.24721
-1.25018
-1.25293
-1.25522
-1.25664
-1.25758
-1.25767
-1.25698
-1.25554
-1.25343
-1.25079
-1.24801
-1.24629
-1.24601
-1.24815
-1.25209
-1.25677
-1.26036
-1.26217
-1.26158
-1.25925
-1.25571
-1.2521
-1.24871
-1.2462
