-0.494559   -0.492134   0.4825
-0.352795   -0.332496   -0.499071
-0.492922   -0.333425   -0.334391
-0.343502   -0.491133   -0.338133
-0.165471   -0.498339   0.494733
-0.00686681   -0.323266   0.491879
-0.171637   -0.336958   -0.336031
-0.0149556   -0.49716   -0.329628
0.153642   0.492886   -0.492538
0.349278   -0.328762   0.494343
0.176462   -0.326963   -0.347275
0.34236   0.499315   -0.334562
-0.49861   -0.159848   0.491633
-0.32431   -0.00866262   -0.487345
0.496102   0.00137441   -0.344382
-0.328209   -0.165135   -0.331946
-0.153576   -0.163216   0.486068
-4.86956e-05   0.00516674   -0.499005
-0.168822   -0.0244855   -0.329878
0.00921445   -0.170746   -0.351896
0.183356   -0.16627   0.493134
0.326278   0.00970557   0.482546
0.164538   0.00563525   -0.340223
0.339356   -0.179068   -0.337184
-0.480067   0.175543   -0.476735
-0.315589   0.327969   -0.497728
-0.499721   0.349865   -0.343421
-0.298185   0.156421   -0.324181
-0.160073   0.166518   -0.488923
-0.00671494   0.333027   -0.494401
-0.180778   0.345681   -0.32828
-0.0329189   0.15571   -0.30921
0.162978   0.157407   -0.488413
0.346113   0.331306   -0.492626
0.138287   0.329106   -0.334668
0.342082   0.160823   -0.353369
0.498291   -0.484315   -0.163476
-0.296099   -0.34414   -0.157195
-0.485857   -0.330133   0.0314429
-0.363307   0.494768   -0.00178768
-0.162556   -0.499752   -0.166122
-0.00179848   -0.329973   -0.17975
-0.147353   -0.337953   0.0291167
0.0164779   -0.487195   -0.00408399
0.169728   -0.480612   -0.172061
0.341001   -0.324536   -0.163264
0.171534   -0.332542   -0.012833
0.31808   0.492849   -0.00189912
-0.487704   -0.178052   -0.150015
-0.342824   -0.00562706   -0.174988
0.475966   0.0332074   -0.0192084
-0.331902   -0.1457   0.0031639
-0.161406   -0.163867   -0.146927
0.00185891   -0.0113373   -0.165652
-0.157388   0.00261611   -0.00151299
0.017515   -0.165151   0.00919631
0.175139   -0.158045   -0.180836
0.333839   -0.0111462   -0.193501
0.18185   -0.00355409   -0.00368683
0.341582   -0.160674   -0.0108683
-0.488943   0.17357   -0.190306
-0.330283   0.342709   -0.164653
0.459089   0.334486   -0.0140377
-0.35365   0.164748   -0.00203143
-0.181294   0.177706   -0.151532
0.000563267   0.331766   -0.142202
-0.185396   0.357473   -0.00348323
-0.00656427   0.168797   0.00513606
0.153245   0.155729   -0.162384
0.314231   0.320526   -0.200887
0.163445   0.330084   0.0130002
0.315618   0.179448   -0.0032691
0.490894   0.476401   0.180235
-0.319358   -0.35245   0.167383
-0.485199   -0.341085   0.305003
-0.338085   -0.499877   0.32705
-0.142942   0.496081   0.164658
-0.000697518   -0.332189   0.176389
-0.180795   -0.328441   0.354234
0.0149177   0.499796   0.340551
0.157901   0.486831   0.166488
0.324097   -0.356745   0.188571
0.163143   -0.33737   0.349596
0.32177   0.490282   0.351335
-0.493208   -0.156428   0.188273
-0.332808   0.00943327   0.154351
-0.491233   -0.000166704   0.343845
-0.329448   -0.165845   0.332306
-0.165425   -0.168014   0.184105
-0.00336445   0.000385347   0.182109
-0.171544   0.00918041   0.342347
0.0147254   -0.164908   0.343724
0.16101   -0.168885   0.162458
0.344266   0.00253801   0.155961
0.159393   0.000629215   0.335451
0.332685   -0.164051   0.318253
0.486941   0.173542   0.147609
-0.337597   0.348772   0.161001
-0.479388   0.330719   0.348857
-0.347401   0.15933   0.315235
-0.166112   0.165763   0.141198
-0.00602914   0.332012   0.147213
-0.17452   0.311172   0.329656
-0.00498369   0.171172   0.331202
0.162102   0.159303   0.185039
0.327731   0.33423   0.172879
0.170694   0.312006   0.343881
0.333426   0.155309   0.32356
