1.21156
1.22035
1.22616
1.2293
1.22957
1.22642
1.21951
1.20934
1.19727
1.18498
1.17375
1.16407
1.15541
1.14665
1.13693
1.12615
1.11529
1.10585
1.09908
1.09531
1.09398
1.09448
1.09679
1.10155
1.10935
1.11999
1.13242
1.14507
1.1564
1.16549
1.17188
1.17532
1.17551
1.17208
1.16481
1.15392
1.14057
1.12716
1.11687
1.11282
1.117
1.12953
1.14855
1.17098
1.19324
1.21212
1.22516
1.23097
1.22936
1.22142
1.20899
1.19416
1.17847
1.16268
1.14681
1.13046
1.11337
1.09579
1.07865
1.06354
1.05223
1.04619
1.04591
1.05064
1.05875
1.06857
1.07921
1.09072
1.10383
1.11946
1.13817
1.15937
1.18151
1.20263
1.22137
1.23737
1.25069
1.26091
1.26688
1.26727
1.26108
1.24788
1.22786
1.20179
1.17105
1.13781
1.10496
1.07581
1.05348
1.04023
1.0369
1.04275
1.05578
1.0733
1.09269
1.11169
1.12862
1.14252
1.1532
1.16106
