-5.48166
-5.48393
-5.48296
-5.48134
-5.48295
-5.4836
-5.48295
-5.48068
-5.47971
-5.48003
-5.481
-5.48035
-5.48036
-5.47907
-5.47875
-5.48231
-5.48134
-5.47875
-5.47875
-5.4768
-5.47454
-5.47551
-5.47583
-5.47648
-5.47551
-5.47712
-5.47809
-5.47777
-5.47809
-5.47939
-5.47939
-5.48003
-5.48101
-5.48263
-5.48166
-5.4836
-5.48522
-5.48328
-5.48458
-5.48328
-5.48328
-5.48134
-5.48296
-5.48425
-5.48457
-5.4849
-5.48425
-5.48392
-5.48587
-5.48393
-5.48296
-5.48199
-5.48263
-5.48199
-5.48037
-5.48005
-5.4807
-5.48005
-5.48038
-5.4807
-5.48102
-5.47973
-5.4794
-5.47908
-5.48005
-5.47875
-5.48102
-5.48167
-5.48394
-5.48523
-5.48588
-5.48394
-5.48134
-5.4794
-5.47875
-5.4794
-5.48134
-5.48297
-5.48361
-5.47908
-5.47876
-5.47843
-5.47745
-5.47811
-5.47875
-5.47844
-5.47973
-5.47876
-5.47909
-5.48005
-5.47811
-5.47908
-5.4807
-5.48296
-5.48264
-5.48425
-5.48361
-5.48361
-5.48167
-5.4807
