-6.87344
-6.87044
-6.86356
-6.85255
-6.84528
-6.83882
-6.83899
-6.84594
-6.85565
-6.86631
-6.87762
-6.88393
-6.88605
-6.88022
-6.86659
-6.84658
-6.82103
-6.78851
-6.75529
-6.72317
-6.6941
-6.67024
-6.65342
-6.64412
-6.6428
-6.64914
-6.66048
-6.67469
-6.69282
-6.71065
-6.72887
-6.75189
-6.77203
-6.79099
-6.80582
-6.81057
-6.81402
-6.80728
-6.79575
-6.77751
-6.75617
-6.73318
-6.71124
-6.68929
-6.67498
-6.66866
-6.6737
-6.68794
-6.70934
-6.7377
-6.76768
-6.79486
-6.81838
-6.83538
-6.84105
-6.83721
-6.82833
-6.80927
-6.7889
-6.76544
-6.74132
-6.72178
-6.70725
-6.69839
-6.6957
-6.69911
-6.70978
-6.72812
-6.7478
-6.76807
-6.79038
-6.80873
-6.81876
-6.82216
-6.81684
-6.80508
-6.78592
-6.76033
-6.73829
-6.7145
-6.69751
-6.684
-6.68136
-6.68675
-6.69532
-6.7079
-6.71665
-6.72734
-6.7302
-6.72837
-6.72221
-6.71559
-6.71058
-6.7072
-6.70767
-6.71275
-6.7192
-6.73563
-6.74804
-6.76283
