0.800542
0.797678
0.79114
0.78167
0.770684
0.759809
0.750694
0.744749
0.743398
0.748083
0.759833
0.778501
0.802392
0.828542
0.853535
0.874351
0.88885
0.895907
0.895348
0.887725
0.874044
0.855538
0.83352
0.809425
0.784847
0.761409
0.740752
0.724295
0.713118
0.707745
0.708103
0.713788
0.724235
0.73878
0.756559
0.776348
0.796537
0.815248
0.830491
0.840491
0.844049
0.840805
0.831468
0.817696
0.801864
0.786574
0.774201
0.766497
0.764263
0.767395
0.775113
0.786403
0.800308
0.81584
0.831432
0.844785
0.853521
0.85609
0.852387
0.84372
0.832251
0.82032
0.809994
0.802817
0.799433
0.799579
0.802117
0.805472
0.807996
0.808407
0.806086
0.801226
0.794652
0.787432
0.780652
0.775099
0.770928
0.767591
0.764118
0.760098
0.756745
0.757265
0.765307
0.782064
0.804944
0.829373
0.851423
0.868789
0.880535
0.88637
0.886609
0.88203
0.874092
0.864616
0.855358
0.847529
0.841424
0.836369
0.831337
0.825402
