-5.56452
-5.56419
-5.56355
-5.5616
-5.56063
-5.55966
-5.55966
-5.55998
-5.55901
-5.55706
-5.55771
-5.55642
-5.55545
-5.55286
-5.55577
-5.55836
-5.55901
-5.55933
-5.56127
-5.55901
-5.56063
-5.56224
-5.5616
-5.55998
-5.55836
-5.55868
-5.55933
-5.56095
-5.56095
-5.56224
-5.56128
-5.56127
-5.56127
-5.56192
-5.56322
-5.56451
-5.56419
-5.56321
-5.56418
-5.56321
-5.56256
-5.56094
-5.56159
-5.55868
-5.56095
-5.55901
-5.5603
-5.56063
-5.5616
-5.55965
-5.55868
-5.55544
-5.55803
-5.55771
-5.55803
-5.55868
-5.559
-5.56094
-5.56062
-5.56127
-5.56094
-5.55868
-5.55965
-5.55932
-5.55868
-5.55997
-5.55836
-5.55771
-5.559
-5.56062
-5.56127
-5.56094
-5.56257
-5.56159
-5.56515
-5.56613
-5.56451
-5.56548
-5.56483
-5.56515
-5.56547
-5.5645
-5.56288
-5.56094
-5.56094
-5.56158
-5.56029
-5.55996
-5.55964
-5.56093
-5.56191
-5.56094
-5.56191
-5.56288
-5.56094
-5.56191
-5.56191
-5.56256
-5.56224
-5.56159
