-7.13985
-7.1113
-7.07325
-7.02618
-6.97537
-6.92536
-6.87903
-6.84016
-6.8118
-6.78917
-6.7755
-6.77315
-6.77756
-6.78505
-6.79993
-6.81622
-6.83286
-6.84744
-6.85892
-6.86611
-6.86944
-6.86665
-6.86586
-6.8588
-6.85455
-6.84924
-6.84949
-6.85228
-6.8568
-6.86645
-6.87628
-6.88564
-6.89412
-6.89919
-6.90389
-6.90599
-6.90843
-6.9125
-6.9233
-6.93336
-6.94249
-6.9498
-6.95088
-6.94558
-6.93448
-6.91862
-6.89961
-6.88145
-6.86343
-6.84822
-6.83556
-6.82514
-6.81621
-6.8108
-6.80334
-6.79786
-6.79399
-6.79498
-6.79961
-6.80983
-6.82417
-6.84016
-6.86126
-6.88354
-6.90554
-6.92666
-6.94776
-6.96564
-6.97975
-6.99057
-6.99918
-7.0094
-7.01212
-7.01045
-7.00731
-7.00355
-6.99528
-6.98457
-6.96985
-6.95131
-6.92826
-6.90113
-6.8696
-6.83778
-6.8116
-6.79027
-6.77358
-6.7667
-6.76686
-6.76887
-6.77429
-6.78043
-6.79062
-6.80148
-6.81299
-6.8255
-6.83796
-6.84934
-6.86042
-6.86907
