0.803395
0.802045
0.797248
0.790985
0.785276
0.781833
0.781733
0.785286
0.79176
0.799726
0.807261
0.812331
0.813311
0.809211
0.799911
0.785918
0.76824
0.748074
0.726789
0.705805
0.686647
0.670738
0.659311
0.65311
0.652231
0.656028
0.663367
0.673059
0.68428
0.696596
0.709828
0.723663
0.737299
0.749511
0.758961
0.764505
0.765511
0.761878
0.753981
0.742465
0.728238
0.712484
0.696774
0.683011
0.673255
0.669258
0.671973
0.681248
0.695946
0.714202
0.733757
0.752307
0.767771
0.778456
0.783318
0.782047
0.775052
0.763428
0.748769
0.732912
0.717694
0.704674
0.694986
0.689295
0.687935
0.690851
0.697753
0.708033
0.720722
0.734451
0.747593
0.758532
0.765866
0.768566
0.766097
0.758473
0.746345
0.731017
0.714381
0.698735
0.686331
0.67884
0.676863
0.679807
0.686166
0.693899
0.70103
0.705993
0.707902
0.706686
0.703011
0.698165
0.693748
0.69128
0.691808
0.695625
0.7023
0.710875
0.72023
0.729439
