-5.52625
-5.52431
-5.52658
-5.52528
-5.52657
-5.5269
-5.52593
-5.52431
-5.52399
-5.51978
-5.52011
-5.51946
-5.5214
-5.52334
-5.52237
-5.5214
-5.52334
-5.52398
-5.52366
-5.52592
-5.52527
-5.5256
-5.5256
-5.52625
-5.52496
-5.52528
-5.52399
-5.52431
-5.52205
-5.52205
-5.5214
-5.52205
-5.52269
-5.52269
-5.52496
-5.52366
-5.52399
-5.52334
-5.52399
-5.52529
-5.52464
-5.52367
-5.52205
-5.52172
-5.52237
-5.52302
-5.52237
-5.52075
-5.52172
-5.52075
-5.5214
-5.52205
-5.52237
-5.52464
-5.52496
-5.52496
-5.52334
-5.52366
-5.52496
-5.52399
-5.52431
-5.52496
-5.52463
-5.52561
-5.52561
-5.52529
-5.52399
-5.52238
-5.52173
-5.52011
-5.52043
-5.51978
-5.52173
-5.52367
-5.52108
-5.52108
-5.51946
-5.52108
-5.52237
-5.52367
-5.5227
-5.5227
-5.52076
-5.52238
-5.524
-5.52368
-5.52626
-5.52594
-5.52497
-5.524
-5.524
-5.52465
-5.52497
-5.52303
-5.52433
-5.52465
-5.52627
-5.52627
-5.5253
-5.52595
