1.20081
1.19652
1.18671
1.1725
1.15603
1.13971
1.12604
1.11712
1.1151
1.12212
1.13975
1.16775
1.20359
1.24281
1.2803
1.31153
1.33328
1.34386
1.34302
1.33159
1.31107
1.28331
1.25028
1.21414
1.17727
1.14211
1.11113
1.08644
1.06968
1.06162
1.06215
1.07068
1.08635
1.10817
1.13484
1.16452
1.1948
1.22287
1.24574
1.26074
1.26607
1.26121
1.2472
1.22654
1.2028
1.17986
1.1613
1.14975
1.14639
1.15109
1.16267
1.1796
1.20046
1.22376
1.24715
1.26718
1.28028
1.28413
1.27858
1.26558
1.24838
1.23048
1.21499
1.20423
1.19915
1.19937
1.20317
1.20821
1.21199
1.21261
1.20913
1.20184
1.19198
1.18115
1.17098
1.16265
1.15639
1.15139
1.14618
1.14015
1.13512
1.1359
1.14796
1.1731
1.20742
1.24406
1.27713
1.30318
1.3208
1.32956
1.32991
1.32304
1.31114
1.29692
1.28304
1.27129
1.26214
1.25455
1.247
1.2381
