-6.68247
-6.68045
-6.66966
-6.65384
-6.63898
-6.62331
-6.60899
-6.5978
-6.5948
-6.60215
-6.62075
-6.64811
-6.68395
-6.72188
-6.75905
-6.79383
-6.81461
-6.82261
-6.82177
-6.80839
-6.7856
-6.75881
-6.72611
-6.69061
-6.65278
-6.61924
-6.58922
-6.56421
-6.54777
-6.54101
-6.54154
-6.55072
-6.56736
-6.5908
-6.6165
-6.64812
-6.68003
-6.70615
-6.73031
-6.74402
-6.74936
-6.74255
-6.73016
-6.7108
-6.68737
-6.66476
-6.64555
-6.63367
-6.63226
-6.63502
-6.64562
-6.66159
-6.6831
-6.70575
-6.72752
-6.74723
-6.76098
-6.76419
-6.75896
-6.74628
-6.7294
-6.71021
-6.69439
-6.6833
-6.6792
-6.67812
-6.6842
-6.68988
-6.69593
-6.69784
-6.69501
-6.68577
-6.67332
-6.66055
-6.64973
-6.64205
-6.63774
-6.63435
-6.62979
-6.61923
-6.61387
-6.61433
-6.62541
-6.6512
-6.68617
-6.72249
-6.75687
-6.78195
-6.79989
-6.80961
-6.80802
-6.80213
-6.79184
-6.77989
-6.76567
-6.75555
-6.74574
-6.73816
-6.72867
-6.7188
