-5.66834
-5.66737
-5.66769
-5.66607
-5.66737
-5.66607
-5.66639
-5.66801
-5.66801
-5.66672
-5.66673
-5.66543
-5.66608
-5.6664
-5.66673
-5.6677
-5.66867
-5.6664
-5.66511
-5.66446
-5.66413
-5.66413
-5.66445
-5.66445
-5.66446
-5.6651
-5.66543
-5.6651
-5.6664
-5.66575
-5.66413
-5.6664
-5.66608
-5.66673
-5.66737
-5.66381
-5.66575
-5.66446
-5.66478
-5.66381
-5.66381
-5.66446
-5.66607
-5.66478
-5.6651
-5.66477
-5.66574
-5.66607
-5.66543
-5.6664
-5.66705
-5.6664
-5.66673
-5.6677
-5.66608
-5.66413
-5.66575
-5.66413
-5.66575
-5.66607
-5.66477
-5.66477
-5.66477
-5.66445
-5.6638
-5.66283
-5.66315
-5.66607
-5.66672
-5.6664
-5.66899
-5.67093
-5.66996
-5.66931
-5.66769
-5.66737
-5.6664
-5.66381
-5.66672
-5.66639
-5.66801
-5.66574
-5.66607
-5.66704
-5.66607
-5.66705
-5.66511
-5.66834
-5.66835
-5.66834
-5.66769
-5.66834
-5.66996
-5.67028
-5.66996
-5.66931
-5.66575
-5.66931
-5.6677
-5.66867
