0	0	0
0.0128248	0	0
0.0256496	0	0
0.0384745	0	0
0.0512993	0	0
0.0641241	0	0
0.0769489	0	0
0.0897737	0	0
0.102599	0	0
0.115423	0	0
0.128248	0	0
0.141073	0	0
0.153898	0	0
0.166723	0	0
0.179547	0	0
0.192372	0	0
0.205197	0	0
0.218022	0	0
0.230847	0	0
0.243672	0	0
0.256496	0	0
0.269321	0	0
0.282146	0	0
0.294971	0	0
0.307796	0	0
0.32062	0	0
0.333445	0	0
0.34627	0	0
0.359095	0	0
0.37192	0	0
0.384745	0	0
0.397569	0	0
0.410394	0	0
0.423219	0	0
0.436044	0	0
0.448869	0	0
0.461694	0	0
0.474518	0	0
0.487343	0	0
0.500168	0	0
0.512993	0	0
0.525818	0	0
0.538642	0	0
0.551467	0	0
0.564292	0	0
0.577117	0	0
0.589942	0	0
0.602767	0	0
0.615591	0	0
0.628416	0	0
0.641241	0	0
0.654066	0	0
0.666891	0	0
0.679715	0	0
0.69254	0	0
0.705365	0	0
0.71819	0	0
0.731015	0	0
0.74384	0	0
0.756664	0	0
0.769489	0	0
0.782314	0	0
0.795139	0	0
0.807964	0	0
0.820788	0	0
0.833613	0	0
0.846438	9.8735e-06	9.8735e-06
0.859263	0.000114997	5.69225e-05
0.872088	0.00038152	0.000104506
0.884913	0.00287457	0.00026814
0.897737	0.0125273	0.000601382
0.910562	0.0432255	0.00119033
0.923387	0.113846	0.00159273
0.936212	0.248106	0.00259493
0.949037	0.458113	0.00531148
0.961861	0.728317	0.00475232
0.974686	1.05769	0.00657121
0.987511	1.40857	0.0071698
1.00034	1.73572	0.00756739
1.01316	2.01743	0.00717601
1.02599	2.24044	0.00836285
1.03881	2.40732	0.00689728
1.05164	2.50915	0.00747089
1.06446	2.55474	0.00604219
1.07728	2.55572	0.0065096
1.09011	2.50755	0.00697197
1.10293	2.43782	0.0072705
1.11576	2.33784	0.00687313
1.12858	2.23876	0.00530762
1.14141	2.12595	0.00719513
1.15423	2.01886	0.00663654
1.16706	1.89676	0.00517209
1.17988	1.79571	0.00534272
1.19271	1.69184	0.00488936
1.20553	1.59825	0.00352705
1.21836	1.50309	0.00487913
1.23118	1.41855	0.0041103
1.24401	1.34657	0.00468124
1.25683	1.27071	0.00413157
1.26966	1.21246	0.00462096
1.28248	1.15608	0.00505972
1.29531	1.09	0.00399012
1.30813	1.04735	0.00380378
1.32096	1.00109	0.00401765
1.33378	0.958657	0.00366797
1.34661	0.924655	0.0033527
1.35943	0.88894	0.00313827
1.37226	0.856575	0.00337102
1.38508	0.832532	0.00300121
1.39791	0.809242	0.00322428
1.41073	0.787964	0.00324236
1.42355	0.765036	0.00328945
1.43638	0.751223	0.00287888
1.4492	0.737166	0.00316712
1.46203	0.721902	0.00291941
1.47485	0.708293	0.00296364
1.48768	0.70125	0.00293646
1.5005	0.690851	0.0028863
1.51333	0.684927	0.0028452
1.52615	0.679881	0.00256538
1.53898	0.673921	0.00302206
1.5518	0.679017	0.00273403
1.56463	0.674905	0.00291768
1.57745	0.676349	0.00216541
1.59028	0.680382	0.00260442
1.6031	0.68557	0.00228164
1.61593	0.69266	0.00278077
1.62875	0.692903	0.00289333
1.64158	0.701245	0.00299229
1.6544	0.71341	0.00236373
1.66723	0.720769	0.00256669
1.68005	0.729452	0.00292418
1.69288	0.747314	0.00240471
1.7057	0.760348	0.00264979
1.71853	0.77848	0.0031288
1.73135	0.79039	0.00316799
1.74418	0.809043	0.00299098
1.757	0.824403	0.00269084
1.76983	0.845276	0.00298825
1.78265	0.865809	0.00329667
1.79547	0.883414	0.00268619
1.8083	0.904832	0.00343974
1.82112	0.924763	0.00368534
1.83395	0.940447	0.0032169
1.84677	0.967222	0.00285766
1.8596	0.986496	0.00286787
1.87242	1.00406	0.00289275
1.88525	1.02514	0.00340851
1.89807	1.04251	0.0028835
1.9109	1.0638	0.00235829
1.92372	1.08529	0.00301209
1.93655	1.09873	0.00227619
1.94937	1.1196	0.00279362
1.9622	1.13618	0.00239241
1.97502	1.15137	0.00304673
1.98785	1.16271	0.00269554
2.00067	1.18109	0.00318033
2.0135	1.18459	0.00256483
2.02632	1.19377	0.00269907
2.03915	1.20712	0.00269194
2.05197	1.21369	0.00288379
2.0648	1.21281	0.00249215
2.07762	1.21245	0.00237618
2.09045	1.2101	0.0025089
2.10327	1.21196	0.0026746
2.1161	1.20308	0.00238185
2.12892	1.19757	0.00254737
2.14174	1.18683	0.00237148
2.15457	1.17357	0.00273819
2.16739	1.16604	0.00271292
2.18022	1.15215	0.00271209
2.19304	1.14154	0.00262373
2.20587	1.13043	0.00239645
2.21869	1.11686	0.00260763
2.23152	1.10133	0.002287
2.24434	1.08416	0.00224272
2.25717	1.07275	0.00228461
2.26999	1.06078	0.00229644
2.28282	1.0476	0.0021687
2.29564	1.03361	0.00247837
2.30847	1.01869	0.00234828
2.32129	1.00665	0.00214146
2.33412	0.996039	0.00273684
2.34694	0.982187	0.00253565
2.35977	0.974132	0.00251577
2.37259	0.965169	0.00244051
2.38542	0.952871	0.00240202
2.39824	0.946839	0.00204477
2.41107	0.937341	0.00234975
2.42389	0.929257	0.0019701
2.43672	0.922975	0.00227633
2.44954	0.916729	0.00241738
2.46237	0.911509	0.00224153
2.47519	0.908958	0.0017112
2.48802	0.90627	0.00201454
2.50084	0.891856	0.00216894
2.51366	0.890334	0.00229167
2.52649	0.887833	0.00206542
2.53931	0.88683	0.00229115
