0	0	0
0.0115332	0	0
0.0230664	0	0
0.0345996	0	0
0.0461329	0	0
0.0576661	0	0
0.0691993	0	0
0.0807325	0	0
0.0922657	0	0
0.103799	0	0
0.115332	0	0
0.126865	0	0
0.138399	0	0
0.149932	0	0
0.161465	0	0
0.172998	0	0
0.184531	0	0
0.196065	0	0
0.207598	0	0
0.219131	0	0
0.230664	0	0
0.242198	0	0
0.253731	0	0
0.265264	0	0
0.276797	0	0
0.28833	0	0
0.299864	0	0
0.311397	0	0
0.32293	0	0
0.334463	0	0
0.345996	0	0
0.35753	0	0
0.369063	0	0
0.380596	0	0
0.392129	0	0
0.403663	0	0
0.415196	0	0
0.426729	0	0
0.438262	0	0
0.449795	0	0
0.461329	0	0
0.472862	0	0
0.484395	0	0
0.495928	0	0
0.507461	0	0
0.518995	0	0
0.530528	0	0
0.542061	0	0
0.553594	0	0
0.565128	0	0
0.576661	0	0
0.588194	0	0
0.599727	0	0
0.61126	0	0
0.622794	0	0
0.634327	0	0
0.64586	0	0
0.657393	0	0
0.668926	0	0
0.68046	0	0
0.691993	0	0
0.703526	0	0
0.715059	0	0
0.726593	0	0
0.738126	0	0
0.749659	0	0
0.761192	0	0
0.772725	0	0
0.784259	0	0
0.795792	0	0
0.807325	0	0
0.818858	0	0
0.830391	0	0
0.841925	0	0
0.853458	0	0
0.864991	0	0
0.876524	0	0
0.888058	0.000116314	5.58756e-05
0.899591	0.000609363	0.000107662
0.911124	0.00435925	0.000269612
0.922657	0.0179161	0.000488838
0.93419	0.0577752	0.00124732
0.945724	0.158686	0.0015213
0.957257	0.359051	0.00319416
0.96879	0.697605	0.00415371
0.980323	1.18565	0.00531973
0.991856	1.81344	0.00553387
1.00339	2.54033	0.00621032
1.01492	3.25757	0.00656626
1.02646	3.94045	0.00730081
1.03799	4.49009	0.00705009
1.04952	4.84698	0.00878902
1.06106	5.0147	0.0058835
1.07259	4.96114	0.00840494
1.08412	4.75805	0.0080416
1.09566	4.41011	0.00712912
1.10719	3.96916	0.00788171
1.11872	3.46805	0.00677586
1.13026	2.95788	0.00701385
1.14179	2.46441	0.00563886
1.15332	2.0155	0.00423813
1.16485	1.60895	0.0040293
1.17639	1.25488	0.00357641
1.18792	0.959231	0.00296914
1.19945	0.718777	0.00300137
1.21099	0.534014	0.0029889
1.22252	0.38349	0.00193037
1.23405	0.274777	0.00204784
1.24559	0.192721	0.00183021
1.25712	0.133974	0.00148157
1.26865	0.0923318	0.00124241
1.28019	0.0651675	0.00112066
1.29172	0.0472576	0.00113524
1.30325	0.03806	0.00100067
1.31479	0.0354631	0.000990448
1.32632	0.0379513	0.00107839
1.33785	0.0479416	0.000977291
1.34939	0.0623854	0.00116116
1.36092	0.0850185	0.0013308
1.37245	0.113209	0.00148457
1.38399	0.152787	0.00184397
1.39552	0.198459	0.00148267
1.40705	0.258512	0.00174977
1.41859	0.32838	0.00188495
1.43012	0.409322	0.00207576
1.44165	0.490109	0.00138153
1.45319	0.584839	0.0018633
1.46472	0.672297	0.00216217
1.47625	0.765523	0.00250244
1.48778	0.845246	0.00277971
1.49932	0.915288	0.00328728
1.51085	0.95729	0.00359545
1.52238	0.986953	0.0032806
1.53392	0.986575	0.00371658
1.54545	0.961597	0.00318059
1.55698	0.920476	0.00270561
1.56852	0.856399	0.00252935
1.58005	0.776022	0.00216412
1.59158	0.689396	0.00153981
1.60312	0.595473	0.00176963
1.61465	0.509461	0.00167379
1.62618	0.422038	0.00136691
1.63772	0.341328	0.0015236
1.64925	0.277526	0.00160278
1.66078	0.223191	0.00155506
1.67232	0.190811	0.00174274
1.68385	0.173548	0.00202752
1.69538	0.177673	0.00202595
1.70692	0.205523	0.00207838
1.71845	0.261272	0.00255349
1.72998	0.346112	0.00271353
1.74152	0.464658	0.00236827
1.75305	0.623798	0.00273627
1.76458	0.816781	0.00300314
1.77612	1.04526	0.00262751
1.78765	1.30764	0.00252025
1.79918	1.58311	0.00264515
1.81071	1.86618	0.00328138
1.82225	2.13817	0.00308623
1.83378	2.37303	0.00369323
1.84531	2.57203	0.00463631
1.85685	2.70598	0.00445479
1.86838	2.7772	0.00510178
1.87991	2.76286	0.00587758
1.89145	2.68546	0.00529573
1.90298	2.5323	0.00457264
1.91451	2.3347	0.00400756
1.92605	2.08544	0.00347615
1.93758	1.83272	0.00310364
1.94911	1.56241	0.0030587
1.96065	1.3063	0.00213516
1.97218	1.07042	0.00242233
1.98371	0.861142	0.00221644
1.99525	0.689407	0.0023155
2.00678	0.559083	0.00257877
2.01831	0.4672	0.00232829
2.02985	0.413729	0.00239549
2.04138	0.398024	0.00259251
2.05291	0.414375	0.00208025
2.06445	0.461948	0.00255592
2.07598	0.530739	0.00196801
2.08751	0.615181	0.00170324
2.09905	0.708053	0.00180558
2.11058	0.806306	0.00155386
2.12211	0.891166	0.0018106
2.13364	0.963865	0.00187987
2.14518	1.01765	0.00228057
2.15671	1.04629	0.00238812
2.16824	1.05141	0.00251936
2.17978	1.03267	0.00207031
2.19131	0.980619	0.00176343
2.20284	0.887084	0.00167182
2.21438	0.819381	0.00123808
2.22591	0.747167	0.00151636
2.23744	0.675735	0.001709
2.24898	0.615121	0.00203913
2.26051	0.569923	0.00223782
2.27204	0.542098	0.0026363
2.28358	0.540366	0.00286901
