1	6.2956e-20	6.2956e-20	0
2	6.5116e-20	6.4036e-20	1.07998e-21
3	7.3217e-20	6.70963e-20	3.1232e-21
4	7.27242e-20	6.85033e-20	2.61854e-21
5	5.85037e-20	6.65034e-20	2.84846e-21
6	6.04023e-20	6.54865e-20	2.53833e-21
7	5.35744e-20	6.37848e-20	2.73827e-21
8	6.76709e-20	6.42705e-20	2.42065e-21
9	6.5357e-20	6.43913e-20	2.13823e-21
10	6.70124e-20	6.46534e-20	1.93037e-21
11	6.59398e-20	6.47703e-20	1.74999e-21
12	8.00933e-20	6.60472e-20	2.04513e-21
13	6.71331e-20	6.61308e-20	1.8831e-21
14	6.51006e-20	6.60572e-20	1.74497e-21
15	6.5419e-20	6.60146e-20	1.62503e-21
16	7.54111e-20	6.66019e-20	1.62958e-21
17	6.98409e-20	6.67924e-20	1.54254e-21
18	6.30846e-20	6.65865e-20	1.46883e-21
19	6.17474e-20	6.63318e-20	1.41253e-21
20	6.55528e-20	6.62928e-20	1.34061e-21
21	6.45287e-20	6.62088e-20	1.27794e-21
22	6.83602e-20	6.63066e-20	1.22238e-21
23	6.48126e-20	6.62417e-20	1.16983e-21
24	6.91005e-20	6.63608e-20	1.12634e-21
25	6.45571e-20	6.62886e-20	1.08276e-21
26	6.32071e-20	6.61701e-20	1.04701e-21
27	6.15295e-20	6.59982e-20	1.02204e-21
28	6.14655e-20	6.58363e-20	9.9808e-22
29	7.2232e-20	6.60569e-20	9.87978e-22
30	6.73503e-20	6.61e-20	9.5545e-22
31	6.97769e-20	6.62186e-20	9.31696e-22
32	6.42902e-20	6.61583e-20	9.04121e-22
33	6.28603e-20	6.60584e-20	8.81976e-22
34	6.56521e-20	6.60465e-20	8.55726e-22
35	5.66009e-20	6.57766e-20	8.73644e-22
36	6.02414e-20	6.56228e-20	8.62839e-22
37	6.26373e-20	6.55421e-20	8.43066e-22
38	7.85316e-20	6.5884e-20	8.88931e-22
39	6.15174e-20	6.5772e-20	8.73047e-22
40	6.0238e-20	6.56337e-20	8.62114e-22
