1	-1.25921e-20	-1.25921e-20	0
2	-1.25859e-20	-1.2589e-20	3.09619e-24
3	-1.25664e-20	-1.25814e-20	7.74025e-24
4	-1.2569e-20	-1.25783e-20	6.28795e-24
5	-1.25744e-20	-1.25775e-20	4.93413e-24
6	-1.26193e-20	-1.25845e-20	8.04343e-24
7	-1.25796e-20	-1.25838e-20	6.83357e-24
8	-1.25996e-20	-1.25858e-20	6.23922e-24
9	-1.25753e-20	-1.25846e-20	5.62476e-24
10	-1.26026e-20	-1.25864e-20	5.34186e-24
11	-1.25925e-20	-1.2587e-20	4.86385e-24
12	-1.2555e-20	-1.25843e-20	5.17861e-24
13	-1.25653e-20	-1.25828e-20	4.983e-24
14	-1.25401e-20	-1.25798e-20	5.53239e-24
15	-1.25458e-20	-1.25775e-20	5.62588e-24
16	-1.25855e-20	-1.2578e-20	5.28597e-24
17	-1.25933e-20	-1.25789e-20	5.04639e-24
18	-1.25937e-20	-1.25797e-20	4.82809e-24
19	-1.26006e-20	-1.25808e-20	4.69658e-24
20	-1.25566e-20	-1.25796e-20	4.61734e-24
21	-1.25671e-20	-1.2579e-20	4.43203e-24
22	-1.25686e-20	-1.25786e-20	4.25246e-24
23	-1.25452e-20	-1.25771e-20	4.31483e-24
24	-1.25514e-20	-1.2576e-20	4.26782e-24
25	-1.25681e-20	-1.25757e-20	4.10591e-24
26	-1.25729e-20	-1.25756e-20	3.9463e-24
27	-1.2582e-20	-1.25758e-20	3.80473e-24
28	-1.25638e-20	-1.25754e-20	3.69152e-24
29	-1.2589e-20	-1.25759e-20	3.59265e-24
30	-1.25701e-20	-1.25757e-20	3.47614e-24
31	-1.25726e-20	-1.25756e-20	3.36363e-24
32	-1.25917e-20	-1.25761e-20	3.29544e-24
33	-1.25588e-20	-1.25756e-20	3.23673e-24
34	-1.2587e-20	-1.25759e-20	3.15793e-24
35	-1.2557e-20	-1.25754e-20	3.11366e-24
36	-1.2597e-20	-1.2576e-20	3.08522e-24
37	-1.25916e-20	-1.25764e-20	3.0301e-24
38	-1.25793e-20	-1.25765e-20	2.9503e-24
39	-1.25661e-20	-1.25762e-20	2.88593e-24
40	-1.25128e-20	-1.25746e-20	3.22868e-24
