1	-6.64215e-22	-6.64215e-22	0
2	-6.62995e-22	-6.63605e-22	6.09774e-25
3	-6.6538e-22	-6.64197e-22	6.88423e-25
4	-6.67113e-22	-6.64926e-22	8.76663e-25
5	-6.59988e-22	-6.63938e-22	1.19845e-24
6	-6.68112e-22	-6.64634e-22	1.20054e-24
7	-6.67589e-22	-6.65056e-22	1.09896e-24
8	-6.57165e-22	-6.6407e-22	1.37066e-24
9	-6.74696e-22	-6.6525e-22	1.68976e-24
10	-6.61791e-22	-6.64904e-22	1.55047e-24
11	-6.85166e-22	-6.66746e-22	2.3151e-24
12	-6.74802e-22	-6.67418e-22	2.21743e-24
13	-6.71512e-22	-6.67733e-22	2.06391e-24
14	-6.6408e-22	-6.67472e-22	1.92854e-24
15	-6.59544e-22	-6.66943e-22	1.87155e-24
16	-6.71005e-22	-6.67197e-22	1.76898e-24
17	-6.78665e-22	-6.67872e-22	1.79337e-24
18	-6.66232e-22	-6.67781e-22	1.69326e-24
19	-6.56733e-22	-6.67199e-22	1.70394e-24
20	-6.59564e-22	-6.66817e-22	1.66097e-24
21	-6.7072e-22	-6.67003e-22	1.59079e-24
22	-6.57342e-22	-6.66564e-22	1.57906e-24
23	-6.69909e-22	-6.6671e-22	1.51583e-24
24	-6.64622e-22	-6.66623e-22	1.4539e-24
25	-6.64871e-22	-6.66553e-22	1.39629e-24
26	-6.81986e-22	-6.67146e-22	1.46697e-24
27	-6.66977e-22	-6.6714e-22	1.41161e-24
28	-6.52894e-22	-6.66631e-22	1.4523e-24
29	-6.79445e-22	-6.67073e-22	1.46933e-24
30	-6.72078e-22	-6.6724e-22	1.42928e-24
31	-6.68699e-22	-6.67287e-22	1.38321e-24
32	-6.79777e-22	-6.67677e-22	1.395e-24
33	-6.71732e-22	-6.678e-22	1.35764e-24
34	-6.70511e-22	-6.6788e-22	1.31951e-24
35	-6.71514e-22	-6.67984e-22	1.28546e-24
36	-6.78454e-22	-6.68274e-22	1.28265e-24
37	-6.68216e-22	-6.68273e-22	1.2475e-24
38	-6.79098e-22	-6.68558e-22	1.2472e-24
39	-6.69177e-22	-6.68574e-22	1.21491e-24
40	-6.70706e-22	-6.68627e-22	1.18534e-24
