1	-9.01824e-21	-9.01824e-21	0
2	-9.01028e-21	-9.01426e-21	3.97826e-24
3	-8.9406e-21	-8.98971e-21	2.46627e-23
4	-8.92549e-21	-8.97365e-21	2.37041e-23
5	-9.06448e-21	-8.99182e-21	2.58292e-23
6	-9.03949e-21	-8.99976e-21	2.25364e-23
7	-9.10409e-21	-9.01467e-21	2.41848e-23
8	-8.99132e-21	-9.01175e-21	2.11471e-23
9	-8.97715e-21	-9.0079e-21	1.9042e-23
10	-8.9912e-21	-9.00623e-21	1.71135e-23
11	-9.00494e-21	-9.00612e-21	1.54802e-23
12	-8.9208e-21	-8.99901e-21	1.58189e-23
13	-9.006e-21	-8.99955e-21	1.45613e-23
14	-9.01015e-21	-9.0003e-21	1.35024e-23
15	-8.99525e-21	-8.99997e-21	1.25745e-23
16	-8.95888e-21	-8.9974e-21	1.20394e-23
17	-8.97554e-21	-8.99611e-21	1.13819e-23
18	-9.01281e-21	-8.99704e-21	1.0771e-23
19	-9.03225e-21	-8.99889e-21	1.03555e-23
20	-8.97761e-21	-8.99783e-21	9.88155e-24
21	-9.0224e-21	-8.999e-21	9.47174e-24
22	-8.97018e-21	-8.99769e-21	9.12544e-24
23	-9.00516e-21	-8.99801e-21	8.72571e-24
24	-8.98029e-21	-8.99728e-21	8.3868e-24
25	-9.00481e-21	-8.99758e-21	8.04998e-24
26	-9.0404e-21	-8.99922e-21	7.90763e-24
27	-9.04249e-21	-9.00083e-21	7.77601e-24
28	-9.02475e-21	-9.00168e-21	7.5417e-24
29	-8.95494e-21	-9.00007e-21	7.45334e-24
30	-8.98098e-21	-8.99943e-21	7.22867e-24
31	-8.97354e-21	-8.9986e-21	7.04133e-24
32	-9.00705e-21	-8.99886e-21	6.82285e-24
33	-9.01302e-21	-8.99929e-21	6.62676e-24
34	-9.00735e-21	-8.99953e-21	6.43327e-24
35	-9.07256e-21	-9.00161e-21	6.58607e-24
36	-9.05808e-21	-9.00318e-21	6.5899e-24
37	-9.02942e-21	-9.00389e-21	6.44843e-24
38	-8.94025e-21	-9.00222e-21	6.49601e-24
39	-9.02491e-21	-9.0028e-21	6.35395e-24
40	-9.05036e-21	-9.00399e-21	6.30618e-24
