1	2.23804e-21	2.23804e-21	0
2	2.18105e-21	2.20955e-21	2.8498e-23
3	2.17122e-21	2.19677e-21	2.08316e-23
4	2.26735e-21	2.21441e-21	2.29855e-23
5	2.23244e-21	2.21802e-21	1.8166e-23
6	2.23525e-21	2.22089e-21	1.51079e-23
7	2.21533e-21	2.2201e-21	1.27932e-23
8	2.26295e-21	2.22546e-21	1.23063e-23
9	2.18048e-21	2.22046e-21	1.19482e-23
10	2.25061e-21	2.22347e-21	1.11041e-23
11	2.2082e-21	2.22209e-21	1.01395e-23
12	2.17281e-21	2.21798e-21	1.01259e-23
13	2.19079e-21	2.21589e-21	9.54639e-24
14	2.19186e-21	2.21417e-21	9.00331e-24
15	2.21759e-21	2.2144e-21	8.38473e-24
16	2.18876e-21	2.2128e-21	8.00527e-24
17	2.22107e-21	2.21328e-21	7.53539e-24
18	2.21687e-21	2.21348e-21	7.10722e-24
19	2.21012e-21	2.21331e-21	6.72509e-24
20	2.20595e-21	2.21294e-21	6.39057e-24
21	2.20981e-21	2.21279e-21	6.08047e-24
22	2.24955e-21	2.21446e-21	6.03353e-24
23	2.19961e-21	2.21382e-21	5.80126e-24
24	2.24506e-21	2.21512e-21	5.70478e-24
25	2.19948e-21	2.21449e-21	5.50749e-24
26	2.15383e-21	2.21216e-21	5.78291e-24
27	2.20136e-21	2.21176e-21	5.57896e-24
28	2.22768e-21	2.21233e-21	5.40599e-24
29	2.20061e-21	2.21192e-21	5.23187e-24
30	2.22157e-21	2.21224e-21	5.0647e-24
31	2.18875e-21	2.21149e-21	4.95688e-24
32	2.18017e-21	2.21051e-21	4.89824e-24
33	2.17282e-21	2.20937e-21	4.88295e-24
34	2.20669e-21	2.20929e-21	4.73781e-24
35	2.21994e-21	2.20959e-21	4.6105e-24
36	2.18355e-21	2.20887e-21	4.53861e-24
37	2.24184e-21	2.20976e-21	4.50329e-24
38	2.18885e-21	2.20921e-21	4.41757e-24
39	2.18604e-21	2.20861e-21	4.34363e-24
40	2.18819e-21	2.2081e-21	4.26433e-24
