1	3.17282e-19	3.17282e-19	0
2	3.22011e-19	3.19646e-19	2.36452e-21
3	3.27385e-19	3.22226e-19	2.91862e-21
4	3.2273e-19	3.22352e-19	2.06762e-21
5	3.25816e-19	3.23045e-19	1.745e-21
6	3.16803e-19	3.22005e-19	1.76421e-21
7	3.16365e-19	3.21199e-19	1.69479e-21
8	3.20548e-19	3.21117e-19	1.46999e-21
9	3.18898e-19	3.20871e-19	1.31966e-21
10	3.19658e-19	3.2075e-19	1.18656e-21
11	3.27577e-19	3.2137e-19	1.23982e-21
12	3.2134e-19	3.21368e-19	1.1318e-21
13	3.16838e-19	3.21019e-19	1.09788e-21
14	3.1947e-19	3.20909e-19	1.02244e-21
15	3.18931e-19	3.20777e-19	9.60928e-22
16	3.28007e-19	3.21229e-19	1.00606e-21
17	3.22463e-19	3.21301e-19	9.47811e-22
18	3.23442e-19	3.2142e-19	9.01484e-22
19	3.21568e-19	3.21428e-19	8.52754e-22
20	3.15312e-19	3.21122e-19	8.64859e-22
21	3.22223e-19	3.21175e-19	8.24314e-22
22	3.26157e-19	3.21401e-19	8.1793e-22
23	3.11371e-19	3.20965e-19	8.94991e-22
24	3.17256e-19	3.2081e-19	8.7071e-22
25	3.19128e-19	3.20743e-19	8.37863e-22
26	3.23324e-19	3.20842e-19	8.11089e-22
27	3.24005e-19	3.20959e-19	7.89212e-22
28	3.17935e-19	3.20851e-19	7.68137e-22
29	3.20773e-19	3.20849e-19	7.41181e-22
30	3.19385e-19	3.208e-19	7.1771e-22
31	3.29689e-19	3.21087e-19	7.51063e-22
32	3.20948e-19	3.21082e-19	7.27227e-22
33	3.2717e-19	3.21267e-19	7.28588e-22
34	3.17991e-19	3.21171e-19	7.13371e-22
35	3.19714e-19	3.21129e-19	6.93938e-22
36	3.18121e-19	3.21045e-19	6.79544e-22
37	3.19512e-19	3.21004e-19	6.6222e-22
38	3.24401e-19	3.21093e-19	6.50729e-22
39	3.11268e-19	3.20841e-19	6.82055e-22
40	3.22988e-19	3.20895e-19	6.66949e-22
