1	2.0629e-21	2.0629e-21	0
2	2.08998e-21	2.07644e-21	1.35397e-23
3	2.09799e-21	2.08363e-21	1.06148e-23
4	2.06444e-21	2.07883e-21	8.90796e-24
5	2.07736e-21	2.07853e-21	6.90634e-24
6	2.0679e-21	2.07676e-21	5.91111e-24
7	2.03897e-21	2.07136e-21	7.35603e-24
8	2.05783e-21	2.06967e-21	6.59137e-24
9	2.05913e-21	2.0685e-21	5.92989e-24
10	2.04679e-21	2.06633e-21	5.73104e-24
11	2.06941e-21	2.06661e-21	5.19152e-24
12	2.06538e-21	2.06651e-21	4.74029e-24
13	2.09256e-21	2.06851e-21	4.79904e-24
14	2.06955e-21	2.06858e-21	4.44367e-24
15	2.04988e-21	2.06734e-21	4.32063e-24
16	2.02997e-21	2.065e-21	4.66794e-24
17	2.04959e-21	2.06409e-21	4.47753e-24
18	2.08815e-21	2.06543e-21	4.42792e-24
19	2.06737e-21	2.06553e-21	4.18963e-24
20	2.06859e-21	2.06569e-21	3.97756e-24
21	2.05536e-21	2.06519e-21	3.81524e-24
22	2.08475e-21	2.06608e-21	3.74473e-24
23	2.06027e-21	2.06583e-21	3.58711e-24
24	2.0545e-21	2.06536e-21	3.46672e-24
25	2.07255e-21	2.06565e-21	3.3376e-24
26	2.05825e-21	2.06536e-21	3.21924e-24
27	2.04319e-21	2.06454e-21	3.20475e-24
28	2.07566e-21	2.06494e-21	3.11361e-24
29	2.08592e-21	2.06566e-21	3.09022e-24
30	2.04045e-21	2.06482e-21	3.10148e-24
31	2.05184e-21	2.0644e-21	3.02886e-24
32	2.04839e-21	2.0639e-21	2.97507e-24
33	2.0538e-21	2.0636e-21	2.89972e-24
34	2.07484e-21	2.06393e-21	2.83252e-24
35	2.05163e-21	2.06357e-21	2.77275e-24
36	2.06209e-21	2.06353e-21	2.69494e-24
37	2.05868e-21	2.0634e-21	2.62437e-24
38	2.03342e-21	2.06261e-21	2.67346e-24
39	2.0938e-21	2.06341e-21	2.72405e-24
40	2.07645e-21	2.06374e-21	2.67499e-24
