1	-1.2525e-20	-1.2525e-20	0
2	-1.24921e-20	-1.25085e-20	1.64658e-23
3	-1.24512e-20	-1.24894e-20	2.13282e-23
4	-1.2483e-20	-1.24878e-20	1.51658e-23
5	-1.24618e-20	-1.24826e-20	1.28498e-23
6	-1.25256e-20	-1.24898e-20	1.27033e-23
7	-1.25296e-20	-1.24955e-20	1.21507e-23
8	-1.24996e-20	-1.2496e-20	1.05352e-23
9	-1.25109e-20	-1.24976e-20	9.43853e-24
10	-1.25078e-20	-1.24987e-20	8.50303e-24
11	-1.24503e-20	-1.24943e-20	8.86105e-24
12	-1.24936e-20	-1.24942e-20	8.08917e-24
13	-1.25276e-20	-1.24968e-20	7.87074e-24
14	-1.25083e-20	-1.24976e-20	7.33336e-24
15	-1.25102e-20	-1.24984e-20	6.87859e-24
16	-1.24466e-20	-1.24952e-20	7.20537e-24
17	-1.24861e-20	-1.24947e-20	6.78949e-24
18	-1.24767e-20	-1.24937e-20	6.47866e-24
19	-1.24922e-20	-1.24936e-20	6.12869e-24
20	-1.25374e-20	-1.24958e-20	6.2139e-24
21	-1.24879e-20	-1.24954e-20	5.92263e-24
22	-1.24598e-20	-1.24938e-20	5.87461e-24
23	-1.25649e-20	-1.24969e-20	6.40851e-24
24	-1.25218e-20	-1.24979e-20	6.22328e-24
25	-1.25088e-20	-1.24984e-20	5.98516e-24
26	-1.24818e-20	-1.24977e-20	5.78563e-24
27	-1.24739e-20	-1.24968e-20	5.63652e-24
28	-1.25158e-20	-1.24975e-20	5.47335e-24
29	-1.25001e-20	-1.24976e-20	5.28198e-24
30	-1.25072e-20	-1.24979e-20	5.11281e-24
31	-1.24359e-20	-1.24959e-20	5.33388e-24
32	-1.24974e-20	-1.2496e-20	5.1647e-24
33	-1.24538e-20	-1.24947e-20	5.16646e-24
34	-1.25174e-20	-1.24954e-20	5.0565e-24
35	-1.2506e-20	-1.24957e-20	4.91929e-24
36	-1.25162e-20	-1.24962e-20	4.81473e-24
37	-1.25055e-20	-1.24965e-20	4.68953e-24
38	-1.24715e-20	-1.24958e-20	4.61136e-24
39	-1.25671e-20	-1.24976e-20	4.84915e-24
40	-1.24804e-20	-1.24972e-20	4.74609e-24
