0	0	0
0.0115332	0	0
0.0230664	0	0
0.0345996	0	0
0.0461329	0	0
0.0576661	0	0
0.0691993	0	0
0.0807325	0	0
0.0922657	0	0
0.103799	0	0
0.115332	0	0
0.126865	0	0
0.138399	0	0
0.149932	0	0
0.161465	0	0
0.172998	0	0
0.184531	0	0
0.196065	0	0
0.207598	0	0
0.219131	0	0
0.230664	0	0
0.242198	0	0
0.253731	0	0
0.265264	0	0
0.276797	0	0
0.28833	0	0
0.299864	0	0
0.311397	0	0
0.32293	0	0
0.334463	0	0
0.345996	0	0
0.35753	0	0
0.369063	0	0
0.380596	0	0
0.392129	0	0
0.403663	0	0
0.415196	0	0
0.426729	0	0
0.438262	0	0
0.449795	0	0
0.461329	0	0
0.472862	0	0
0.484395	0	0
0.495928	0	0
0.507461	0	0
0.518995	0	0
0.530528	0	0
0.542061	0	0
0.553594	0	0
0.565128	0	0
0.576661	0	0
0.588194	0	0
0.599727	0	0
0.61126	0	0
0.622794	0	0
0.634327	0	0
0.64586	0	0
0.657393	0	0
0.668926	0	0
0.68046	0	0
0.691993	0	0
0.703526	0	0
0.715059	0	0
0.726593	0	0
0.738126	0	0
0.749659	0	0
0.761192	0	0
0.772725	0	0
0.784259	0	0
0.795792	0	0
0.807325	0	0
0.818858	0	0
0.830391	0	0
0.841925	0	0
0.853458	0	0
0.864991	0	0
0.876524	0	0
0.888058	0.00019628	7.46371e-05
0.899591	0.00116204	0.000153168
0.911124	0.00540243	0.000288295
0.922657	0.0231717	0.000696723
0.93419	0.0714745	0.00110138
0.945724	0.185707	0.0019007
0.957257	0.398386	0.0029207
0.96879	0.755308	0.00551981
0.980323	1.25709	0.00617043
0.991856	1.89831	0.00646827
1.00339	2.5995	0.00730013
1.01492	3.31696	0.00679151
1.02646	3.93954	0.00721197
1.03799	4.45361	0.00750305
1.04952	4.77268	0.00669889
1.06106	4.91371	0.00928778
1.07259	4.8642	0.00800648
1.08412	4.6432	0.0113694
1.09566	4.31903	0.00928214
1.10719	3.88816	0.00897571
1.11872	3.41481	0.00809899
1.13026	2.94052	0.00603006
1.14179	2.44377	0.00542393
1.15332	2.01416	0.00521834
1.16485	1.623	0.00386312
1.17639	1.28048	0.00383191
1.18792	0.988517	0.00394143
1.19945	0.751812	0.00310783
1.21099	0.561	0.0034722
1.22252	0.414229	0.00277876
1.23405	0.301898	0.00264201
1.24559	0.213922	0.00233584
1.25712	0.152004	0.00192013
1.26865	0.105502	0.00181718
1.28019	0.076178	0.00154614
1.29172	0.0559584	0.00121037
1.30325	0.0463506	0.00109263
1.31479	0.0431432	0.00110818
1.32632	0.0448542	0.00105744
1.33785	0.0535105	0.000880846
1.34939	0.0694792	0.00123181
1.36092	0.0924004	0.00136778
1.37245	0.123947	0.00167608
1.38399	0.16204	0.00186729
1.39552	0.210941	0.001919
1.40705	0.271222	0.00177757
1.41859	0.335064	0.00201882
1.43012	0.414835	0.00201714
1.44165	0.497107	0.00195317
1.45319	0.583606	0.00209193
1.46472	0.667556	0.00203343
1.47625	0.754993	0.0028427
1.48778	0.828588	0.00266643
1.49932	0.897546	0.00368298
1.51085	0.937834	0.00279053
1.52238	0.965433	0.0034429
1.53392	0.968795	0.00382328
1.54545	0.951004	0.00391757
1.55698	0.903603	0.00312103
1.56852	0.842043	0.00289514
1.58005	0.77004	0.00228707
1.59158	0.685897	0.00225525
1.60312	0.593397	0.00219506
1.61465	0.505387	0.00164808
1.62618	0.426012	0.0014462
1.63772	0.350406	0.0017626
1.64925	0.289133	0.00213991
1.66078	0.237935	0.00196163
1.67232	0.206702	0.00203689
1.68385	0.192361	0.00213317
1.69538	0.19856	0.00256702
1.70692	0.2308	0.00267085
1.71845	0.289565	0.00268425
1.72998	0.37701	0.00323859
1.74152	0.497691	0.0035033
1.75305	0.657437	0.00321389
1.76458	0.847509	0.0031303
1.77612	1.0743	0.00380399
1.78765	1.32583	0.00306388
1.79918	1.58939	0.00225489
1.81071	1.86077	0.00283197
1.82225	2.11483	0.00326375
1.83378	2.34942	0.0045707
1.84531	2.52637	0.00527833
1.85685	2.65629	0.00564626
1.86838	2.71443	0.00587061
1.87991	2.69921	0.00648273
1.89145	2.62268	0.00619445
1.90298	2.48132	0.00655524
1.91451	2.28515	0.0047357
1.92605	2.06126	0.00392339
1.93758	1.81316	0.00341184
1.94911	1.56257	0.00276999
1.96065	1.31443	0.00236309
1.97218	1.09126	0.00246793
1.98371	0.89041	0.00288452
1.99525	0.723989	0.00322103
2.00678	0.590863	0.00331313
2.01831	0.501954	0.00360198
2.02985	0.446834	0.0034456
2.04138	0.430426	0.00292886
2.05291	0.442727	0.00318578
2.06445	0.485236	0.00268677
2.07598	0.550629	0.00225437
2.08751	0.628563	0.00195136
2.09905	0.717222	0.00156583
2.11058	0.80203	0.00176146
2.12211	0.88339	0.00192001
2.13364	0.950818	0.00213454
2.14518	0.998147	0.00280902
2.15671	1.02557	0.00234287
2.16824	1.02955	0.0028108
2.17978	1.01062	0.002537
2.19131	0.958914	0.0022861
2.20284	0.876205	0.00226832
2.21438	0.813302	0.00170659
2.22591	0.746655	0.00152542
2.23744	0.683507	0.0011975
2.24898	0.627772	0.00213972
2.26051	0.589788	0.00266307
2.27204	0.566552	0.00308829
2.28358	0.563765	0.00343966
