0	0	0
0.0323165	0	0
0.064633	0	0
0.0969496	0	0
0.129266	0	0
0.161583	0	0
0.193899	0	0
0.226216	0	0
0.258532	0	0
0.290849	0	0
0.323165	0	0
0.355482	0	0
0.387798	0	0
0.420115	0	0
0.452431	0	0
0.484748	0	0
0.517064	0	0
0.549381	0	0
0.581697	0	0
0.614014	0	0
0.64633	0	0
0.678647	0	0
0.710963	0	0
0.74328	0	0
0.775596	0	0
0.807913	0	0
0.84023	0	0
0.872546	0.00155874	0.00044054
0.904863	0.0367658	0.00204668
0.937179	0.246632	0.00545985
0.969496	0.744836	0.00701336
1.00181	1.37244	0.0130348
1.03413	1.86918	0.0115672
1.06645	2.17329	0.021062
1.09876	2.28361	0.0233764
1.13108	2.25863	0.0170333
1.16339	2.13139	0.0146555
1.19571	2.04517	0.0145307
1.22803	1.88911	0.0145439
1.26034	1.76605	0.0108445
1.29266	1.66981	0.0110661
1.32498	1.56506	0.008889
1.35729	1.49109	0.0106413
1.38961	1.43579	0.00834483
1.42193	1.36224	0.00775414
1.45424	1.31232	0.0081431
1.48656	1.26547	0.00732899
1.51888	1.22423	0.00612676
1.55119	1.19853	0.00724764
1.58351	1.19452	0.00839527
1.61583	1.15119	0.00614879
1.64814	1.13319	0.00560935
1.68046	1.11451	0.00647884
1.71278	1.11414	0.00587427
1.74509	1.08951	0.00490145
1.77741	1.08238	0.00650217
1.80973	1.07332	0.00627824
1.84204	1.07911	0.0061769
1.87436	1.06102	0.00528473
1.90667	1.06909	0.00522333
1.93899	1.07089	0.00511039
1.97131	1.05732	0.0045958
2.00362	1.05057	0.00410342
2.03594	1.06103	0.00533108
2.06826	1.05315	0.00482799
2.10057	1.05526	0.00480053
2.13289	1.04848	0.00511745
2.16521	1.05274	0.0049124
2.19752	1.05084	0.00417404
2.22984	1.03908	0.00492886
2.26216	1.04699	0.00426875
2.29447	1.04285	0.00383483
2.32679	1.0407	0.00450991
2.35911	1.02972	0.00392336
2.39142	1.03032	0.00461282
2.42374	1.03377	0.00324923
2.45606	1.03126	0.00335552
2.48837	1.02734	0.00372921
2.52069	1.02255	0.00309945
2.55301	1.02377	0.00400111
2.58532	1.02056	0.00408158
2.61764	1.01921	0.00400997
2.64995	1.00999	0.00366163
2.68227	1.00957	0.00393144
2.71459	1.0203	0.00360369
2.7469	1.00489	0.00364887
2.77922	1.01079	0.00372425
2.81154	1.00709	0.00361951
2.84385	1.00661	0.00361831
2.87617	1.0097	0.00445174
2.90849	1.00739	0.00309303
2.9408	1.00617	0.00381024
2.97312	0.996954	0.00273053
3.00544	1.00365	0.0031094
3.03775	0.999006	0.00235716
3.07007	1.00229	0.00239628
3.10239	1.00394	0.00275844
3.1347	0.99458	0.00324505
3.16702	0.999843	0.00304035
3.19934	0.998092	0.00287012
3.23165	0.995673	0.00349206
3.26397	0.998677	0.00285682
3.29629	0.99748	0.00321235
3.3286	0.996649	0.00300301
3.36092	0.991076	0.00301712
3.39323	0.998489	0.00306316
3.42555	0.998046	0.00259545
3.45787	0.99696	0.0020925
3.49018	0.989353	0.00238649
3.5225	0.99437	0.00290205
3.55482	0.989788	0.00215478
3.58713	0.994086	0.00286633
3.61945	0.99537	0.00228703
3.65177	0.987134	0.00290225
3.68408	0.988538	0.00251041
3.7164	0.987729	0.00282493
3.74872	0.989305	0.00240478
3.78103	0.993856	0.00198008
3.81335	0.985546	0.00209192
3.84567	0.98816	0.00264496
3.87798	0.993836	0.00205164
3.9103	0.990366	0.00220361
3.94262	0.990639	0.00229758
3.97493	0.987893	0.00276462
4.00725	0.988978	0.00221547
4.03957	0.991918	0.00185028
4.07188	0.987932	0.00205701
4.1042	0.991128	0.00264497
4.13651	0.988963	0.00266822
4.16883	0.989362	0.00198879
4.20115	0.989	0.00216007
4.23346	0.993719	0.00203331
4.26578	0.991027	0.0023394
4.2981	0.987359	0.00225558
4.33041	0.989253	0.00231354
4.36273	0.985072	0.00237373
4.39505	0.988605	0.00186997
4.42736	0.986381	0.00241991
4.45968	0.988123	0.00177761
4.492	0.983922	0.00209643
4.52431	0.98706	0.00188263
4.55663	0.987869	0.0023511
4.58895	0.992156	0.00184541
4.62126	0.985859	0.00175956
4.65358	0.988675	0.00189916
4.6859	0.990623	0.00195175
4.71821	0.984612	0.00198042
4.75053	0.986202	0.00197553
4.78285	0.985053	0.00162153
4.81516	0.989286	0.00188379
4.84748	0.986994	0.00170533
4.87979	0.98759	0.0016457
4.91211	0.988	0.00187957
4.94443	0.984014	0.00160055
4.97674	0.986756	0.00176841
5.00906	0.986393	0.00199602
5.04138	0.988137	0.00191767
5.07369	0.985296	0.0019406
5.10601	0.989191	0.00198208
5.13833	0.983915	0.00191362
5.17064	0.986956	0.0015901
5.20296	0.986304	0.00185761
5.23528	0.990827	0.00179125
5.26759	0.989118	0.00169196
5.29991	0.98996	0.00165431
5.33223	0.985117	0.00183364
5.36454	0.986296	0.00183117
5.39686	0.988035	0.00163077
5.42918	0.985419	0.00166223
5.46149	0.985752	0.00141183
5.49381	0.98621	0.00167508
5.52612	0.985918	0.00121395
5.55844	0.986132	0.00165694
5.59076	0.985578	0.00168923
5.62307	0.989144	0.00184641
5.65539	0.981839	0.00157967
5.68771	0.985224	0.00183272
5.72002	0.986014	0.00171287
5.75234	0.984916	0.00156069
5.78466	0.984639	0.0011403
5.81697	0.986711	0.00161035
5.84929	0.988428	0.00158395
5.88161	0.987112	0.00161575
5.91392	0.987203	0.00168398
5.94624	0.985947	0.00153207
5.97856	0.986255	0.00137491
6.01087	0.985985	0.00154657
6.04319	0.98693	0.0015935
6.07551	0.986309	0.00172991
6.10782	0.984859	0.00143835
6.14014	0.986433	0.00129564
6.17246	0.987356	0.00142371
6.20477	0.984696	0.00163281
6.23709	0.984689	0.00148857
6.2694	0.982694	0.00154974
6.30172	0.987248	0.00151329
6.33404	0.985264	0.00157728
6.36635	0.984752	0.00147932
6.39867	0.984123	0.00152289
