1	3.05772e-19	3.05772e-19	0
2	3.07107e-19	3.06439e-19	6.67083e-22
3	3.0995e-19	3.0761e-19	1.23187e-21
4	3.09692e-19	3.0813e-19	1.01473e-21
5	3.08373e-19	3.08179e-19	7.87501e-22
6	3.022e-19	3.07182e-19	1.18581e-21
7	3.07841e-19	3.07276e-19	1.00661e-21
8	3.05255e-19	3.07024e-19	9.07618e-22
9	3.08475e-19	3.07185e-19	8.16529e-22
10	3.0478e-19	3.06945e-19	7.6891e-22
11	3.06048e-19	3.06863e-19	7.00259e-22
12	3.11186e-19	3.07223e-19	7.33755e-22
13	3.10012e-19	3.07438e-19	7.0822e-22
14	3.13573e-19	3.07876e-19	7.88667e-22
15	3.12753e-19	3.08201e-19	8.02977e-22
16	3.06924e-19	3.08121e-19	7.55348e-22
17	3.05973e-19	3.07995e-19	7.20693e-22
18	3.06123e-19	3.07891e-19	6.87385e-22
19	3.053e-19	3.07755e-19	6.64345e-22
20	3.11428e-19	3.07938e-19	6.56467e-22
21	3.09687e-19	3.08022e-19	6.29953e-22
22	3.09538e-19	3.0809e-19	6.04577e-22
23	3.12674e-19	3.0829e-19	6.11105e-22
24	3.11811e-19	3.08436e-19	6.03204e-22
25	3.09647e-19	3.08485e-19	5.80596e-22
26	3.08695e-19	3.08493e-19	5.57878e-22
27	3.07347e-19	3.08451e-19	5.38494e-22
28	3.0982e-19	3.08499e-19	5.21204e-22
29	3.06537e-19	3.08432e-19	5.07444e-22
30	3.09231e-19	3.08458e-19	4.90961e-22
31	3.08496e-19	3.0846e-19	4.74861e-22
32	3.0645e-19	3.08397e-19	4.64052e-22
33	3.10622e-19	3.08464e-19	4.54796e-22
34	3.06546e-19	3.08408e-19	4.44809e-22
35	3.11226e-19	3.08488e-19	4.39356e-22
36	3.05436e-19	3.08404e-19	4.35315e-22
37	3.06016e-19	3.08339e-19	4.28277e-22
38	3.07579e-19	3.08319e-19	4.17334e-22
39	3.09683e-19	3.08354e-19	4.07995e-22
40	3.17146e-19	3.08574e-19	4.54363e-22
