0	0	0
0.0323165	0	0
0.064633	0	0
0.0969496	0	0
0.129266	0	0
0.161583	0	0
0.193899	0	0
0.226216	0	0
0.258532	0	0
0.290849	0	0
0.323165	0	0
0.355482	0	0
0.387798	0	0
0.420115	0	0
0.452431	0	0
0.484748	0	0
0.517064	0	0
0.549381	0	0
0.581697	0	0
0.614014	0	0
0.64633	0	0
0.678647	0	0
0.710963	0	0
0.74328	0	0
0.775596	0	0
0.807913	0	0
0.84023	0	0
0.872546	0.00207832	0.000367921
0.904863	0.0459573	0.00174991
0.937179	0.265094	0.00417482
0.969496	0.761451	0.0102302
1.00181	1.33517	0.00989489
1.03413	1.81876	0.0140164
1.06645	2.09945	0.0153158
1.09876	2.21545	0.0164453
1.13108	2.16471	0.0135452
1.16339	2.03924	0.016746
1.19571	1.94289	0.0119974
1.22803	1.83695	0.0133825
1.26034	1.71887	0.00872968
1.29266	1.61449	0.0085675
1.32498	1.54188	0.0106117
1.35729	1.46564	0.00863033
1.38961	1.39151	0.00815874
1.42193	1.34297	0.009293
1.45424	1.29431	0.00855435
1.48656	1.25519	0.00896685
1.51888	1.20673	0.00636433
1.55119	1.1754	0.00684776
1.58351	1.15646	0.00631501
1.61583	1.14569	0.00530266
1.64814	1.12476	0.00817434
1.68046	1.10845	0.00591402
1.71278	1.08262	0.00518786
1.74509	1.08545	0.00559813
1.77741	1.0785	0.00528965
1.80973	1.06887	0.00471112
1.84204	1.0718	0.00597547
1.87436	1.06882	0.00576422
1.90667	1.06569	0.00509728
1.93899	1.07519	0.0056131
1.97131	1.05719	0.00515876
2.00362	1.05428	0.00471175
2.03594	1.0553	0.00525772
2.06826	1.05436	0.00481579
2.10057	1.05291	0.00486753
2.13289	1.05042	0.00387028
2.16521	1.04593	0.00434451
2.19752	1.04116	0.00448601
2.22984	1.03059	0.00375401
2.26216	1.03604	0.00460411
2.29447	1.03909	0.00439774
2.32679	1.02842	0.00437029
2.35911	1.0281	0.00408814
2.39142	1.02595	0.0034106
2.42374	1.02982	0.00370981
2.45606	1.01975	0.00430928
2.48837	1.02332	0.00422204
2.52069	1.02077	0.00399715
2.55301	1.01573	0.00320162
2.58532	1.01853	0.00334372
2.61764	1.01827	0.0038292
2.64995	1.01296	0.00362837
2.68227	1.01444	0.00366483
2.71459	1.01238	0.0032165
2.7469	1.00655	0.00300814
2.77922	1.00448	0.00323041
2.81154	1.00079	0.00306729
2.84385	1.00129	0.00243058
2.87617	1.00248	0.00283844
2.90849	1.00837	0.00355898
2.9408	1.00056	0.00287559
2.97312	1.0041	0.0033245
3.00544	0.998598	0.00335156
3.03775	0.997197	0.00255131
3.07007	1.00407	0.00297842
3.10239	0.999118	0.00262628
3.1347	1.00455	0.00239696
3.16702	0.998952	0.00297799
3.19934	0.995843	0.00314211
3.23165	1.00155	0.00304906
3.26397	1.0059	0.00307184
3.29629	0.995535	0.00290755
3.3286	0.998451	0.00273542
3.36092	0.991876	0.0025442
3.39323	0.996794	0.00334655
3.42555	0.992661	0.00274887
3.45787	0.99042	0.0022353
3.49018	0.994739	0.00237127
3.5225	0.989716	0.00224212
3.55482	0.994501	0.00255533
3.58713	0.993981	0.00268938
3.61945	0.997488	0.00230807
3.65177	0.994225	0.00237868
3.68408	0.996115	0.00294026
3.7164	0.992815	0.00218813
3.74872	0.993966	0.00240071
3.78103	0.991459	0.00249499
3.81335	0.995757	0.00225103
3.84567	0.99611	0.00220243
3.87798	0.989488	0.00222249
3.9103	0.991422	0.00243202
3.94262	0.988969	0.00226991
3.97493	0.994377	0.00190847
4.00725	0.98789	0.0023091
4.03957	0.994027	0.00257378
4.07188	0.988663	0.00162508
4.1042	0.986772	0.00247625
4.13651	0.993823	0.0024298
4.16883	0.991089	0.00200532
4.20115	0.989741	0.00220021
4.23346	0.987057	0.00195941
4.26578	0.990674	0.00174404
4.2981	0.990088	0.0019472
4.33041	0.989586	0.00182598
4.36273	0.989631	0.00226648
4.39505	0.990158	0.00245018
4.42736	0.986003	0.00242609
4.45968	0.988685	0.0020789
4.492	0.987981	0.00204652
4.52431	0.991428	0.00183696
4.55663	0.989891	0.00212107
4.58895	0.985946	0.00215104
4.62126	0.99155	0.00193868
4.65358	0.98931	0.00153654
4.6859	0.988781	0.00170902
4.71821	0.987043	0.00185805
4.75053	0.988982	0.00168351
4.78285	0.98749	0.00218738
4.81516	0.988276	0.00216879
4.84748	0.986098	0.00165102
4.87979	0.989476	0.00191409
4.91211	0.987767	0.00205398
4.94443	0.98611	0.00173108
4.97674	0.989459	0.00199565
5.00906	0.986818	0.00175861
5.04138	0.989192	0.00173029
5.07369	0.989131	0.00162107
5.10601	0.989348	0.00168308
5.13833	0.986321	0.0018478
5.17064	0.984537	0.00186052
5.20296	0.985308	0.00160573
5.23528	0.987599	0.0017588
5.26759	0.988677	0.00160174
5.29991	0.987184	0.0016374
5.33223	0.987349	0.00175492
5.36454	0.988796	0.00187204
5.39686	0.987837	0.0018421
5.42918	0.984682	0.00167506
5.46149	0.984685	0.00167587
5.49381	0.988106	0.00165253
5.52612	0.987137	0.00153217
5.55844	0.984976	0.0015352
5.59076	0.987698	0.00132086
5.62307	0.985071	0.00147924
5.65539	0.985715	0.00145693
5.68771	0.984052	0.00132144
5.72002	0.986369	0.00145818
5.75234	0.988394	0.00154208
5.78466	0.98932	0.00115406
5.81697	0.986935	0.00143166
5.84929	0.98938	0.00159543
5.88161	0.988362	0.0017129
5.91392	0.988112	0.00160019
5.94624	0.983529	0.00162844
5.97856	0.985069	0.00151186
6.01087	0.986048	0.00204802
6.04319	0.987744	0.00138295
6.07551	0.986174	0.00166
6.10782	0.984577	0.0013207
6.14014	0.984372	0.00148425
6.17246	0.986343	0.00167436
6.20477	0.984438	0.00164418
6.23709	0.983732	0.00174981
6.2694	0.986662	0.00128715
6.30172	0.985951	0.00153277
6.33404	0.985995	0.00138062
6.36635	0.985273	0.0013671
6.39867	0.986161	0.00131471
