1.65
1.64998
1.64994
1.64986
1.64974
1.6496
1.64942
1.64921
1.64897
1.64869
1.64838
1.64804
1.64766
1.64725
1.6468
1.64632
1.64581
1.64525
1.64467
1.64404
1.64338
1.64268
1.64195
1.64117
1.64036
1.63951
1.63861
1.63768
1.63671
1.6357
1.63464
1.63354
1.6324
1.63121
1.62998
1.6287
1.62738
1.62601
1.62459
1.62313
1.62161
1.62005
1.61844
1.61677
1.61505
1.61328
1.61146
1.60958
1.60764
1.60565
1.6036
1.60149
1.59932
1.5971
1.59481
1.59246
1.59005
1.58757
1.58503
1.58242
1.57975
1.577
1.57419
1.5713
1.56834
1.56531
1.56221
1.55903
1.55577
1.55243
1.54902
1.54553
1.54195
1.53829
1.53455
1.53073
1.52682
1.52282
1.51873
1.51456
1.5103
1.50595
1.5015
1.49696
1.49233
1.4876
1.48278
1.47786
1.47284
1.46773
1.46251
1.4572
1.45178
1.44627
1.44065
1.43493
1.42911
1.42318
1.41715
1.41102
1.40478
1.39844
1.39199
1.38545
1.37879
1.37204
1.36518
1.35822
1.35115
1.34399
1.33673
1.32937
1.32191
1.31435
1.3067
1.29895
1.29111
1.28318
1.27516
1.26705
1.25886
1.25059
1.24223
1.2338
1.2253
1.21672
1.20807
1.19935
1.19058
1.18174
1.17285
1.1639
1.15491
1.14587
1.1368
1.12769
1.11855
1.10939
1.1002
1.091
1.08179
1.07257
1.06335
1.05414
1.04493
1.03575
1.02658
1.01744
1.00834
0.999274
0.990252
0.981281
0.972366
0.963512
0.954727
0.946016
0.937385
0.928839
0.920384
0.912026
0.903771
0.895623
0.887588
0.879672
0.87188
0.864217
0.856687
0.849297
0.842051
0.834953
0.828009
0.82122
0.814592
0.808128
0.801832
0.795707
0.789756
0.783982
0.778388
0.772975
0.767746
0.762704
0.757849
0.753183
0.748707
0.744422
0.740329
0.736428
0.73272
0.729204
0.725881
0.722749
0.719808
0.717057
0.714494
0.71212
0.709931
0.707926
0.706104
0.704462
0.702997
0.701709
0.700594
0.69965
0.698872
0.698259
0.697806
0.697511
0.69737
0.69738
0.697536
0.697835
0.698274
0.698848
0.699553
0.700386
0.701341
0.702416
0.703605
0.704905
0.706311
0.707819
0.709425
0.711124
0.712912
0.714783
0.716734
0.71876
0.720857
0.723021
0.725247
0.727532
0.72987
0.732258
0.734692
0.737167
0.73968
0.742227
0.744804
0.747407
0.750031
0.752674
0.755332
0.758001
0.760678
0.76336
0.766042
0.768722
0.771397
0.774063
0.776718
0.779359
0.781982
0.784587
0.787169
0.789727
0.792258
0.794759
0.797228
0.799663
0.802062
0.804422
0.806742
0.809021
0.811256
0.813445
0.815588
0.817683
0.819729
0.821725
0.823668
0.825559
0.827395
0.829177
0.830904
0.832575
0.834188
0.835745
0.837243
0.838683
0.840064
0.841386
0.842649
0.843852
0.844995
0.846078
0.847102
0.848067
0.848971
0.849817
0.850604
0.851331
0.852001
0.852612
0.853166
0.853664
0.854104
0.854489
0.854818
0.855093
0.855314
0.855482
0.855597
0.855661
0.855675
0.85564
0.855555
0.855422
0.855242
0.855016
0.854746
0.854432
0.854075
0.853677
0.853238
0.852761
0.852245
0.851692
0.851103
0.850479
0.849822
0.849133
0.848414
0.847666
0.846889
0.846086
0.845256
0.844403
0.843527
0.842629
0.841712
0.840777
0.839824
0.838857
0.837875
0.836881
0.835875
0.834859
0.833834
0.832802
0.831763
0.83072
0.829673
0.828624
0.827575
0.826525
0.825478
0.824433
0.823392
0.822356
0.821327
0.820304
0.81929
0.818284
0.817288
0.816303
0.81533
0.81437
0.813423
0.812491
0.811572
0.810668
0.80978
0.808907
0.80805
0.807208
0.806383
0.805575
0.804782
0.804007
0.803247
0.802505
0.801779
0.80107
0.800378
0.799703
0.799045
0.798402
0.797775
0.797164
0.796568
0.795986
0.795418
0.794864
0.794324
0.793797
0.793282
0.792781
0.792291
0.791813
0.791347
0.790893
0.79045
0.790018
0.789597
0.789187
0.788789
0.788402
0.788028
0.787666
0.787316
0.78698
0.786657
0.786349
0.786056
0.785779
0.785518
0.785276
0.785052
0.784848
0.784666
0.784506
0.784371
0.78426
0.784177
0.784123
0.7841
0.78411
0.784154
0.784235
0.784353
0.78451
0.784709
0.784951
0.785238
0.785571
0.785952
0.786384
0.786867
0.787404
0.787995
0.788641
0.789345
0.790108
0.790929
0.791809
0.792749
0.793749
0.79481
0.795931
0.797113
0.798354
0.799655
0.801015
0.802434
0.80391
0.805442
0.807029
0.80867
0.810364
0.812109
0.813902
0.815742
0.817627
0.819554
0.821521
0.823526
0.825567
0.827641
0.829746
0.83188
0.834041
0.836225
0.83843
0.840654
0.842895
0.84515
0.847417
0.849693
0.851978
0.854268
0.856563
0.858859
0.861155
0.863449
0.865739
0.868025
0.870305
0.872576
0.874838
0.877089
0.87933
0.881558
0.883772
0.885973
0.88816
0.890331
0.892486
0.894625
0.896747
0.898852
0.90094
0.903011
0.905064
0.907099
0.909115
0.911114
0.913094
0.915057
0.917001
0.918927
0.920835
0.922725
0.924597
0.926451
0.928288
0.930108
0.93191
0.933694
0.935461
0.937212
0.938945
0.940661
0.942359
0.94404
0.945704
0.947351
0.94898
0.950592
0.952187
0.953765
0.955326
0.956868
0.958393
0.9599
0.961389
0.962859
0.964311
0.965744
0.967158
0.968553
0.969928
0.971284
0.97262
0.973936
0.975231
0.976506
0.97776
0.978993
0.980204
0.981394
0.982562
0.983708
0.984832
0.985934
0.987014
0.98807
0.989104
0.990114
0.991102
0.992066
0.993008
0.993927
0.994822
0.995693
0.996541
0.997365
0.998165
0.998942
0.999696
1.00043
1.00113
1.00182
1.00248
1.00312
1.00373
1.00432
1.00489
1.00544
1.00596
1.00646
1.00694
1.00739
1.00782
1.00823
1.00862
1.00898
1.00933
1.00965
1.00995
1.01022
1.01048
1.01071
1.01092
1.01111
1.01128
1.01143
1.01155
1.01165
1.01174
1.0118
1.01184
1.01186
1.01185
1.01183
1.01179
1.01172
1.01163
1.01153
1.0114
1.01125
1.01108
1.01088
1.01067
1.01043
1.01018
1.0099
1.0096
1.00928
1.00894
1.00857
1.00819
1.00778
1.00735
1.0069
1.00643
1.00594
1.00542
1.00489
1.00433
1.00375
1.00315
1.00253
1.00189
1.00123
1.00054
0.999841
0.999118
0.998376
0.997614
0.996834
0.996034
0.995216
0.994379
0.993525
0.992654
0.991765
0.990861
0.989941
0.989006
0.988056
0.987093
0.986116
0.985127
0.984126
0.983114
0.982092
0.98106
0.98002
0.978972
0.977917
0.976856
0.975789
0.974719
0.973645
0.972568
0.971491
0.970413
0.969335
0.96826
0.967186
0.966116
0.965051
0.963992
0.962939
0.961893
0.960855
0.959825
0.958806
0.957797
0.956799
0.955814
0.954841
0.953882
0.952937
0.952006
0.951091
0.950191
0.949306
0.948438
0.947585
0.946749
0.94593
0.945128
0.944343
0.943576
0.942825
0.942091
0.941373
0.940672
0.939986
0.939316
0.938662
0.938021
0.937396
0.936784
0.936186
0.9356
0.935025
0.934462
0.933909
0.933365
0.93283
0.932303
0.931783
0.931269
0.930761
0.930258
0.929758
0.929262
0.928768
0.928275
0.927782
0.927288
0.926793
0.926295
0.925794
0.925289
0.92478
0.924266
0.923745
0.923218
0.922684
0.922142
0.921592
0.921033
0.920465
0.919888
0.919301
0.918703
0.918096
0.917477
0.916848
0.916208
0.915557
0.914895
0.914222
0.913539
0.912845
0.91214
0.911425
0.9107
0.909965
0.90922
0.908467
0.907704
0.906934
0.906155
0.905369
0.904577
0.903777
0.902972
0.902161
0.901345
0.900525
0.899701
0.898874
0.898044
0.897212
0.896379
0.895546
0.894712
0.89388
0.893048
0.892218
0.891391
0.890567
0.889746
0.88893
0.888119
0.887314
0.886515
0.885723
0.884939
0.884164
0.883397
0.882641
0.881896
0.881162
0.880439
0.879729
0.879031
0.878345
0.877674
0.877017
0.876375
0.875749
0.875139
0.874546
0.87397
0.873412
0.872872
0.872352
0.871851
0.871371
0.87091
0.87047
0.870051
0.869654
0.869278
0.868924
0.868592
0.868283
0.867997
0.867735
0.867496
0.86728
0.867089
0.866923
0.866781
0.866664
0.86657
0.866502
0.866458
0.866439
0.866445
0.866475
0.866529
0.866608
0.866712
0.866839
0.866991
0.867166
0.867365
0.867587
0.867832
0.8681
0.868391
0.868704
0.869038
0.869393
0.869768
0.870164
0.870579
0.871013
0.871467
0.871938
0.872428
0.872934
0.873457
0.873996
0.87455
0.875119
0.875702
0.876298
0.876908
0.877529
0.878161
0.878805
0.879459
0.880121
0.880793
0.881472
0.882159
0.882853
0.883553
0.884258
0.884968
0.885681
0.886398
0.887117
0.887837
0.888559
0.889282
0.890005
0.890726
0.891446
0.892164
0.892878
0.89359
0.894297
0.894999
0.895695
0.896384
0.897066
0.89774
0.898405
0.89906
0.899705
0.90034
0.900964
0.901575
0.902173
0.902759
0.90333
0.903888
0.90443
0.904956
0.905466
0.90596
0.906435
0.906893
0.907332
0.907752
0.908152
0.908532
0.908891
0.90923
0.909547
0.909842
0.910115
0.910365
0.910592
0.910795
0.910975
0.911131
0.911261
0.911367
0.911448
0.911504
0.911535
0.91154
0.911519
0.911473
0.911401
0.911303
0.911178
0.911027
0.91085
0.910646
0.910416
0.91016
0.909879
0.909572
0.909241
0.908884
0.908503
0.908097
0.907667
0.907214
0.906738
0.906239
0.905719
0.905177
0.904614
0.904031
0.903428
0.902807
0.902168
0.901512
0.90084
0.900153
0.899453
0.89874
0.898015
0.89728
0.896534
0.895781
0.89502
0.894253
0.893482
0.892708
0.891931
0.891152
0.890373
0.889596
0.888821
0.88805
0.887284
0.886524
0.885772
0.885028
0.884295
0.883572
0.882861
0.882162
0.881477
0.880807
0.880153
0.879515
0.878894
0.87829
0.877704
0.877137
0.87659
0.876062
0.875555
0.875068
0.874602
0.874158
0.873735
0.873333
0.872953
0.872595
0.872258
0.871942
0.871647
0.871372
0.871119
0.870885
0.870672
0.870477
0.870302
0.870146
0.870008
0.869888
0.869784
0.869698
0.869627
0.869572
0.869532
1.64996
1.64989
1.64975
1.64954
1.64926
1.64892
1.64851
1.64803
1.64749
1.64688
1.6462
1.64545
1.64464
1.64376
1.64282
1.6418
1.64073
1.63958
1.63838
1.63711
1.63577
1.63438
1.63292
1.6314
1.62981
1.62817
1.62647
1.62471
1.62289
1.62102
1.61909
1.6171
1.61506
1.61297
1.61082
1.60862
1.60638
1.60408
1.60173
1.59933
1.59689
1.5944
1.59187
1.58929
1.58667
1.584
1.58129
1.57855
1.57576
1.57293
1.57007
1.56716
1.56423
1.56125
1.55825
1.55521
1.55214
1.54904
1.54591
1.54275
1.53957
1.53636
1.53313
1.52988
1.52661
1.52332
1.52002
1.5167
1.51338
1.51004
1.5067
1.50335
1.5
1.49665
1.4933
1.48996
1.48663
1.48332
1.48002
1.47674
1.47348
1.47025
1.46705
1.46389
1.46077
1.45769
1.45466
1.45168
1.44875
1.4459
1.4431
1.44038
1.43773
1.43517
1.43269
1.43029
1.42799
1.42579
1.4237
1.4217
1.41982
1.41805
1.41639
1.41486
1.41344
1.41215
1.41099
1.40996
1.40905
1.40828
1.40764
1.40712
1.40675
1.4065
1.40638
1.40639
1.40654
1.4068
1.40719
1.40771
1.40834
1.40908
1.40994
1.4109
1.41197
1.41314
1.4144
1.41575
1.41719
1.41871
1.42031
1.42197
1.4237
1.42549
1.42733
1.42923
1.43116
1.43314
1.43515
1.43718
1.43924
1.44132
1.44342
1.44552
1.44762
1.44973
1.45183
1.45392
1.456
1.45806
1.46011
1.46212
1.46411
1.46607
1.46799
1.46988
1.47172
1.47352
1.47528
1.47699
1.47865
1.48025
1.48181
1.4833
1.48474
1.48612
1.48744
1.48871
1.4899
1.49104
1.49211
1.49312
1.49406
1.49493
1.49574
1.49649
1.49717
1.49778
1.49832
1.49879
1.4992
1.49954
1.49982
1.50002
1.50016
1.50024
1.50025
1.5002
1.50008
1.4999
1.49966
1.49936
1.49899
1.49857
1.49809
1.49756
1.49697
1.49632
1.49562
1.49487
1.49406
1.49321
1.4923
1.49135
1.49036
1.48931
1.48823
1.4871
1.48594
1.48473
1.48348
1.4822
1.48089
1.47954
1.47816
1.47675
1.47531
1.47384
1.47235
1.47083
1.46929
1.46772
1.46613
1.46453
1.4629
1.46126
1.45961
1.45793
1.45625
1.45455
1.45284
1.45112
1.4494
1.44766
1.44592
1.44418
1.44243
1.44068
1.43893
1.43718
1.43543
1.43368
1.43194
1.4302
1.42846
1.42673
1.42501
1.4233
1.4216
1.41991
1.41823
1.41656
1.41491
1.41327
1.41165
1.41004
1.40845
1.40688
1.40533
1.4038
1.40228
1.40079
1.39932
1.39788
1.39646
1.39506
1.39369
1.39234
1.39102
1.38973
1.38846
1.38722
1.38601
1.38482
1.38367
1.38254
1.38145
1.38038
1.37934
1.37834
1.37736
1.37642
1.3755
1.37461
1.37376
1.37294
1.37214
1.37138
1.37065
1.36994
1.36927
1.36863
1.36802
1.36744
1.36688
1.36636
1.36586
1.3654
1.36496
1.36455
1.36416
1.3638
1.36347
1.36316
1.36288
1.36263
1.36239
1.36218
1.36199
1.36182
1.36167
1.36154
1.36143
1.36134
1.36126
1.3612
1.36115
1.36112
1.3611
1.36109
1.36109
1.3611
1.36111
1.36113
1.36116
1.36119
1.36123
1.36127
1.3613
1.36134
1.36138
1.36141
1.36144
1.36146
1.36148
1.3615
1.36151
1.36151
1.3615
1.36148
1.36146
1.36142
1.36138
1.36132
1.36126
1.36118
1.36109
1.361
1.36089
1.36077
1.36065
1.36052
1.36038
1.36023
1.36008
1.35993
1.35977
1.35962
1.35946
1.3593
1.35914
1.35898
1.35883
1.35869
1.35855
1.35842
1.35831
1.3582
1.35811
1.35803
1.35797
1.35793
1.35791
1.35791
1.35793
1.35798
1.35805
1.35815
1.35827
1.35843
1.35861
1.35883
1.35908
1.35936
1.35968
1.36003
1.36042
1.36084
1.36129
1.36179
1.36232
1.36288
1.36348
1.36412
1.3648
1.36551
1.36626
1.36704
1.36786
1.36871
1.3696
1.37052
1.37147
1.37246
1.37348
1.37453
1.37561
1.37671
1.37785
1.37901
1.3802
1.38141
1.38264
1.3839
1.38518
1.38647
1.38779
1.38912
1.39047
1.39183
1.39321
1.3946
1.396
1.39741
1.39883
1.40026
1.40169
1.40312
1.40457
1.40601
1.40745
1.4089
1.41035
1.41179
1.41323
1.41467
1.4161
1.41753
1.41895
1.42036
1.42176
1.42316
1.42454
1.42591
1.42726
1.4286
1.42993
1.43125
1.43254
1.43382
1.43508
1.43633
1.43755
1.43876
1.43994
1.4411
1.44224
1.44335
1.44444
1.4455
1.44654
1.44755
1.44854
1.4495
1.45042
1.45132
1.45219
1.45303
1.45384
1.45461
1.45535
1.45606
1.45673
1.45737
1.45797
1.45854
1.45907
1.45956
1.46002
1.46043
1.46081
1.46115
1.46145
1.46171
1.46193
1.46211
1.46225
1.46235
1.46241
1.46243
1.46241
1.46234
1.46224
1.4621
1.46191
1.46169
1.46143
1.46113
1.46079
1.46042
1.46001
1.45956
1.45908
1.45857
1.45803
1.45746
1.45685
1.45622
1.45556
1.45487
1.45416
1.45343
1.45268
1.45191
1.45111
1.45031
1.44948
1.44865
1.4478
1.44694
1.44607
1.4452
1.44432
1.44344
1.44256
1.44168
1.4408
1.43992
1.43904
1.43818
1.43731
1.43646
1.43562
1.43478
1.43395
1.43314
1.43233
1.43154
1.43075
1.42998
1.42922
1.42847
1.42774
1.42702
1.4263
1.4256
1.42491
1.42423
1.42356
1.4229
1.42225
1.42161
1.42097
1.42034
1.41971
1.41909
1.41847
1.41785
1.41724
1.41662
1.416
1.41538
1.41475
1.41412
1.41349
1.41285
1.4122
1.41154
1.41087
1.41019
1.4095
1.40879
1.40807
1.40734
1.40659
1.40582
1.40504
1.40424
1.40341
1.40257
1.40171
1.40083
1.39993
1.399
1.39805
1.39709
1.39609
1.39508
1.39404
1.39298
1.39189
1.39079
1.38965
1.3885
1.38733
1.38613
1.38492
1.38368
1.38242
1.38115
1.37986
1.37856
1.37724
1.37591
1.37457
1.37322
1.37186
1.3705
1.36914
1.36778
1.36641
1.36506
1.36371
1.36236
1.36104
1.35972
1.35842
1.35715
1.35589
1.35466
1.35346
1.35229
1.35115
1.35005
1.34899
1.34796
1.34698
1.34605
1.34516
1.34433
1.34354
1.34281
1.34213
1.34151
1.34095
1.34044
1.33998
1.33959
1.33925
1.33897
1.33875
1.33858
1.33848
1.33842
1.33842
1.33848
1.33858
1.33874
1.33894
1.33919
1.33949
1.33983
1.3402
1.34062
1.34106
1.34154
1.34205
1.34259
1.34315
1.34374
1.34434
1.34496
1.34559
1.34624
1.34689
1.34756
1.34822
1.34889
1.34956
1.35023
1.3509
1.35156
1.35222
1.35287
1.35351
1.35414
1.35475
1.35536
1.35595
1.35653
1.3571
1.35765
1.35819
1.35871
1.35922
1.35971
1.3602
1.36066
1.36112
1.36156
1.36199
1.36241
1.36281
1.36321
1.3636
1.36397
1.36434
1.3647
1.36506
1.3654
1.36574
1.36608
1.36641
1.36674
1.36706
1.36738
1.36769
1.36801
1.36832
1.36862
1.36893
1.36923
1.36952
1.36982
1.37011
1.3704
1.37068
1.37096
1.37124
1.37151
1.37177
1.37202
1.37227
1.37251
1.37274
1.37297
1.37318
1.37337
1.37356
1.37373
1.37389
1.37403
1.37416
1.37427
1.37436
1.37444
1.37449
1.37452
1.37454
1.37453
1.3745
1.37445
1.37438
1.37428
1.37417
1.37402
1.37386
1.37366
1.37345
1.37321
1.37294
1.37265
1.37233
1.37199
1.37163
1.37124
1.37083
1.3704
1.36994
1.36945
1.36895
1.36842
1.36787
1.3673
1.36671
1.3661
1.36547
1.36482
1.36415
1.36346
1.36275
1.36203
1.36128
1.36053
1.35975
1.35897
1.35816
1.35735
1.35652
1.35568
1.35483
1.35397
1.35309
1.35222
1.35133
1.35043
1.34953
1.34863
1.34772
1.34681
1.3459
1.34498
1.34407
1.34315
1.34224
1.34133
1.34043
1.33953
1.33863
1.33775
1.33687
1.336
1.33514
1.3343
1.33346
1.33264
1.33183
1.33103
1.33025
1.32949
1.32875
1.32802
1.32731
1.32662
1.32595
1.32531
1.32468
1.32407
1.32348
1.32291
1.32237
1.32184
1.32134
1.32086
1.32039
1.31995
1.31953
1.31913
1.31875
1.31839
1.31805
1.31772
1.31741
1.31712
1.31684
1.31658
1.31633
1.31609
1.31586
1.31565
1.31544
1.31525
1.31506
1.31488
1.31471
1.31455
1.31439
1.31424
1.31409
1.31394
1.3138
1.31366
1.31352
1.31339
1.31326
1.31313
1.313
1.31287
1.31275
1.31263
1.31252
1.3124
1.31229
1.31218
1.31208
1.31199
1.3119
1.31181
1.31174
1.31167
1.31161
1.31156
1.31152
1.3115
1.31149
1.31148
1.3115
1.31152
1.31156
1.31162
1.31169
1.31179
1.31189
1.31202
1.31216
1.31232
1.3125
1.31269
1.31291
1.31315
1.3134
1.31367
1.31396
1.31428
1.31461
1.31496
1.31533
1.31572
1.31613
1.31656
1.317
1.31747
1.31796
1.31847
1.31899
1.31954
1.3201
1.32069
1.32129
1.32192
1.32256
1.32322
1.3239
1.32461
1.32533
1.32607
1.32683
1.32761
1.32841
1.32923
1.33007
1.33093
1.33181
1.3327
1.33361
1.33454
1.33549
1.33645
1.33743
1.33842
1.33943
1.34044
1.34147
1.34251
1.34355
1.3446
1.34566
1.34672
1.34778
1.34884
1.3499
1.35097
1.35202
1.35308
1.35412
1.35516
1.35619
1.35721
1.35821
1.3592
1.36017
1.36113
1.36206
1.36298
1.36387
1.36474
1.36559
1.36642
1.36721
1.36799
1.36873
1.36944
1.37012
1.37077
1.37139
1.37198
1.37254
1.37305
1.37354
1.37399
1.3744
1.37477
1.37511
1.37541
1.37567
1.37589
1.37606
1.3762
1.3763
1.37635
1.37636
1.37632
1.37624
1.37611
1.37593
1.37571
1.37544
1.37512
1.37475
1.37433
1.37385
1.37333
1.37275
1.37212
1.37143
1.37069
1.36989
1.36904
1.36813
1.36716
1.36614
1.64937
1.64809
1.64671
1.64523
1.64364
1.64196
1.64017
1.63828
1.63629
1.63421
1.63203
1.62975
1.62738
1.62491
1.62236
1.61971
1.61699
1.61417
1.61128
1.60831
1.60526
1.60215
1.59896
1.59571
1.5924
1.58904
1.58562
1.58215
1.57864
1.57509
1.5715
1.56789
1.56425
1.56059
1.55691
1.55322
1.54953
1.54584
1.54215
1.53847
1.5348
1.53116
1.52754
1.52395
1.52039
1.51688
1.51341
1.50999
1.50663
1.50332
1.50008
1.4969
1.49379
1.49076
1.48781
1.48494
1.48215
1.47945
1.47684
1.47433
1.4719
1.46958
1.46735
1.46522
1.46319
1.46126
1.45944
1.45771
1.45609
1.45457
1.45315
1.45183
1.45061
1.44949
1.44847
1.44755
1.44672
1.44599
1.44535
1.44479
1.44433
1.44395
1.44366
1.44345
1.44331
1.44326
1.44328
1.44337
1.44353
1.44376
1.44405
1.44441
1.44482
1.44529
1.44581
1.44638
1.447
1.44766
1.44836
1.44911
1.44989
1.4507
1.45155
1.45242
1.45332
1.45424
1.45518
1.45614
1.45712
1.4581
1.4591
1.4601
1.46111
1.46212
1.46313
1.46414
1.46514
1.46614
1.46712
1.46809
1.46905
1.46999
1.47091
1.47182
1.4727
1.47356
1.47439
1.47519
1.47597
1.47671
1.47743
1.47811
1.47876
1.47937
1.47995
1.48049
1.48099
1.48146
1.48188
1.48227
1.48261
1.48292
1.48318
1.48341
1.4836
1.48375
1.48386
1.48393
1.48397
1.48397
1.48393
1.48385
1.48375
1.4836
1.48343
1.48322
1.48299
1.48272
1.48242
1.4821
1.48175
1.48138
1.48099
1.48057
1.48013
1.47968
1.47921
1.47872
1.47822
1.47771
1.47719
1.47665
1.47611
1.47556
1.475
1.47444
1.47387
1.4733
1.47273
1.47216
1.47159
1.47102
1.47045
1.46989
1.46933
1.46877
1.46822
1.46768
1.46714
1.46661
1.46609
1.46558
1.46508
1.46459
1.46411
1.46364
1.46318
1.46274
1.46232
1.46191
1.46151
1.46113
1.46078
1.46043
1.46011
1.45982
1.45954
1.45929
1.45906
1.45886
1.45869
1.45854
1.45843
1.45835
1.45831
1.4583
1.45832
1.45839
1.4585
1.45865
1.45884
1.45908
1.45936
1.45969
1.46008
1.4605
1.46098
1.46152
1.4621
1.46273
1.46342
1.46417
1.46496
1.46581
1.4667
1.46765
1.46865
1.46969
1.47078
1.47192
1.4731
1.47432
1.47557
1.47687
1.47819
1.47955
1.48094
1.48234
1.48377
1.48522
1.48668
1.48814
1.48962
1.49109
1.49256
1.49403
1.49549
1.49693
1.49836
1.49977
1.50116
1.50251
1.50384
1.50513
1.50638
1.5076
1.50877
1.50989
1.51097
1.51199
1.51296
1.51387
1.51472
1.51551
1.51624
1.5169
1.51749
1.51801
1.51847
1.51885
1.51915
1.51938
1.51954
1.51961
1.51961
1.51953
1.51936
1.51912
1.51879
1.51838
1.5179
1.51732
1.51667
1.51594
1.51512
1.51423
1.51325
1.5122
1.51107
1.50986
1.50858
1.50723
1.5058
1.50431
1.50275
1.50112
1.49943
1.49768
1.49588
1.49403
1.49212
1.49018
1.48819
1.48617
1.48411
1.48203
1.47993
1.47781
1.47568
1.47354
1.4714
1.46927
1.46715
1.46505
1.46297
1.46093
1.45892
1.45695
1.45504
1.45318
1.45138
1.44965
1.44799
1.44641
1.44492
1.44352
1.44221
1.441
1.43989
1.43889
1.438
1.43723
1.43657
1.43602
1.4356
1.4353
1.43512
1.43506
1.43512
1.4353
1.4356
1.43602
1.43655
1.43719
1.43795
1.4388
1.43976
1.44082
1.44197
1.44321
1.44453
1.44593
1.4474
1.44894
1.45054
1.45219
1.45389
1.45564
1.45743
1.45925
1.46109
1.46296
1.46484
1.46674
1.46864
1.47054
1.47243
1.47432
1.47619
1.47805
1.47988
1.48169
1.48347
1.48523
1.48694
1.48862
1.49026
1.49186
1.49342
1.49493
1.4964
1.49782
1.4992
1.50053
1.50181
1.50304
1.50423
1.50538
1.50648
1.50753
1.50855
1.50952
1.51046
1.51136
1.51223
1.51307
1.51387
1.51465
1.51541
1.51614
1.51686
1.51756
1.51824
1.51891
1.51958
1.52024
1.52089
1.52154
1.52219
1.52285
1.5235
1.52417
1.52483
1.52551
1.52619
1.52688
1.52758
1.52829
1.529
1.52973
1.53046
1.5312
1.53195
1.53271
1.53347
1.53423
1.535
1.53577
1.53653
1.5373
1.53806
1.53881
1.53956
1.5403
1.54102
1.54174
1.54244
1.54312
1.54379
1.54443
1.54506
1.54566
1.54623
1.54679
1.54731
1.54781
1.54828
1.54872
1.54913
1.54951
1.54986
1.55018
1.55046
1.55072
1.55094
1.55113
1.55129
1.55142
1.55152
1.55159
1.55163
1.55164
1.55163
1.55158
1.55151
1.55142
1.55131
1.55117
1.55102
1.55085
1.55066
1.55046
1.55024
1.55002
1.54979
1.54955
1.54931
1.54907
1.54882
1.54858
1.54835
1.54812
1.54789
1.54768
1.54748
1.5473
1.54712
1.54697
1.54683
1.54671
1.54662
1.54654
1.54648
1.54645
1.54643
1.54644
1.54648
1.54653
1.5466
1.5467
1.54682
1.54696
1.54711
1.54729
1.54748
1.54769
1.54792
1.54816
1.54841
1.54868
1.54895
1.54924
1.54953
1.54983
1.55013
1.55044
1.55075
1.55106
1.55136
1.55167
1.55197
1.55227
1.55257
1.55286
1.55314
1.55342
1.55369
1.55394
1.55419
1.55443
1.55466
1.55487
1.55507
1.55526
1.55544
1.5556
1.55575
1.55588
1.556
1.5561
1.55619
1.55626
1.55631
1.55635
1.55637
1.55637
1.55635
1.55631
1.55625
1.55618
1.55608
1.55596
1.55581
1.55564
1.55545
1.55524
1.55499
1.55473
1.55443
1.55411
1.55375
1.55337
1.55296
1.55252
1.55204
1.55153
1.55099
1.55042
1.54981
1.54916
1.54848
1.54777
1.54701
1.54622
1.54539
1.54453
1.54362
1.54268
1.5417
1.54068
1.53963
1.53853
1.5374
1.53623
1.53503
1.53379
1.53251
1.53119
1.52984
1.52846
1.52704
1.52559
1.52411
1.52259
1.52105
1.51947
1.51787
1.51625
1.51459
1.51291
1.51121
1.50949
1.50774
1.50598
1.5042
1.50239
1.50058
1.49875
1.49691
1.49505
1.49319
1.49131
1.48943
1.48754
1.48565
1.48375
1.48184
1.47994
1.47804
1.47614
1.47424
1.47234
1.47045
1.46857
1.4667
1.46483
1.46297
1.46113
1.4593
1.45749
1.45569
1.45392
1.45216
1.45042
1.44871
1.44702
1.44535
1.44371
1.4421
1.44052
1.43897
1.43746
1.43597
1.43452
1.43311
1.43174
1.43041
1.42911
1.42786
1.42665
1.42549
1.42437
1.42329
1.42226
1.42128
1.42035
1.41947
1.41864
1.41786
1.41712
1.41644
1.41581
1.41523
1.4147
1.41423
1.4138
1.41343
1.41311
1.41283
1.41261
1.41244
1.41232
1.41225
1.41223
1.41226
1.41233
1.41245
1.41262
1.41283
1.41309
1.41339
1.41373
1.41411
1.41453
1.415
1.4155
1.41604
1.41662
1.41723
1.41788
1.41857
1.41928
1.42003
1.42081
1.42163
1.42247
1.42335
1.42425
1.42518
1.42614
1.42712
1.42814
1.42918
1.43025
1.43134
1.43246
1.4336
1.43477
1.43597
1.43719
1.43844
1.43971
1.44101
1.44233
1.44368
1.44505
1.44645
1.44787
1.44932
1.45079
1.45229
1.45381
1.45535
1.45692
1.45852
1.46014
1.46178
1.46345
1.46513
1.46684
1.46858
1.47033
1.4721
1.47389
1.4757
1.47753
1.47938
1.48124
1.48312
1.48502
1.48693
1.48885
1.49078
1.49272
1.49467
1.49663
1.49859
1.50056
1.50253
1.50451
1.50648
1.50846
1.51043
1.5124
1.51437
1.51633
1.51829
1.52023
1.52217
1.52409
1.52601
1.52791
1.5298
1.53167
1.53352
1.53536
1.53718
1.53898
1.54076
1.54252
1.54426
1.54597
1.54766
1.54932
1.55096
1.55258
1.55417
1.55573
1.55726
1.55877
1.56025
1.5617
1.56312
1.56451
1.56588
1.56722
1.56852
1.5698
1.57105
1.57227
1.57346
1.57461
1.57574
1.57684
1.57791
1.57895
1.57996
1.58094
1.58189
1.58281
1.5837
1.58457
1.5854
1.5862
1.58698
1.58772
1.58844
1.58913
1.58979
1.59042
1.59102
1.59159
1.59213
1.59265
1.59313
1.59359
1.59402
1.59441
1.59478
1.59512
1.59543
1.59571
1.59596
1.59618
1.59637
1.59653
1.59666
1.59675
1.59681
1.59685
1.59684
1.59681
1.59674
1.59663
1.59649
1.59632
1.59611
1.59586
1.59558
1.59526
1.5949
1.5945
1.59407
1.59359
1.59308
1.59253
1.59193
1.5913
1.59063
1.58991
1.58916
1.58837
1.58753
1.58666
1.58574
1.58478
1.58379
1.58275
1.58168
1.58056
1.57941
1.57821
1.57698
1.57572
1.57441
1.57307
1.57169
1.57028
1.56883
1.56735
1.56585
1.56431
1.56273
1.56113
1.55951
1.55785
1.55617
1.55447
1.55274
1.55098
1.54921
1.54742
1.54561
1.54378
1.54194
1.54008
1.53822
1.53634
1.53445
1.53255
1.53065
1.52874
1.52682
1.52491
1.52299
1.52107
1.51915
1.51723
1.51532
1.51341
1.5115
1.50961
1.50771
1.50583
1.50396
1.50209
1.50024
1.4984
1.49657
1.49475
1.49295
1.49116
1.48939
1.48763
1.48589
1.48416
1.48245
1.48075
1.47907
1.47741
1.47576
1.47413
1.47252
1.47093
1.46935
1.46779
1.46625
1.46472
1.46321
1.46172
1.46024
1.45878
1.45734
1.45591
1.4545
1.4531
1.45172
1.45035
1.449
1.44766
1.44634
1.44503
1.44373
1.44245
1.44118
1.43993
1.43868
1.43745
1.43624
1.43503
1.43384
1.43266
1.4315
1.43034
1.4292
1.42808
1.42696
1.42587
1.42478
1.42371
1.42266
1.42162
1.4206
1.41959
1.41861
1.41764
1.41669
1.41576
1.41486
1.41397
1.41311
1.41227
1.41146
1.41067
1.40991
1.40918
1.40848
1.40781
1.40717
1.40656
1.40599
1.40545
1.40496
1.4045
1.40408
1.40371
1.40338
1.4031
1.40286
1.40267
1.40253
1.64993
1.64987
1.64983
1.64982
1.64983
1.64987
1.64995
1.65006
1.6502
1.65038
1.65059
1.65085
1.65114
1.65148
1.65186
1.65229
1.65276
1.65328
1.65384
1.65445
1.65512
1.65583
1.65659
1.65741
1.65827
1.65918
1.66015
1.66116
1.66222
1.66334
1.6645
1.66571
1.66696
1.66826
1.66961
1.67099
1.67242
1.67388
1.67539
1.67692
1.67849
1.68009
1.68171
1.68336
1.68502
1.68671
1.68841
1.69012
1.69183
1.69356
1.69528
1.697
1.69871
1.70042
1.70211
1.70378
1.70543
1.70707
1.70867
1.71024
1.71178
1.71328
1.71474
1.71615
1.71752
1.71884
1.7201
1.72131
1.72246
1.72354
1.72456
1.72552
1.72641
1.72722
1.72797
1.72864
1.72923
1.72975
1.73019
1.73054
1.73082
1.73102
1.73113
1.73116
1.73111
1.73098
1.73077
1.73047
1.7301
1.72964
1.72911
1.7285
1.72781
1.72705
1.72621
1.72531
1.72433
1.72329
1.72218
1.72101
1.71978
1.71849
1.71715
1.71576
1.71432
1.71283
1.7113
1.70974
1.70814
1.70651
1.70485
1.70317
1.70147
1.69976
1.69803
1.69629
1.69455
1.69281
1.69107
1.68934
1.68762
1.68591
1.68422
1.68255
1.6809
1.67928
1.67769
1.67614
1.67461
1.67313
1.67169
1.67028
1.66893
1.66761
1.66635
1.66514
1.66397
1.66286
1.6618
1.66079
1.65984
1.65894
1.6581
1.65731
1.65657
1.65589
1.65526
1.65469
1.65416
1.65369
1.65327
1.6529
1.65257
1.65229
1.65206
1.65187
1.65172
1.65161
1.65154
1.65151
1.65151
1.65154
1.65161
1.6517
1.65182
1.65197
1.65214
1.65234
1.65255
1.65278
1.65303
1.6533
1.65358
1.65387
1.65418
1.6545
1.65482
1.65516
1.6555
1.65585
1.65621
1.65657
1.65694
1.65731
1.65769
1.65807
1.65845
1.65883
1.65922
1.65961
1.66
1.66039
1.66079
1.66119
1.66159
1.662
1.66241
1.66282
1.66323
1.66365
1.66407
1.6645
1.66492
1.66536
1.6658
1.66624
1.66668
1.66713
1.66759
1.66804
1.66851
1.66898
1.66945
1.66993
1.67042
1.67091
1.67141
1.67191
1.67242
1.67294
1.67346
1.67399
1.67452
1.67507
1.67561
1.67617
1.67673
1.67729
1.67786
1.67844
1.67902
1.67961
1.6802
1.6808
1.6814
1.682
1.6826
1.68321
1.68381
1.68442
1.68503
1.68563
1.68623
1.68683
1.68742
1.68801
1.68859
1.68916
1.68971
1.69026
1.69078
1.6913
1.69179
1.69227
1.69272
1.69316
1.69356
1.69394
1.69429
1.69461
1.6949
1.69516
1.69538
1.69556
1.6957
1.69581
1.69587
1.69588
1.69585
1.69578
1.69566
1.69549
1.69527
1.69499
1.69467
1.69429
1.69387
1.69339
1.69285
1.69226
1.69162
1.69091
1.69016
1.68935
1.68848
1.68756
1.68659
1.68556
1.68448
1.68335
1.68216
1.68093
1.67964
1.6783
1.67692
1.67548
1.674
1.67248
1.67091
1.6693
1.66765
1.66595
1.66422
1.66245
1.66064
1.6588
1.65692
1.65501
1.65308
1.65111
1.64911
1.6471
1.64505
1.64299
1.6409
1.63879
1.63667
1.63453
1.63237
1.6302
1.62802
1.62583
1.62363
1.62142
1.6192
1.61698
1.61476
1.61254
1.61031
1.60808
1.60586
1.60364
1.60143
1.59922
1.59703
1.59484
1.59267
1.5905
1.58836
1.58623
1.58412
1.58203
1.57996
1.57792
1.57591
1.57392
1.57197
1.57005
1.56816
1.56631
1.5645
1.56274
1.56102
1.55935
1.55773
1.55616
1.55465
1.5532
1.5518
1.55047
1.54921
1.54802
1.54691
1.54586
1.5449
1.54402
1.54323
1.54252
1.54191
1.54139
1.54096
1.54063
1.5404
1.54027
1.54025
1.54033
1.54052
1.54082
1.54123
1.54175
1.54238
1.54312
1.54398
1.54495
1.54602
1.54721
1.54851
1.54992
1.55143
1.55305
1.55477
1.5566
1.55852
1.56053
1.56264
1.56484
1.56712
1.56948
1.57192
1.57443
1.57701
1.57965
1.58236
1.58511
1.58792
1.59078
1.59367
1.5966
1.59957
1.60256
1.60557
1.6086
1.61165
1.6147
1.61776
1.62081
1.62387
1.62691
1.62994
1.63296
1.63596
1.63894
1.64189
1.64481
1.6477
1.65056
1.65338
1.65616
1.6589
1.66159
1.66423
1.66683
1.66938
1.67187
1.67431
1.67669
1.67901
1.68128
1.68348
1.68562
1.6877
1.68971
1.69165
1.69353
1.69534
1.69708
1.69875
1.70034
1.70187
1.70332
1.7047
1.706
1.70723
1.70838
1.70946
1.71045
1.71138
1.71222
1.71299
1.71369
1.7143
1.71485
1.71531
1.7157
1.71602
1.71626
1.71642
1.71652
1.71653
1.71648
1.71636
1.71616
1.71589
1.71556
1.71516
1.7147
1.71417
1.71358
1.71293
1.71221
1.71145
1.71062
1.70974
1.70881
1.70782
1.70679
1.7057
1.70457
1.7034
1.70217
1.70091
1.69961
1.69827
1.69689
1.69547
1.69402
1.69254
1.69103
1.68949
1.68791
1.68631
1.68469
1.68304
1.68138
1.67969
1.67798
1.67625
1.67451
1.67275
1.67098
1.66919
1.66739
1.66558
1.66377
1.66194
1.66011
1.65828
1.65644
1.6546
1.65276
1.65092
1.64909
1.64726
1.64543
1.64361
1.6418
1.64
1.63821
1.63644
1.63468
1.63293
1.63121
1.62951
1.62782
1.62616
1.62453
1.62292
1.62134
1.61978
1.61826
1.61677
1.61531
1.61389
1.61251
1.61116
1.60985
1.60858
1.60735
1.60616
1.60501
1.6039
1.60283
1.60181
1.60083
1.59988
1.59898
1.59813
1.59731
1.59653
1.59579
1.59508
1.59441
1.59378
1.59318
1.59261
1.59207
1.59156
1.59108
1.59062
1.59018
1.58976
1.58935
1.58896
1.58858
1.58822
1.58786
1.58751
1.58716
1.58681
1.58646
1.58611
1.58576
1.5854
1.58503
1.58466
1.58428
1.58388
1.58347
1.58305
1.58262
1.58217
1.5817
1.58122
1.58072
1.58021
1.57967
1.57913
1.57856
1.57798
1.57739
1.57678
1.57615
1.57551
1.57486
1.5742
1.57352
1.57284
1.57214
1.57144
1.57074
1.57003
1.56931
1.56859
1.56787
1.56715
1.56644
1.56572
1.56501
1.56431
1.56361
1.56292
1.56224
1.56157
1.56092
1.56027
1.55964
1.55902
1.55842
1.55783
1.55726
1.55671
1.55617
1.55566
1.55516
1.55468
1.55422
1.55378
1.55336
1.55296
1.55258
1.55221
1.55187
1.55154
1.55122
1.55092
1.55064
1.55036
1.5501
1.54985
1.5496
1.54937
1.54914
1.54891
1.54868
1.54845
1.54822
1.54799
1.54775
1.5475
1.54723
1.54696
1.54667
1.54636
1.54603
1.54567
1.5453
1.54489
1.54446
1.54399
1.54349
1.54296
1.54239
1.54178
1.54113
1.54045
1.53972
1.53895
1.53814
1.53729
1.53639
1.53546
1.53448
1.53346
1.5324
1.53131
1.53017
1.529
1.5278
1.52657
1.52531
1.52402
1.52271
1.52138
1.52004
1.51868
1.51731
1.51593
1.51455
1.51317
1.5118
1.51044
1.50909
1.50775
1.50644
1.50516
1.5039
1.50267
1.50148
1.50033
1.49922
1.49816
1.49715
1.49619
1.49528
1.49442
1.49362
1.49289
1.49221
1.49159
1.49104
1.49055
1.49013
1.48977
1.48947
1.48923
1.48906
1.48895
1.48891
1.48892
1.48899
1.48913
1.48932
1.48956
1.48986
1.49021
1.4906
1.49105
1.49154
1.49208
1.49265
1.49327
1.49392
1.49461
1.49533
1.49609
1.49687
1.49767
1.4985
1.49936
1.50023
1.50112
1.50202
1.50294
1.50387
1.50481
1.50575
1.5067
1.50766
1.50861
1.50957
1.51052
1.51147
1.51242
1.51336
1.51429
1.51522
1.51613
1.51702
1.51791
1.51877
1.51962
1.52046
1.52127
1.52207
1.52284
1.52359
1.52432
1.52503
1.52571
1.52637
1.527
1.5276
1.52818
1.52873
1.52926
1.52976
1.53023
1.53067
1.53109
1.53148
1.53184
1.53218
1.5325
1.53279
1.53306
1.5333
1.53352
1.53372
1.53389
1.53405
1.53419
1.53431
1.53441
1.53449
1.53456
1.53461
1.53465
1.53468
1.53469
1.53469
1.53468
1.53467
1.53464
1.53461
1.53458
1.53454
1.5345
1.53445
1.5344
1.53435
1.5343
1.53425
1.53421
1.53416
1.53412
1.53409
1.53406
1.53403
1.53401
1.53401
1.53401
1.53401
1.53403
1.53406
1.5341
1.53416
1.53422
1.5343
1.5344
1.53451
1.53464
1.53478
1.53495
1.53513
1.53534
1.53556
1.53581
1.53609
1.53638
1.53671
1.53706
1.53744
1.53785
1.53829
1.53876
1.53926
1.5398
1.54037
1.54097
1.54161
1.54229
1.543
1.54375
1.54454
1.54537
1.54623
1.54714
1.54808
1.54906
1.55008
1.55114
1.55223
1.55336
1.55453
1.55573
1.55697
1.55824
1.55954
1.56088
1.56224
1.56362
1.56504
1.56647
1.56793
1.56941
1.5709
1.57241
1.57393
1.57545
1.57699
1.57853
1.58007
1.5816
1.58314
1.58466
1.58618
1.58769
1.58918
1.59065
1.5921
1.59353
1.59493
1.59631
1.59765
1.59897
1.60025
1.60149
1.60269
1.60386
1.60498
1.60605
1.60708
1.60807
1.60901
1.60989
1.61073
1.61152
1.61225
1.61294
1.61356
1.61414
1.61466
1.61513
1.61554
1.61589
1.6162
1.61645
1.61664
1.61679
1.61688
1.61692
1.61691
1.61684
1.61673
1.61657
1.61636
1.6161
1.61579
1.61544
1.61504
1.61459
1.61411
1.61357
1.613
1.61239
1.61173
1.61104
1.61031
1.60954
1.60873
1.60789
1.60701
1.6061
1.60515
1.60417
1.60316
1.60212
1.60105
1.59995
1.59882
1.59766
1.59648
1.59527
1.59404
1.59278
1.5915
1.5902
1.58889
1.58755
1.58619
1.58483
1.58344
1.58205
1.58064
1.57923
1.57781
1.57639
1.57497
1.57355
1.57213
1.57072
1.56932
1.56793
1.56656
1.5652
1.56386
1.56255
1.56126
1.56001
1.55878
1.5576
1.55645
1.55534
1.55428
1.55327
1.55231
1.55141
1.55056
1.54978
1.54905
1.54839
1.64968
1.64912
1.64863
1.6482
1.64783
1.64752
1.64727
1.6471
1.64698
1.64694
1.64696
1.64705
1.64721
1.64744
1.64774
1.64811
1.64854
1.64903
1.6496
1.65022
1.65091
1.65165
1.65246
1.65332
1.65423
1.65519
1.65621
1.65727
1.65837
1.65951
1.66069
1.6619
1.66315
1.66442
1.66572
1.66704
1.66838
1.66973
1.67109
1.67247
1.67384
1.67522
1.67659
1.67796
1.67932
1.68066
1.68199
1.6833
1.68459
1.68585
1.68709
1.68829
1.68946
1.6906
1.6917
1.69275
1.69376
1.69473
1.69565
1.69651
1.69733
1.6981
1.69881
1.69946
1.70006
1.7006
1.70108
1.70149
1.70185
1.70214
1.70237
1.70253
1.70263
1.70266
1.70263
1.70253
1.70236
1.70213
1.70183
1.70147
1.70103
1.70053
1.69997
1.69934
1.69864
1.69788
1.69706
1.69616
1.69521
1.69418
1.6931
1.69195
1.69074
1.68947
1.68814
1.68675
1.68531
1.6838
1.68224
1.68062
1.67895
1.67723
1.67545
1.67362
1.67175
1.66983
1.66786
1.66585
1.66379
1.6617
1.65956
1.65739
1.65518
1.65294
1.65067
1.64836
1.64604
1.64368
1.64131
1.63891
1.6365
1.63407
1.63163
1.62918
1.62672
1.62426
1.6218
1.61934
1.61689
1.61444
1.61201
1.60959
1.60718
1.6048
1.60244
1.60011
1.59781
1.59554
1.59331
1.59112
1.58897
1.58686
1.5848
1.58278
1.58082
1.57892
1.57707
1.57528
1.57356
1.57189
1.57029
1.56876
1.56729
1.5659
1.56457
1.56332
1.56215
1.56105
1.56002
1.55907
1.5582
1.5574
1.55669
1.55605
1.5555
1.55502
1.55462
1.5543
1.55406
1.5539
1.55381
1.5538
1.55387
1.55401
1.55423
1.55451
1.55487
1.5553
1.55581
1.55638
1.55702
1.55773
1.55851
1.55935
1.56025
1.56122
1.56225
1.56334
1.56449
1.5657
1.56697
1.5683
1.56968
1.57112
1.57261
1.57416
1.57576
1.57742
1.57912
1.58088
1.58269
1.58455
1.58645
1.58841
1.59041
1.59246
1.59456
1.5967
1.59889
1.60112
1.60339
1.6057
1.60806
1.61045
1.61288
1.61534
1.61784
1.62038
1.62295
1.62555
1.62817
1.63082
1.6335
1.6362
1.63891
1.64165
1.6444
1.64716
1.64993
1.6527
1.65548
1.65826
1.66103
1.6638
1.66656
1.66931
1.67203
1.67474
1.67743
1.68009
1.68272
1.68532
1.68789
1.69041
1.6929
1.69533
1.69773
1.70007
1.70236
1.70459
1.70677
1.70889
1.71095
1.71294
1.71488
1.71674
1.71854
1.72027
1.72193
1.72353
1.72505
1.72651
1.72789
1.72921
1.73045
1.73163
1.73274
1.73378
1.73476
1.73567
1.73652
1.73731
1.73803
1.7387
1.7393
1.73985
1.74035
1.74079
1.74118
1.74152
1.74181
1.74205
1.74225
1.7424
1.74251
1.74258
1.74261
1.74259
1.74254
1.74245
1.74233
1.74217
1.74197
1.74175
1.74149
1.74119
1.74087
1.74052
1.74013
1.73972
1.73928
1.73881
1.73831
1.73779
1.73724
1.73667
1.73607
1.73545
1.73481
1.73414
1.73345
1.73275
1.73203
1.73128
1.73053
1.72976
1.72897
1.72818
1.72737
1.72656
1.72575
1.72492
1.7241
1.72328
1.72246
1.72164
1.72084
1.72004
1.71926
1.71849
1.71774
1.71701
1.71631
1.71563
1.71499
1.71437
1.7138
1.71327
1.71278
1.71233
1.71193
1.71159
1.7113
1.71106
1.71089
1.71077
1.71072
1.71074
1.71082
1.71097
1.71119
1.71148
1.71184
1.71228
1.71279
1.71337
1.71403
1.71476
1.71557
1.71645
1.71741
1.71843
1.71953
1.72069
1.72192
1.72322
1.72457
1.72599
1.72746
1.72898
1.73056
1.73218
1.73385
1.73555
1.7373
1.73907
1.74088
1.74271
1.74456
1.74642
1.7483
1.75018
1.75207
1.75396
1.75584
1.75771
1.75957
1.76142
1.76324
1.76504
1.76681
1.76855
1.77025
1.77192
1.77354
1.77512
1.77665
1.77813
1.77956
1.78094
1.78225
1.78351
1.7847
1.78583
1.7869
1.7879
1.78883
1.7897
1.79049
1.79121
1.79186
1.79243
1.79293
1.79336
1.79371
1.79399
1.79419
1.79431
1.79436
1.79434
1.79423
1.79405
1.7938
1.79347
1.79307
1.79259
1.79203
1.7914
1.79069
1.78991
1.78906
1.78813
1.78713
1.78605
1.7849
1.78368
1.78239
1.78102
1.77958
1.77807
1.77649
1.77484
1.77312
1.77133
1.76948
1.76755
1.76556
1.76351
1.76139
1.75922
1.75698
1.75469
1.75233
1.74993
1.74748
1.74497
1.74242
1.73983
1.73719
1.73452
1.73182
1.72909
1.72633
1.72355
1.72075
1.71794
1.71512
1.71229
1.70947
1.70665
1.70384
1.70104
1.69826
1.69551
1.69278
1.69008
1.68742
1.6848
1.68223
1.6797
1.67721
1.67479
1.67241
1.67009
1.66783
1.66563
1.6635
1.66142
1.65941
1.65746
1.65557
1.65375
1.65198
1.65028
1.64863
1.64705
1.64551
1.64403
1.6426
1.64122
1.63988
1.63859
1.63734
1.63613
1.63495
1.6338
1.63269
1.6316
1.63054
1.62951
1.62849
1.6275
1.62652
1.62556
1.62461
1.62368
1.62276
1.62185
1.62096
1.62008
1.61921
1.61836
1.61752
1.61669
1.61589
1.6151
1.61433
1.61359
1.61287
1.61217
1.61151
1.61087
1.61027
1.60971
1.60919
1.60871
1.60827
1.60788
1.60755
1.60727
1.60704
1.60688
1.60678
1.60675
1.60678
1.60689
1.60706
1.60732
1.60765
1.60805
1.60854
1.60911
1.60976
1.61049
1.61131
1.61221
1.6132
1.61426
1.61541
1.61665
1.61796
1.61936
1.62083
1.62238
1.62401
1.62571
1.62748
1.62931
1.63121
1.63317
1.63519
1.63727
1.63939
1.64157
1.64379
1.64605
1.64835
1.65068
1.65303
1.65542
1.65782
1.66024
1.66267
1.66511
1.66756
1.67
1.67244
1.67487
1.67728
1.67968
1.68206
1.68442
1.68675
1.68905
1.69131
1.69354
1.69572
1.69786
1.69995
1.702
1.70399
1.70593
1.70781
1.70964
1.7114
1.71311
1.71475
1.71632
1.71784
1.71929
1.72067
1.72198
1.72323
1.72441
1.72552
1.72657
1.72755
1.72847
1.72932
1.73012
1.73084
1.73151
1.73212
1.73268
1.73317
1.73361
1.734
1.73434
1.73463
1.73487
1.73507
1.73522
1.73533
1.7354
1.73544
1.73543
1.73539
1.73532
1.73521
1.73507
1.73491
1.73471
1.73449
1.73424
1.73396
1.73365
1.73332
1.73296
1.73257
1.73216
1.73172
1.73125
1.73076
1.73024
1.72969
1.72911
1.72851
1.72787
1.72721
1.72651
1.72578
1.72502
1.72423
1.7234
1.72254
1.72164
1.72072
1.71976
1.71876
1.71773
1.71667
1.71557
1.71445
1.71329
1.7121
1.71089
1.70965
1.70838
1.7071
1.70579
1.70447
1.70314
1.70179
1.70044
1.69909
1.69774
1.6964
1.69507
1.69375
1.69246
1.69119
1.68996
1.68876
1.68761
1.6865
1.68545
1.68446
1.68353
1.68267
1.68189
1.68119
1.68057
1.68005
1.67962
1.67928
1.67905
1.67892
1.67889
1.67897
1.67916
1.67947
1.67988
1.6804
1.68104
1.68178
1.68262
1.68358
1.68463
1.68578
1.68703
1.68837
1.6898
1.69131
1.69289
1.69455
1.69627
1.69804
1.69987
1.70174
1.70365
1.7056
1.70757
1.70955
1.71155
1.71355
1.71555
1.71755
1.71952
1.72148
1.72342
1.72532
1.72719
1.72902
1.7308
1.73253
1.73421
1.73583
1.7374
1.73889
1.74032
1.74168
1.74297
1.74418
1.74532
1.74638
1.74736
1.74827
1.74909
1.74983
1.75049
1.75107
1.75157
1.75199
1.75232
1.75257
1.75274
1.75283
1.75284
1.75278
1.75263
1.75241
1.75211
1.75173
1.75129
1.75077
1.75018
1.74951
1.74878
1.74798
1.74711
1.74618
1.74518
1.74412
1.74299
1.74181
1.74056
1.73926
1.7379
1.73649
1.73503
1.73352
1.73196
1.73035
1.7287
1.727
1.72527
1.72349
1.72168
1.71984
1.71797
1.71607
1.71414
1.71218
1.71021
1.70822
1.70621
1.70419
1.70216
1.70012
1.69808
1.69604
1.694
1.69197
1.68995
1.68794
1.68594
1.68397
1.68201
1.68008
1.67818
1.67632
1.67448
1.67269
1.67094
1.66924
1.66759
1.66599
1.66444
1.66296
1.66154
1.66018
1.65889
1.65767
1.65652
1.65545
1.65445
1.65354
1.6527
1.65194
1.65127
1.65068
1.65017
1.64975
1.64941
1.64915
1.64898
1.64888
1.64887
1.64894
1.64909
1.64932
1.64962
1.64999
1.65044
1.65095
1.65154
1.65218
1.65289
1.65366
1.65448
1.65536
1.65629
1.65726
1.65828
1.65934
1.66044
1.66157
1.66274
1.66394
1.66516
1.66641
1.66768
1.66897
1.67028
1.6716
1.67293
1.67427
1.67562
1.67698
1.67833
1.67969
1.68105
1.68241
1.68376
1.6851
1.68644
1.68776
1.68908
1.69038
1.69167
1.69294
1.6942
1.69543
1.69664
1.69783
1.699
1.70014
1.70126
1.70234
1.7034
1.70442
1.70542
1.70638
1.7073
1.70818
1.70903
1.70983
1.71058
1.71129
1.71196
1.71257
1.71314
1.71365
1.7141
1.71449
1.71483
1.7151
1.71531
1.71545
1.71552
1.71552
1.71545
1.7153
1.71508
1.71477
1.71439
1.71392
1.71337
1.71272
1.71199
1.71117
1.71026
1.70925
1.70815
1.70696
1.70567
1.70428
1.7028
1.70122
1.69955
1.69779
1.69593
1.69398
1.69194
1.68982
1.68761
1.68532
1.68295
1.68051
1.67801
1.67544
1.67281
1.67013
1.6674
1.66463
1.66183
1.65901
1.65617
1.65332
1.65047
1.64763
1.64481
1.64202
1.63927
1.63656
1.63391
1.63133
1.62882
1.62641
1.62409
1.62188
1.61979
1.61782
1.61599
1.61431
1.61277
1.6114
1.61019
1.60917
1.60832
1.60765
1.60719
1.60691
1.60684
1.60697
1.6073
1.60784
1.60859
1.60955
1.61071
1.61208
1.61365
1.61542
1.61738
1.61954
1.62189
1.62442
1.62713
1.63001
1.63305
1.63625
1.7357
1.7413
1.74332
1.74658
1.75424
1.76407
1.76962
1.76564
1.75166
1.73118
1.70873
1.68766
1.66989
1.6575
1.65419
1.66362
1.68541
1.71393
1.74226
1.76672
1.78781
1.80787
1.82829
1.84847
1.86653
1.88078
1.8906
1.89619
1.89807
1.89657
1.89146
1.88219
1.8685
1.85104
1.83161
1.81276
1.79696
1.78603
1.78056
1.7798
1.78166
1.78319
1.7812
1.77304
1.75735
1.73484
1.70858
1.68313
1.66275
1.64942
1.64224
1.63854
1.63526
1.63015
1.62232
1.61227
1.60167
1.59286
1.58806
1.58886
1.5961
1.61
1.62987
1.65383
1.67935
1.70419
1.72664
1.74537
1.75937
1.76818
1.77228
1.77294
1.77175
1.76992
1.76763
1.76397
1.75757
1.74756
1.73432
1.71935
1.70467
1.69187
1.68188
1.67501
1.67143
1.67138
1.67506
1.68188
1.68999
1.69687
1.70108
1.70334
1.70558
1.7091
1.7134
1.71669
1.71717
1.71402
1.70752
1.69893
1.68998
1.68238
1.67727
1.67506
1.67529
1.67657
1.67702
1.6755
1.67265
1.67064
1.67154
1.67549
1.68061
1.68435
1.68508
1.683
1.68005
1.67874
1.68069
1.68535
1.69031
1.69299
1.69241
1.68979
1.68786
1.68933
1.69583
1.7077
1.72404
1.74315
1.76282
1.78074
1.79501
1.80454
1.80899
1.80839
1.80265
1.79151
1.77511
1.75451
1.73159
1.70841
1.68716
1.67053
1.66199
1.66501
1.68098
1.70761
1.73928
1.76944
1.79308
1.80748
1.81178
1.80632
1.79233
1.77186
1.7475
1.72145
1.6948
1.6683
1.6434
1.62253
1.60808
1.60127
1.6019
1.6084
1.61831
1.62901
1.63893
1.64854
1.66049
1.67787
1.70142
1.72805
1.75229
1.76924
1.77668
1.77525
1.76764
1.75734
1.74787
1.74237
1.7432
1.75093
1.76378
1.77804
1.78974
1.79625
1.79695
1.79284
1.78573
1.77728
1.76838
1.75891
1.7481
1.73522
1.72044
1.70567
1.69497
1.69363
1.70549
1.73009
1.76218
1.79458
1.82139
1.8396
1.84867
1.84937
1.84281
1.83025
1.8133
1.79418
1.77529
1.75856
1.7446
1.73206
1.71774
1.69788
1.6696
1.63218
1.58729
1.53877
1.49226
1.45479
1.4333
1.43231
1.452
1.48819
1.53432
1.58362
1.63033
1.66998
1.6995
1.71748
1.72445
1.72301
1.71752
1.71324
1.71491
1.72513
1.74365
1.76769
1.79339
1.81711
1.83603
1.84822
1.85247
1.84823
1.83562
1.81548
1.78935
1.75943
1.72851
1.6995
1.67497
1.65673
1.64592
1.64326
1.64888
1.66172
1.67942
1.69906
1.71834
1.73624
1.75259
1.76723
1.77941
1.7879
1.79146
1.78937
1.78169
1.76942
1.75436
1.73877
1.72479
1.71379
1.70638
1.70301
1.70434
1.711
1.72267
1.73757
1.75293
1.76629
1.77649
1.78371
1.78845
1.79037
1.7881
1.78028
1.76686
1.74948
1.7308
1.71314
1.69771
1.68478
1.67417
1.66542
1.6578
1.65088
1.64528
1.6425
1.64314
1.6453
1.64504
1.63895
1.62643
1.61033
1.59575
1.58782
1.58985
1.60245
1.62405
1.65173
1.68178
1.71034
1.73387
1.74964
1.75617
1.75331
1.74234
1.7258
1.70699
1.68897
1.67396
1.66303
1.65625
1.65314
1.6531
1.6557
1.66071
1.66779
1.67579
1.68243
1.68513
1.68245
1.67499
1.66508
1.65557
1.64856
1.64495
1.64491
1.64873
1.65722
1.67114
1.69005
1.71182
1.73274
1.74802
1.75295
1.74452
1.72256
1.68985
1.65136
1.61304
1.58026
1.55668
1.54369
1.54054
1.54475
1.55271
1.56041
1.56474
1.56478
1.56255
1.56184
1.56512
1.57129
1.5767
1.57872
1.57798
1.57811
1.58368
1.59835
1.62337
1.65717
1.69557
1.7326
1.76176
1.77764
1.7772
1.76071
1.73169
1.69637
1.66262
1.63842
1.6294
1.63645
1.65558
1.68054
1.70571
1.72722
1.74288
1.75194
1.75484
1.75283
1.74775
1.74166
1.73661
1.73438
1.73602
1.74139
1.74913
1.7571
1.76327
1.76623
1.76511
1.75908
1.74714
1.72858
1.7038
1.67488
1.64535
1.61899
1.59832
1.58396
1.57523
1.57125
1.57168
1.57705
1.58848
1.60657
1.63001
1.65525
1.67817
1.69596
1.70771
1.71369
1.71425
1.70958
1.70005
1.68697
1.67292
1.66131
1.6555
1.65781
1.66861
1.68645
1.70879
1.73323
1.75843
1.78404
1.81023
1.83673
1.86261
1.88645
1.9067
1.92196
1.93107
1.93364
1.93058
1.92426
1.91756
1.91204
1.90712
1.90087
1.89133
1.87712
1.85723
1.83092
1.79804
1.75984
1.71952
1.682
1.65248
1.63437
1.62816
1.63195
1.64268
1.65737
1.67375
1.69048
1.70692
1.7226
1.73667
1.74751
1.75282
1.75054
1.74
1.72287
1.70306
1.68507
1.67217
1.66544
1.66439
1.66785
1.67424
1.68177
1.68899
1.69516
1.69987
1.70248
1.70193
1.69719
1.68781
1.67442
1.65901
1.6449
1.63584
1.63457
1.64153
1.6553
1.67439
1.69834
1.72711
1.75976
1.79406
1.82714
1.85655
1.88076
1.89907
1.91132
1.91752
1.91758
1.91139
1.89906
1.88114
1.85875
1.83363
1.8078
1.78323
1.76153
1.74376
1.73032
1.72096
1.71511
1.71222
1.7119
1.71381
1.71758
1.72279
1.72888
1.73514
1.7403
1.74256
1.73993
1.73104
1.7161
1.69754
1.67987
1.66848
1.66753
1.67775
1.6958
1.71592
1.73267
1.74289
1.74586
1.74234
1.73362
1.72148
1.70903
1.70091
1.70131
1.71081
1.72543
1.73948
1.74906
1.75305
1.75136
1.74322
1.72841
1.71056
1.69746
1.69505
1.7009
1.7067
1.70613
1.69867
1.68794
1.67811
1.67115
1.66639
1.66262
1.66012
1.66043
1.6648
1.67316
1.68429
1.69647
1.70778
1.71636
1.72072
1.72025
1.71561
1.70863
1.70189
1.69802
1.69896
1.70533
1.71606
1.72857
1.7395
1.74541
1.74359
1.73242
1.71159
1.6821
1.64619
1.60736
1.5701
1.53922
1.51884
1.51137
1.51705
1.53423
1.56
1.59078
1.62281
1.65259
1.67723
1.69538
1.70777
1.71618
1.7215
1.72328
1.72112
1.71617
1.71108
1.70858
1.70969
1.71337
1.71768
1.72128
1.7242
1.72762
1.73299
1.74113
1.75155
1.76241
1.77098
1.77462
1.77185
1.76295
1.74992
1.73559
1.72231
1.71106
1.70171
1.69402
1.6883
1.68483
1.68271
1.6796
1.67321
1.66353
1.65365
1.64743
1.64572
1.64549
1.64299
1.63715
1.6302
1.62611
1.62829
1.6382
1.655
1.67588
1.69682
1.71357
1.7227
1.7224
1.71274
1.69548
1.67371
1.6513
1.6321
1.61916
1.61387
1.6158
1.62302
1.63263
1.64157
1.64739
1.6491
1.64772
1.64624
1.64855
1.65795
1.67539
1.69892
1.72431
1.7467
1.76196
1.76732
1.76138
1.74409
1.71721
1.68483
1.65302
1.62817
1.61448
1.61262
1.62036
1.63409
1.6502
1.66565
1.67831
1.68721
1.69284
1.69746
1.7046
1.71732
1.73593
1.75815
1.78131
1.80402
1.8259
1.84659
1.86511
1.87982
1.88883
1.89061
1.88458
1.87138
1.85259
1.83012
1.80549
1.7794
1.75203
1.72344
1.69404
1.66472
1.63697
1.61281
1.59452
1.58398
1.58203
1.58806
1.59988
1.61424
1.62771
1.63766
1.64278
1.64293
1.63897
1.63238
1.62491
1.618
1.61271
1.60977
1.60963
1.61253
1.61862
1.62801
1.64089
1.65709
1.67558
1.69429
1.71055
1.72203
1.72737
1.72649
1.72063
1.7122
1.70437
1.6999
1.70015
1.70475
1.71262
1.72341
1.73751
1.75501
1.77442
1.79282
1.8071
1.81508
1.81623
1.81173
1.80376
1.79472
1.78653
1.78014
1.77554
1.77186
1.76756
1.76091
1.75049
1.73584
1.71766
1.69762
1.67812
1.66189
1.65164
1.64943
1.65575
1.66884
1.68489
1.69927
1.70819
1.71003
1.70576
1.6986
1.6928
1.69199
1.69765
1.70866
1.72197
1.73406
1.74239
1.74616
1.74618
1.74382
1.73998
1.73487
1.72834
1.72044
1.7116
1.70251
1.69389
1.68631
1.67994
1.6744
1.66884
1.6624
1.65459
1.64556
1.6361
1.62699
1.61849
1.61038
1.60273
1.59689
1.59554
1.60118
1.61434
1.63288
1.65322
1.67198
1.68703
1.69767
1.70419
1.70719
1.70725
1.70486
1.70064
1.69541
1.69021
1.6861
1.68356
1.68212
1.68053
1.67748
1.6725
1.66637
1.66078
1.65731
1.65649
1.6578
1.66035
1.66399
1.66964
1.67893
1.69304
1.71144
1.73156
1.74975
1.76262
1.76794
1.76488
1.75377
1.73594
1.71338
1.68845
1.66306
1.6383
1.61452
1.59215
1.57222
1.55628
1.54594
1.54245
1.54631
1.55687
1.57247
1.59091
1.61028
1.62944
1.64777
1.66462
1.67913
1.69042
1.69809
1.70211
1.70251
1.69896
1.69094
1.67823
1.66158
1.64286
1.6245
1.60872
1.59669
1.58813
1.5816
1.57522
1.56758
1.55854
1.54951
1.54295
1.54138
1.54619
1.5568
1.57078
1.58483
1.59586
1.60164
1.60101
1.5938
1.58056
1.56271
1.54311
1.52598
1.51596
1.51643
1.52829
1.5499
1.57781
1.60795
1.63691
1.66241
1.68356
1.70053
1.714
1.72517
1.73596
1.74884
1.76544
1.78499
1.80406
1.81815
1.8238
1.82015
1.80884
1.793
1.77586
1.7597
1.74582
1.73504
1.728
1.72485
1.72451
1.72448
1.72176
1.71446
1.7026
1.68792
1.67299
1.66009
1.6505
1.64444
1.64123
1.63986
1.63955
1.64015
1.64225
1.64703
1.65596
1.67032
1.69073
1.71674
1.74683
1.77865
1.80929
1.83547
1.85423
1.86373
1.86407
1.8572
1.84616
1.83372
1.82112
1.80789
1.79289
1.77586
1.75832
1.74328
1.73383
1.73172
1.73646
1.74549
1.75524
1.76233
1.76449
1.76088
1.75191
1.7392
1.7253
1.71317
1.70506
1.7016
1.70155
1.70307
1.70536
1.70885
1.7138
1.71887
1.72172
1.72119
1.71835
1.71606
1.71725
1.72352
1.73466
1.74903
1.76418
1.77747
1.7865
1.78955
1.78591
1.77608
1.7617
1.74529
1.72947
1.71602
1.7051
1.69531
1.68445
1.67087
1.65459
1.63785
1.62441
1.61784
1.62
1.63043
1.64713
1.66774
1.68987
1.71111
1.72907
1.74157
1.74707
1.74475
1.73451
1.71716
1.69517
1.67345
1.65875
1.65701
1.6698
1.69327
1.72052
1.74493
1.76223
1.77063
1.76997
1.76134
1.74725
1.73145
1.7175
1.70714
1.69974
1.69312
1.68489
1.67349
1.65916
1.64428
1.63239
1.62593
1.62465
1.62616
1.62824
1.63059
1.63533
1.64654
1.66863
1.70335
1.74769
1.79484
1.83735
1.86965
1.88868
1.89357
1.88517
1.86571
1.83868
1.8091
1.78359
1.76929
1.77029
1.78466
1.80579
1.82663
1.84215
1.84949
1.84714
1.83465
1.81264
1.7831
1.74962
1.71692
1.68975
1.6712
1.66164
1.65898
1.65998
1.66196
1.66355
1.66448
1.66501
1.66563
1.66707
1.67052
1.67742
1.68853
1.70279
1.71698
1.72693
1.72942
1.72347
1.7103
1.69264
1.67425
1.65955
1.65309
1.65831
1.67605
1.70393
1.73732
1.77106
1.80074
1.82344
1.83803
1.84521
1.84659
1.84363
1.83682
1.82588
1.81038
1.79019
1.76574
1.73843
1.71153
1.69141
1.6862
1.69986
1.72733
1.75812
1.78386
1.80106
1.8097
1.81116
1.80708
1.79885
1.78761
1.77451
1.76077
1.74738
1.73449
1.72167
1.7087
1.69661
1.68713
1.68154
1.67966
1.67998
1.68047
1.6794
1.6758
1.66953
1.66119
1.65205
1.64372
1.638
1.63642
1.63962
1.64678
1.65565
1.66344
1.66817
1.67001
1.67161
1.67709
1.6899
1.71058
1.73619
1.76204
1.78399
1.79959
1.808
1.80934
1.80415
1.79323
1.7779
1.76019
1.74263
1.72762
1.71679
1.7109
1.7101
1.71422
1.72274
1.73466
1.74851
1.76257
1.77522
1.78498
1.7907
1.79157
1.78738
1.77865
1.76681
1.75409
1.74297
1.73548
1.73259
1.73397
1.73822
1.74308
1.74579
1.74333
1.73313
1.71381
1.68575
1.65104
1.61325
1.57738
1.5494
1.53517
1.53789
1.5561
1.58415
1.61508
1.64333
1.66572
1.68146
1.69159
1.6982
1.70382
1.71098
1.72138
1.73506
1.75033
1.76448
1.77489
1.77967
1.77781
1.76909
1.75398
1.7339
1.71122
1.68879
1.66932
1.65489
1.6469
1.64593
1.65138
1.66112
1.67234
1.68289
1.69219
1.70102
1.71036
1.72047
1.73086
1.7407
1.74945
1.75711
1.76404
1.77053
1.77641
1.78102
1.78372
1.78444
1.78372
1.78216
1.77965
1.77499
1.76614
1.75091
1.72772
1.69649
1.65908
1.61926
1.58224
1.55381
1.53911
1.54111
1.55927
1.58979
1.62712
1.66592
1.70247
1.73463
1.76122
1.78146
1.79481
1.80119
1.80126
1.79648
1.78898
1.78127
1.77568
1.77374
1.77565
1.78031
1.78568
1.78925
1.78833
1.78055
1.76455
1.74068
1.71142
1.68078
1.65276
1.62994
1.61337
1.60372
1.60224
1.61053
1.62914
1.65625
1.68772
1.71883
1.74614
1.76802
1.78414
1.79472
1.80018
1.8012
1.79872
1.7937
1.78659
1.77721
1.76525
1.75119
1.7368
1.72476
1.7175
1.71596
1.71962
1.72701
1.73642
1.746
1.75383
1.75826
1.75836
1.75408
1.74622
1.73601
1.72485
1.71413
1.70495
1.6978
1.69225
1.68723
1.68203
1.67721
1.67445
1.67531
1.67999
1.68732
1.69576
1.70401
1.71075
1.71425
1.7124
1.70293
1.68458
1.65884
1.63144
1.61102
1.60541
1.61775
1.6455
1.68267
1.72284
1.76106
1.79436
1.82157
1.8426
1.85795
1.86827
1.874
1.8752
1.87169
1.86352
1.85161
1.83783
1.82422
1.81171
1.79977
1.78743
1.77478
1.76327
1.75444
1.74854
1.74425
1.73962
1.73325
1.72501
1.71603
1.7084
1.70446
1.7059
1.71303
1.7247
1.73894
1.75384
1.76781
1.7794
1.787
1.78909
1.78503
1.7758
1.76415
1.754
1.74931
1.75277
1.76507
1.78477
1.80905
1.83453
1.85803
1.87685
1.88874
1.89183
1.88481
1.86743
1.84146
1.81116
1.78242
1.76014
1.74601
1.73881
1.73636
1.7369
1.73956
1.74419
1.75096
1.75977
1.76993
1.78044
1.79059
1.80029
1.80993
1.81942
1.82747
1.83153
1.82916
1.81973
1.80533
1.79001
1.77807
1.77234
1.77348
1.78065
1.79237
1.80678
1.82145
1.83325
1.8391
1.83706
1.82695
1.81053
1.79108
1.77265
1.75902
1.75277
1.75473
1.76419
1.77944
1.79848
1.81932
1.83991
1.8579
1.8708
1.87667
1.87474
1.86577
1.85176
1.83533
1.8191
1.80472
1.79272
1.78285
1.77458
1.76697
1.75875
1.74902
1.73807
1.72738
1.71866
1.71277
1.70945
1.70775
1.70671
1.70563
1.7042
1.7023
1.6999
1.69698
1.69373
1.69082
1.68962
1.6918
1.69836
1.70863
1.72028
1.73035
1.73647
1.73772
1.73487
1.73014
1.72615
1.72423
1.72306
1.71905
1.7083
1.6888
1.66161
1.63069
1.6018
1.58073
1.57191
1.57749
1.59717
1.62804
1.66508
1.70196
1.73237
1.75124
1.75577
1.74615
1.72561
1.69949
1.67306
1.6496
1.62995
1.61353
1.59963
1.58773
1.57763
1.56942
1.56338
1.55963
1.55788
1.55757
1.55838
1.56052
1.56457
1.57085
1.57908
1.58879
1.59978
1.61215
1.62576
1.6397
1.65208
1.66063
1.66339
1.65937
1.64886
1.63356
1.6162
1.6
1.58798
1.58237
1.58436
1.59412
1.61077
1.63243
1.65635
1.67947
1.69914
1.71385
1.72346
1.72898
1.73174
1.73267
1.73218
1.73038
1.72731
1.7228
1.71639
1.70761
1.6963
1.683
1.66898
1.65604
1.64613
1.6409
1.64127
1.64734
1.6585
1.67396
1.69333
1.71667
1.744
1.77448
1.80621
1.83643
1.86206
1.88019
1.88857
1.88595
1.87235
1.84942
1.82029
1.7892
1.76034
1.73668
1.71897
1.70592
1.69511
1.68429
1.67238
1.65977
1.64794
1.63866
1.63314
1.63162
1.63316
1.636
1.63812
1.63804
1.63548
1.63151
1.62793
1.62642
1.62812
1.63362
1.64323
1.65687
1.67338
1.69029
1.70415
1.7114
1.70919
1.69599
1.6724
1.64221
1.61272
1.59307
1.59076
1.60804
1.64128
1.68372
1.72926
1.77439
1.8176
1.85749
1.89187
1.91812
1.93421
1.93951
1.93512
1.92337
1.907
1.88889
1.87179
1.85825
1.84996
1.84734
1.84971
1.85552
1.86243
1.86751
1.86752
1.85948
1.84104
1.81122
1.77158
1.72743
1.68763
1.66119
1.65226
1.65844
1.67391
1.69335
1.71363
1.73332
1.75161
1.76749
1.77955
1.78617
1.78631
1.78016
1.76959
1.7576
1.74741
1.74124
1.73984
1.74268
1.74864
1.75665
1.76602
1.77624
1.78683
1.79692
1.80496
1.80881
1.80628
1.7958
1.777
1.75093
1.72011
1.68828
1.66004
1.64034
1.63367
1.6428
1.66777
1.70526
1.74893
1.79121
1.82581
1.84962
1.86303
1.86894
1.87088
1.8714
1.87138
1.87031
1.86736
1.86216
1.85509
1.84719
1.83968
1.8336
1.82946
1.82731
1.827
1.82828
1.83093
1.83442
1.83785
1.84007
1.8402
1.83817
1.8349
1.83206
1.83153
1.83453
1.84097
1.8494
1.85751
1.86268
1.86242
1.85446
1.83708
1.80992
1.77455
1.73475
1.69515
1.65955
1.63018
1.60824
1.59474
1.59079
1.59724
1.6138
1.63822
1.66643
1.69398
1.7177
1.73662
1.75167
1.76459
1.77682
1.78886
1.80028
1.80979
1.81556
1.81608
1.81145
1.80405
1.79678
1.79007
1.78082
1.7647
1.73967
1.70819
1.6774
1.65681
1.65369
1.66892
1.69667
1.72789
1.75404
1.76931
1.77117
1.75996
1.73819
1.70985
1.67993
1.65402
1.63742
1.63394
1.64458
1.66684
1.69531
1.72315
1.74402
1.75359
1.75017
1.73479
1.71064
1.6824
1.65496
1.63202
1.61518
1.6043
1.59862
1.59734
1.59937
1.60282
1.60571
1.60726
1.60881
1.61331
1.62387
1.64226
1.66825
1.6999
1.73412
1.76723
1.7955
1.81573
1.82588
1.82535
1.81501
1.79696
1.77398
1.74891
1.72404
1.70076
1.67949
1.66023
1.64324
1.62947
1.62032
1.61677
1.6185
1.62384
1.63072
1.63777
1.64476
1.65216
1.66013
1.66823
1.67552
1.68068
1.68206
1.67806
1.66772
1.65145
1.63121
1.6101
1.59124
1.57699
1.5685
1.566
1.56925
1.57788
1.591
1.60686
1.62288
1.63627
1.64512
1.64885
1.64807
1.64405
1.63798
1.63091
1.62396
1.61869
1.61698
1.6199
1.62635
1.63317
1.63722
1.63827
1.63992
1.64703
1.66137
1.67951
1.69502
1.70228
1.69879
1.68572
1.6674
1.6496
1.6369
1.63032
1.62705
1.62269
1.61397
1.60044
1.58416
1.56851
1.55693
1.55264
1.55886
1.57774
1.60792
1.64365
1.67715
1.70188
1.71439
1.71488
1.70698
1.69669
1.69
1.68997
1.69592
1.70487
1.71332
1.71805
1.71657
1.70781
1.6929
1.67514
1.65883
1.64763
1.64391
1.64902
1.66318
1.68499
1.71096
1.73601
1.75488
1.76343
1.75954
1.74312
1.71577
1.6803
1.64054
1.6011
1.56673
1.5415
1.52809
1.52803
1.54212
1.57036
1.61066
1.6581
1.70572
1.74682
1.77689
1.7943
1.79988
1.79603
1.7857
1.77191
1.75726
1.74385
1.73321
1.72632
1.72343
1.7238
1.72604
1.72912
1.73297
1.7381
1.74459
1.75161
1.75766
1.76148
1.76276
1.76208
1.76024
1.75739
1.7526
1.74437
1.73157
1.71465
1.6963
1.68108
1.67368
1.67673
1.68974
1.7096
1.73195
1.75235
1.76717
1.77423
1.77295
1.76412
1.74961
1.73213
1.71504
1.70207
1.69648
1.70016
1.71288
1.73251
1.75595
1.78018
1.80274
1.82175
1.83593
1.84463
1.84803
1.84709
1.84328
1.83816
1.83276
1.82741
1.82174
1.81513
1.80733
1.7987
1.79032
1.78345
1.77847
1.77428
1.76872
1.75988
1.74706
1.7308
1.7126
1.69467
1.67991
1.67191
1.674
1.68746
1.70998
1.73597
1.75885
1.77382
1.77944
1.77755
1.77172
1.76518
1.75941
1.75436
1.7497
1.74536
1.74121
1.73679
1.73192
1.72776
1.72685
1.73143
1.74161
1.7556
1.77139
1.78789
1.80477
1.82152
1.83686
1.8486
1.85414
1.8512
1.83857
1.81648
1.7867
1.75266
1.71905
1.69045
1.66938
1.65522
1.645
1.63565
1.62588
1.61631
1.60867
1.60452
1.60449
1.60821
1.61462
1.62251
1.63084
1.63866
1.64516
1.6498
1.65237
1.65288
1.65157
1.64881
1.64517
1.64147
1.63885
1.6385
1.64088
1.6452
1.64965
1.65243
1.65247
1.64942
1.64336
1.63473
1.62441
1.61393
1.60545
1.60146
1.60416
1.61463
1.63229
1.65503
1.68011
1.70514
1.72839
1.74852
1.76439
1.7751
1.78028
1.78011
1.77531
1.76716
1.75761
1.74897
1.74322
1.74151
1.74391
1.74948
1.75664
1.76368
1.76933
1.77296
1.77455
1.77462
1.774
1.77379
1.77493
1.77766
1.78123
1.78402
1.7841
1.78004
1.77125
1.75795
1.7408
1.72062
1.69891
1.67891
1.66613
1.66582
1.67843
1.69832
1.71809
1.7334
1.74431
1.75337
1.76278
1.77288
1.78268
1.79125
1.79839
1.8044
1.80954
1.81384
1.8174
1.82057
1.82384
1.82748
1.83155
1.83614
1.84139
1.84698
1.85179
1.85427
1.85305
1.84744
1.83741
1.82334
1.80581
1.78567
1.76469
1.74607
1.73421
1.73318
1.74449
1.76593
1.7924
1.81806
1.8382
1.85036
1.85462
1.85325
1.84982
1.84739
1.84693
1.84685
1.84411
1.83579
1.82022
1.79755
1.76972
1.73974
1.71061
1.68399
1.65971
1.63673
1.61494
1.59588
1.58186
1.57451
1.57419
1.58051
1.59284
1.61034
1.63215
1.6577
1.68667
1.718
1.74942
1.77821
1.80236
1.82111
1.83473
1.84398
1.84964
1.85201
1.85048
1.84346
1.82864
1.80391
1.76843
1.72375
1.6739
1.62455
1.58107
1.54671
1.52212
1.5066
1.49994
1.50307
1.51714
1.54212
1.57631
1.61682
1.66023
1.70293
1.74148
1.77315
1.79588
1.80845
1.81039
1.80202
1.78456
1.75984
1.73007
1.69778
1.66576
1.63678
1.61324
1.5968
1.58782
1.58475
1.58457
1.58521
1.58872
1.60215
1.63303
1.68145
1.73768
1.78865
1.82581
1.84809
1.85958
1.86515
1.86721
1.86582
1.86034
1.85061
1.83755
1.82282
1.80814
1.79447
1.78184
1.76987
1.75884
1.75035
1.74697
1.75036
1.7591
1.76847
1.7727
1.7681
1.75456
1.73505
1.71401
1.6958
1.68391
1.68053
1.68597
1.69829
1.7137
1.72829
1.74002
1.74967
1.76017
1.77431
1.79259
1.8128
1.8317
1.84666
1.85593
1.85824
1.85277
1.83973
1.82096
1.79978
1.78004
1.76464
1.75486
1.75033
1.7499
1.75211
1.75524
1.75735
1.75673
1.75262
1.74567
1.73791
1.73183
1.729
1.72911
1.73014
1.72987
1.72751
1.72411
1.72178
1.72222
1.72569
1.73098
1.73623
1.74003
1.7419
1.7423
1.74216
1.74288
1.74629
1.75401
1.76603
1.77978
1.79117
1.79699
1.79667
1.79209
1.78628
1.78187
1.78031
1.7816
1.78455
1.78726
1.78778
1.78473
1.77732
1.76503
1.74731
1.72374
1.6946
1.66185
1.62949
1.60277
1.5858
1.57881
1.57766
1.57628
1.57004
1.55773
1.54144
1.52528
1.51356
1.5093
1.51362
1.52584
1.54386
1.56454
1.58455
1.60156
1.61522
1.6271
1.63959
1.65415
1.67008
1.68456
1.69375
1.69426
1.68421
1.66376
1.63484
1.60097
1.56723
1.5398
1.52389
1.52084
1.52728
1.53765
1.5478
1.5566
1.5654
1.57643
1.59141
1.61099
1.63468
1.66081
1.68698
1.71044
1.72886
1.74044
1.7439
1.73837
1.72372
1.70131
1.67461
1.649
1.63076
1.62513
1.63351
1.65227
1.67489
1.69548
1.71056
1.71905
1.7216
1.71991
1.71626
1.71307
1.71197
1.71298
1.71422
1.71266
1.70552
1.69172
1.67244
1.65071
1.62974
1.61145
1.59639
1.58484
1.57735
1.5739
1.57318
1.57323
1.57295
1.57321
1.57673
1.58674
1.6051
1.63113
1.66184
1.69316
1.72127
1.74355
1.75887
1.76739
1.77001
1.76773
1.76135
1.75147
1.73868
1.72365
1.70698
1.6893
1.67199
1.65797
1.6519
1.65831
1.67919
1.71259
1.75277
1.79172
1.82194
1.839
1.84217
1.83334
1.81546
1.7915
1.76444
1.73778
1.71517
1.69906
1.68996
1.68728
1.69058
1.69987
1.71452
1.7324
1.7501
1.7642
1.77246
1.77409
1.76931
1.75862
1.74256
1.722
1.69849
1.67435
1.65249
1.63589
1.62721
1.62811
1.63875
1.65775
1.6823
1.70871
1.73287
1.75087
1.75977
1.75846
1.74789
1.73093
1.7115
1.6935
1.67954
1.67015
1.66403
1.65946
1.65592
1.65475
1.65867
1.67012
1.68943
1.71412
1.73983
1.76183
1.77653
1.78232
1.77996
1.77217
1.76287
1.75589
1.75368
1.75656
1.76305
1.77057
1.77617
1.77717
1.7716
1.75848
1.73808
1.71198
1.68307
1.65527
1.63304
1.62052
1.62035
1.63282
1.65578
1.68557
1.71832
1.75091
1.78121
1.80782
1.82961
1.84544
1.85419
1.85515
1.84838
1.835
1.81722
1.798
1.78054
1.7676
1.76077
1.76006
1.76422
1.77174
1.78153
1.79275
1.80425
1.81419
1.82066
1.82279
1.82143
1.81879
1.81716
1.81783
1.82063
1.82418
1.8264
1.82515
1.81896
1.80758
1.79203
1.77398
1.75484
1.7349
1.7134
1.69013
1.66901
1.6599
1.67197
1.70269
1.73911
1.7699
1.79091
1.80254
1.80612
1.80272
1.79365
1.78115
1.76813
1.75771
1.75278
1.75578
1.76773
1.78691
1.80839
1.82543
1.83169
1.82331
1.80025
1.7671
1.73159
1.70029
1.67577
1.65902
1.65326
1.66303
1.68908
1.7256
1.76332
1.79483
1.81717
1.83129
1.84035
1.84793
1.85654
1.86683
1.87757
1.88633
1.89043
1.88778
1.87731
1.85909
1.83403
1.80354
1.76936
1.73377
1.69979
1.67103
1.65098
1.64188
1.64414
1.65638
1.67619
1.70075
1.72728
1.75311
1.77576
1.7933
1.80453
1.80901
1.80695
1.79907
1.7865
1.77074
1.75386
1.73856
1.72794
1.72443
1.72857
1.73847
1.75072
1.76222
1.77175
1.78027
1.78938
1.79947
1.80926
1.81683
1.821
1.82176
1.81971
1.81539
1.8093
1.80199
1.79421
1.7867
1.7798
1.77351
1.76759
1.76198
1.75684
1.75266
1.75004
1.74948
1.75107
1.75441
1.75872
1.76282
1.7652
1.76426
1.75895
1.74929
1.73608
1.72016
1.70142
1.67886
1.65158
1.61996
1.58632
1.55423
1.52694
1.506
1.49125
1.48208
1.47857
1.48122
1.49021
1.5047
1.52308
1.54366
1.56523
1.5869
1.60753
1.62539
1.63854
1.64548
1.6459
1.64093
1.63301
1.62544
1.62168
1.62455
1.63527
1.65253
1.67238
1.68967
1.70014
1.70183
1.69518
1.68211
1.6649
1.64586
1.62741
1.61255
1.60473
1.60713
1.62131
1.64613
1.67775
1.71111
1.74176
1.76686
1.78491
1.79538
1.79826
1.794
1.78367
1.76894
1.75192
1.73507
1.72079
1.71071
1.70479
1.70091
1.6957
1.68622
1.6719
1.65598
1.64538
1.64681
1.66128
1.6832
1.7053
1.72303
1.73524
1.74269
1.74668
1.74823
1.74784
1.74584
1.7429
1.74048
1.74055
1.74464
1.75292
1.76395
1.77535
1.78459
1.78979
1.78981
1.78434
1.77377
1.75915
1.742
1.72417
1.70738
1.69288
1.68128
1.67305
1.66892
1.66969
1.67516
1.68323
1.69094
1.6965
1.70048
1.70509
1.71231
1.72236
1.7335
1.74304
1.74875
1.74972
1.74681
1.74202
1.73763
1.73517
1.73467
1.73461
1.73262
1.72644
1.71455
1.69662
1.67375
1.64838
1.62402
1.60437
1.59228
1.58887
1.59358
1.60479
1.62057
1.6388
1.65712
1.67311
1.68497
1.69212
1.69511
1.69502
1.69259
1.68776
1.67995
1.66887
1.6551
1.6403
1.62674
1.61658
1.61126
1.61078
1.61382
1.61829
1.62238
1.62499
1.62568
1.62474
1.62364
1.62536
1.63346
1.64956
1.67175
1.69609
1.71893
1.738
1.75198
1.76021
1.76276
1.76055
1.75505
1.74786
1.74037
1.73354
1.72779
1.72292
1.71836
1.71384
1.71046
1.71104
1.71906
1.73617
1.76073
1.78861
1.81537
1.8378
1.85404
1.86306
1.86413
1.8568
1.84116
1.81823
1.78997
1.75891
1.72774
1.69889
1.67433
1.65527
1.64252
1.63656
1.63745
1.6444
1.65549
1.6676
1.67684
1.67947
1.67275
1.65575
1.63009
1.60026
1.57278
1.55394
1.54715
1.55231
1.56707
1.58851
1.61403
1.64145
1.6692
1.6965
1.72343
1.75059
1.77837
1.80626
1.83237
1.85355
1.86584
1.86536
1.84933
1.81721
1.77136
1.71687
1.66012
1.60668
1.5604
1.52413
1.50094
1.49409
1.50535
1.5332
1.5722
1.61464
1.65298
1.68145
1.69666
1.69855
1.69195
1.68581
1.68712
1.69497
1.7034
1.70847
1.71053
1.71162
1.71261
1.71229
1.7086
1.70051
1.68869
1.67494
1.66057
1.64534
1.6281
1.60918
1.59277
1.58685
1.59882
1.62955
1.67161
1.71427
1.74976
1.77568
1.79383
1.8078
1.82109
1.83614
1.85382
1.87335
1.89259
1.9087
1.91882
1.92054
1.91208
1.89251
1.86178
1.82081
1.7715
1.71674
1.66013
1.60551
1.55637
1.51559
1.48569
1.46921
1.46859
1.48511
1.51752
1.56149
1.61048
1.65771
1.6978
1.72734
1.7444
1.74801
1.73804
1.71553
1.68321
1.6459
1.61034
1.58392
1.57227
1.57666
1.59347
1.61645
1.63948
1.65816
1.67039
1.67666
1.68001
1.68483
1.69445
1.7086
1.72353
1.7347
1.73957
1.738
1.7311
1.7199
1.70482
1.68615
1.66475
1.64257
1.62258
1.60797
1.60088
1.60128
1.6069
1.61432
1.62049
1.62365
1.62364
1.62157
1.61941
1.61935
1.62288
1.62997
1.63919
1.64864
1.65728
1.66533
1.67373
1.68316
1.69343
1.70349
1.712
1.71758
1.71913
1.71618
1.70918
1.69958
1.68972
1.68223
1.67933
1.68208
1.69003
1.70152
1.71459
1.7278
1.74079
1.75401
1.76818
1.78352
1.79929
1.81381
1.82484
1.83046
1.82976
1.82335
1.81337
1.80283
1.79441
1.78915
1.78566
1.78066
1.7711
1.75744
1.74621
1.74621
1.75881
1.77504
1.78422
1.78167
1.76829
1.74722
1.72166
1.69434
1.66792
1.64523
1.62874
1.61986
1.61819
1.62182
1.62826
1.63556
1.64279
1.64985
1.65664
1.66242
1.66611
1.66773
1.67001
1.67726
1.69093
1.70633
1.71553
1.71366
1.70208
1.68732
1.6775
1.678
1.6886
1.70423
1.71846
1.72667
1.72719
1.72087
1.71003
1.69743
1.68564
1.67662
1.67156
1.67076
1.67354
1.67837
1.68328
1.68626
1.68571
1.68086
1.67221
1.66165
1.65197
1.64556
1.64333
1.64464
1.64805
1.65231
1.65663
1.66078
1.66477
1.66869
1.67273
1.67732
1.68316
1.69081
1.70018
1.71026
1.71953
1.72668
1.73137
1.73454
1.73822
1.74486
1.75616
1.77213
1.79076
1.80847
1.82123
1.82573
1.82023
1.80498
1.78212
1.75513
1.72786
1.7035
1.6838
1.66913
1.65877
1.65158
1.64657
1.64364
1.64387
1.64914
1.66084
1.67883
1.70155
1.72686
1.75259
1.77671
1.7973
1.8128
1.82227
1.82543
1.82239
1.81349
1.7997
1.78317
1.76728
1.75559
1.75005
1.74989
1.75204
1.75247
1.7477
1.73587
1.71715
1.69325
1.66637
1.63847
1.61154
1.58804
1.57055
1.56061
1.558
1.56148
1.57005
1.58366
1.60256
1.62588
1.65091
1.67395
1.69173
1.70217
1.70447
1.69907
1.68768
1.6733
1.65971
1.65053
1.64777
1.65107
1.65823
1.66672
1.67487
1.68191
1.68756
1.69184
1.69511
1.69834
1.70309
1.71111
1.72376
1.74145
1.76334
1.78763
1.8121
1.83476
1.85424
1.86978
1.88127
1.88898
1.89321
1.89405
1.89155
1.88603
1.87822
1.86926
1.86023
1.85202
1.84548
1.84137
1.84004
1.84089
1.84234
1.84236
1.83912
1.83138
1.81875
1.80173
1.78108
1.75683
1.72832
1.69543
1.65938
1.622
1.58462
1.54764
1.51141
1.47701
1.44628
1.42126
1.40431
1.39943
1.41269
1.44918
1.50784
1.57993
1.65344
1.71872
1.77062
1.80762
1.83037
1.84049
1.84023
1.83245
1.82066
1.80887
1.80065
1.79813
1.80133
1.80846
1.81695
1.82429
1.82855
1.82828
1.82246
1.81079
1.79387
1.77328
1.75164
1.73229
1.71848
1.71224
1.71347
1.72033
1.73053
1.74227
1.75439
1.7658
1.77506
1.78035
1.77982
1.77231
1.75793
1.73847
1.71684
1.69614
1.67867
1.66548
1.65638
1.65024
1.64555
1.6411
1.63669
1.63354
1.634
1.64064
1.65501
1.67698
1.70472
1.73529
1.76537
1.79201
1.81295
1.8265
1.83147
1.82713
1.81351
1.79161
1.76343
1.73173
1.69955
1.66956
1.64352
1.62196
1.60481
1.59222
1.58511
1.58458
1.59078
1.60234
1.61681
1.63154
1.64457
1.65479
1.66198
1.66674
1.67055
1.67583
1.68532
1.70109
1.72336
1.75026
1.77834
1.80362
1.8225
1.83246
1.83217
1.82151
1.80136
1.77352
1.74062
1.70603
1.67349
1.6462
1.62561
1.61076
1.59875
1.58641
1.57219
1.55702
1.54314
1.53198
1.52333
1.51672
1.51282
1.51314
1.51879
1.53014
1.54689
1.56798
1.59125
1.61389
1.63351
1.64941
1.66289
1.67626
1.69115
1.7072
1.72253
1.73569
1.74673
1.75693
1.76767
1.77958
1.79251
1.8058
1.8183
1.82828
1.83352
1.83201
1.82271
1.80604
1.78393
1.75909
1.73414
1.71096
1.69081
1.67479
1.66439
1.66146
1.66766
1.68368
1.70826
1.73804
1.76828
1.79437
1.81326
1.82412
1.82819
1.82827
1.82791
1.83039
1.8379
1.85088
1.86791
1.88605
1.90146
1.91054
1.91088
1.90201
1.88581
1.86628
1.84816
1.83429
1.82431
1.81614
1.80899
1.80439
1.80402
1.80734
1.81187
1.81543
1.81764
1.81926
1.82071
1.82145
1.82057
1.81764
1.81288
1.8065
1.79814
1.78727
1.77385
1.75885
1.74396
1.73093
1.72098
1.71454
1.71133
1.71055
1.71121
1.71229
1.71263
1.71099
1.70627
1.69781
1.68541
1.66935
1.65054
1.63093
1.61369
1.60245
1.59977
1.60603
1.61938
1.63688
1.65577
1.67445
1.69262
1.7106
1.72845
1.74546
1.76012
1.77051
1.77486
1.77199
1.76166
1.74461
1.72256
1.69792
1.67343
1.65172
1.63517
1.62589
1.62504
1.63227
1.64619
1.66548
1.68868
1.71332
1.73611
1.75446
1.76781
1.77729
1.78469
1.79155
1.79907
1.80818
1.81924
1.83168
1.84406
1.85448
1.86105
1.86222
1.85701
1.84519
1.82734
1.80454
1.77798
1.74865
1.71761
1.68625
1.65669
1.63149
1.61265
1.60107
1.59673
1.59932
1.60814
1.62114
1.63473
1.64528
1.65081
1.65188
1.65108
1.65198
1.65785
1.67064
1.69045
1.71551
1.74277
1.76866
1.79001
1.80483
1.81229
1.81241
1.80569
1.79289
1.77522
1.75441
1.73254
1.71184
1.6946
1.68298
1.67843
1.68102
1.68929
1.701
1.71393
1.72623
1.7366
1.74415
1.74826
1.74811
1.74259
1.73045
1.71068
1.68278
1.64734
1.60667
1.56495
1.52758
1.49969
1.48457
1.48299
1.49335
1.51279
1.53826
1.56683
1.59549
1.62097
1.63987
1.64903
1.64634
1.63156
1.60728
1.57906
1.55407
1.53849
1.53506
1.54267
1.55763
1.57581
1.59408
1.61074
1.6254
1.63855
1.65096
1.66322
1.67529
1.68651
1.69578
1.70213
1.7055
1.70723
1.70931
1.71266
1.716
1.71708
1.71484
1.71026
1.7054
1.70212
1.70119
1.70218
1.70372
1.70404
1.70152
1.69519
1.68496
1.67172
1.65733
1.64445
1.63599
1.63411
1.6395
1.65151
1.66873
1.68944
1.71165
1.73316
1.75205
1.76734
1.77926
1.78882
1.79717
1.80475
1.81112
1.81519
1.81589
1.81282
1.80655
1.79841
1.79005
1.78282
1.77739
1.77346
1.76987
1.76496
1.75712
1.74536
1.72991
1.71228
1.69505
1.6812
1.67335
1.67315
1.68088
1.69532
1.71382
1.73298
1.74999
1.76364
1.77463
1.78445
1.79376
1.80148
1.805
1.80138
1.78821
1.76414
1.7291
1.68452
1.63372
1.58214
1.53667
1.50392
1.48791
1.48876
1.50341
1.52748
1.5567
1.58745
1.61673
1.6422
1.66221
1.67607
1.68419
1.68787
1.68867
1.68765
1.68493
1.68016
1.67403
1.66987
1.67303
1.6869
1.70941
1.73451
1.75683
1.77409
1.78668
1.79625
1.8047
1.81341
1.82287
1.8326
1.84154
1.84852
1.85271
1.85338
1.84998
1.84195
1.82871
1.80978
1.78501
1.75512
1.72245
1.69154
1.66854
1.65932
1.66669
1.6892
1.7222
1.76034
1.79926
1.83588
1.86784
1.8929
1.9087
1.91311
1.90508
1.88562
1.85838
1.82903
1.80317
1.7841
1.77165
1.76286
1.75348
1.73961
1.71924
1.69315
1.66486
1.63951
1.62224
1.6168
1.62471
1.64516
1.67529
1.71113
1.74848
1.78326
1.81117
1.82775
1.82931
1.81442
1.78509
1.74689
1.70761
1.67441
1.65119
1.63786
1.63183
1.62996
1.62981
1.62998
1.62971
1.62826
1.62483
1.6192
1.61281
1.60887
1.61067
1.61903
1.63123
1.64255
1.64899
1.64976
1.64832
1.6511
1.66377
1.68741
1.71818
1.75047
1.77993
1.80409
1.82145
1.83073
1.83066
1.82038
1.79986
1.77014
1.73332
1.69232
1.65081
1.61354
1.58638
1.57496
1.582
1.6056
1.63984
1.6772
1.71134
1.73855
1.75789
1.7703
1.7772
1.77907
1.77535
1.76543
1.74978
1.73023
1.70966
1.69092
1.67594
1.66522
1.65802
1.65315
1.64993
1.64883
1.65145
1.65982
1.67532
1.6977
1.72474
1.75289
1.77836
1.79806
1.80975
1.81206
1.80469
1.78885
1.76745
1.74476
1.72554
1.71356
1.70991
1.7117
1.71278
1.70774
1.69687
1.68674
1.6835
1.6859
1.68682
1.68071
1.66774
1.65396
1.64823
1.65621
1.6751
1.69623
1.71242
1.72156
1.72492
1.72434
1.72115
1.71637
1.71107
1.70606
1.70151
1.69665
1.69006
1.68025
1.6664
1.64901
1.63006
1.61251
1.59941
1.59295
1.59402
1.60255
1.61797
1.63935
1.66547
1.69509
1.72719
1.76039
1.79207
1.81839
1.8355
1.84096
1.83447
1.81792
1.79494
1.77018
1.74852
1.73455
1.73219
1.74355
1.76771
1.80038
1.83505
1.86519
1.88594
1.8947
1.89071
1.87436
1.84667
1.80927
1.76495
1.71786
1.67321
1.6362
1.61067
1.59828
1.59851
1.60925
1.62757
1.65025
1.67449
1.69846
1.7213
1.74247
1.76103
1.77543
1.7839
1.7855
1.78076
1.77161
1.7605
1.74937
1.73946
1.73195
1.7286
1.73136
1.74124
1.75735
1.77687
1.79582
1.81001
1.81585
1.81105
1.79503
1.76915
1.73661
1.70171
1.66872
1.64055
1.61794
1.59984
1.58479
1.57231
1.56291
1.55714
1.55469
1.55466
1.55655
1.56056
1.56722
1.5767
1.58846
1.60101
1.612
1.61883
1.61958
1.61418
1.60534
1.59821
1.59823
1.60803
1.62614
1.64847
1.67077
1.69023
1.70566
1.71705
1.72491
1.72972
1.73147
1.7297
1.72393
1.71456
1.70353
1.694
1.68906
1.68999
1.69603
1.70553
1.71694
1.72897
1.74025
1.74941
1.75554
1.75842
1.75833
1.75557
1.75009
1.74179
1.73125
1.72057
1.71327
1.71305
1.72174
1.73768
1.75606
1.77104
1.77828
1.77638
1.76674
1.7526
1.73756
1.72443
1.7144
