1.1
1.09999
1.09996
1.0999
1.09983
1.09973
1.09961
1.09947
1.09931
1.09913
1.09892
1.09869
1.09844
1.09817
1.09787
1.09755
1.0972
1.09684
1.09644
1.09603
1.09559
1.09512
1.09463
1.09411
1.09357
1.093
1.09241
1.09179
1.09114
1.09046
1.08976
1.08903
1.08826
1.08747
1.08665
1.0858
1.08492
1.08401
1.08306
1.08209
1.08108
1.08003
1.07896
1.07785
1.0767
1.07552
1.0743
1.07305
1.07176
1.07043
1.06907
1.06766
1.06622
1.06473
1.06321
1.06164
1.06003
1.05838
1.05669
1.05495
1.05317
1.05134
1.04946
1.04754
1.04556
1.04354
1.04147
1.03935
1.03718
1.03496
1.03268
1.03035
1.02797
1.02553
1.02303
1.02048
1.01788
1.01521
1.01249
1.00971
1.00687
1.00396
1.001
0.997974
0.994886
0.991735
0.98852
0.985241
0.981896
0.978486
0.97501
0.971467
0.967856
0.964179
0.960433
0.95662
0.952737
0.948787
0.944767
0.940678
0.93652
0.932292
0.927996
0.92363
0.919195
0.914692
0.910119
0.905478
0.90077
0.895994
0.891152
0.886244
0.88127
0.876233
0.871131
0.865967
0.86074
0.855453
0.850107
0.844703
0.839242
0.833726
0.828157
0.822536
0.816864
0.811145
0.805379
0.799569
0.793717
0.787826
0.781898
0.775934
0.769939
0.763916
0.757866
0.751793
0.7457
0.73959
0.733467
0.727333
0.721192
0.715046
0.7089
0.702758
0.696623
0.690499
0.684388
0.678296
0.672226
0.666183
0.660168
0.654187
0.648244
0.642341
0.636485
0.630677
0.624923
0.619226
0.61359
0.608018
0.602514
0.597082
0.591725
0.586448
0.581253
0.576144
0.571125
0.566198
0.561367
0.556636
0.552006
0.54748
0.543061
0.538752
0.534555
0.530471
0.526504
0.522655
0.518925
0.515317
0.511831
0.508469
0.505232
0.502122
0.499138
0.496281
0.493553
0.490952
0.48848
0.486136
0.483921
0.481833
0.479872
0.478038
0.47633
0.474746
0.473287
0.471951
0.470736
0.469641
0.468665
0.467806
0.467063
0.466433
0.465915
0.465506
0.465204
0.465007
0.464913
0.46492
0.465024
0.465224
0.465516
0.465899
0.466369
0.466924
0.467561
0.468277
0.46907
0.469937
0.470874
0.47188
0.47295
0.474083
0.475274
0.476522
0.477823
0.479173
0.480572
0.482014
0.483498
0.485021
0.48658
0.488172
0.489795
0.491445
0.49312
0.494818
0.496536
0.498271
0.500021
0.501783
0.503555
0.505334
0.507119
0.508906
0.510695
0.512481
0.514265
0.516042
0.517812
0.519573
0.521322
0.523058
0.524779
0.526485
0.528172
0.529839
0.531485
0.533109
0.534708
0.536281
0.537828
0.539347
0.540837
0.542297
0.543725
0.545122
0.546486
0.547816
0.549112
0.550372
0.551597
0.552785
0.553936
0.55505
0.556126
0.557163
0.558162
0.559122
0.560043
0.560924
0.561766
0.562568
0.56333
0.564052
0.564735
0.565378
0.565981
0.566545
0.567069
0.567554
0.568
0.568408
0.568778
0.569109
0.569403
0.569659
0.569879
0.570062
0.57021
0.570321
0.570398
0.570441
0.57045
0.570427
0.57037
0.570281
0.570161
0.570011
0.569831
0.569621
0.569384
0.569118
0.568826
0.568507
0.568163
0.567795
0.567402
0.566986
0.566548
0.566089
0.565609
0.56511
0.564593
0.564057
0.563504
0.562935
0.562351
0.561753
0.561141
0.560518
0.559883
0.559238
0.558584
0.557921
0.55725
0.556573
0.55589
0.555201
0.554509
0.553813
0.553115
0.552416
0.551716
0.551017
0.550318
0.549622
0.548928
0.548237
0.547551
0.546869
0.546193
0.545523
0.544859
0.544202
0.543554
0.542913
0.542282
0.54166
0.541048
0.540445
0.539853
0.539271
0.5387
0.538139
0.537589
0.53705
0.536522
0.536004
0.535498
0.535003
0.53452
0.534047
0.533586
0.533136
0.532696
0.532268
0.53185
0.531442
0.531045
0.530657
0.530279
0.529909
0.529549
0.529198
0.528855
0.52852
0.528194
0.527876
0.527565
0.527262
0.526966
0.526678
0.526398
0.526125
0.525859
0.525602
0.525352
0.525111
0.524878
0.524653
0.524438
0.524232
0.524037
0.523852
0.523679
0.523517
0.523368
0.523232
0.523111
0.523004
0.522914
0.52284
0.522785
0.522749
0.522733
0.52274
0.52277
0.522823
0.522902
0.523007
0.523139
0.523301
0.523492
0.523714
0.523968
0.524256
0.524578
0.524936
0.52533
0.525761
0.52623
0.526739
0.527286
0.527873
0.528499
0.529166
0.529873
0.530621
0.531408
0.532236
0.533103
0.53401
0.534956
0.53594
0.536961
0.538019
0.539114
0.540243
0.541406
0.542602
0.543828
0.545084
0.546369
0.547681
0.549018
0.550378
0.551761
0.553164
0.554587
0.556027
0.557483
0.558953
0.560436
0.56193
0.563433
0.564944
0.566462
0.567985
0.569512
0.571042
0.572573
0.574103
0.575632
0.57716
0.578683
0.580203
0.581717
0.583225
0.584726
0.58622
0.587705
0.589182
0.590649
0.592106
0.593554
0.59499
0.596416
0.597831
0.599235
0.600627
0.602007
0.603376
0.604732
0.606077
0.607409
0.608729
0.610038
0.611334
0.612618
0.61389
0.61515
0.616398
0.617634
0.618859
0.620072
0.621273
0.622463
0.623641
0.624808
0.625963
0.627107
0.62824
0.62936
0.630469
0.631567
0.632653
0.633728
0.634791
0.635843
0.636884
0.637912
0.638929
0.639934
0.640926
0.641906
0.642874
0.643829
0.644772
0.645702
0.646619
0.647523
0.648413
0.649291
0.650154
0.651004
0.65184
0.652662
0.65347
0.654263
0.655041
0.655806
0.656555
0.65729
0.658009
0.658714
0.659403
0.660076
0.660734
0.661378
0.662006
0.662618
0.663215
0.663796
0.664361
0.66491
0.665444
0.665962
0.666464
0.666951
0.667422
0.667878
0.668319
0.668745
0.669155
0.669549
0.669928
0.670291
0.670639
0.670972
0.67129
0.671593
0.671881
0.672155
0.672413
0.672656
0.672885
0.673098
0.673297
0.673481
0.673651
0.673806
0.673947
0.674073
0.674185
0.674283
0.674367
0.674436
0.674491
0.674532
0.674559
0.674571
0.674569
0.674554
0.674524
0.67448
0.674422
0.67435
0.674264
0.674165
0.67405
0.673922
0.673779
0.673622
0.673451
0.673265
0.673065
0.672852
0.672624
0.672381
0.672125
0.671853
0.671568
0.671268
0.670954
0.670625
0.670282
0.669925
0.669553
0.669168
0.668768
0.668354
0.667926
0.667484
0.667029
0.666561
0.666079
0.665584
0.665076
0.664556
0.664023
0.663477
0.66292
0.66235
0.661769
0.661177
0.660574
0.659961
0.659337
0.658704
0.658062
0.657411
0.656751
0.656084
0.655409
0.654728
0.65404
0.653347
0.652648
0.651945
0.651237
0.650526
0.649813
0.649096
0.648379
0.64766
0.646942
0.646224
0.645507
0.644791
0.644078
0.643368
0.642661
0.641959
0.641262
0.64057
0.639883
0.639204
0.638531
0.637866
0.637209
0.636561
0.635921
0.635291
0.634671
0.634061
0.633461
0.632871
0.632292
0.631723
0.631166
0.63062
0.630085
0.629562
0.629051
0.62855
0.62806
0.627582
0.627114
0.626657
0.626211
0.625774
0.625348
0.624931
0.624523
0.624124
0.623733
0.62335
0.622975
0.622606
0.622243
0.621887
0.621536
0.621189
0.620846
0.620507
0.620172
0.619839
0.619508
0.619179
0.61885
0.618521
0.618192
0.617862
0.61753
0.617196
0.616859
0.61652
0.616177
0.61583
0.615479
0.615123
0.614761
0.614395
0.614022
0.613644
0.613259
0.612867
0.612469
0.612064
0.611652
0.611232
0.610805
0.610371
0.60993
0.609482
0.609026
0.608563
0.608093
0.607617
0.607133
0.606643
0.606147
0.605645
0.605136
0.604622
0.604103
0.60358
0.603051
0.602518
0.601981
0.601441
0.600897
0.60035
0.599801
0.599249
0.598696
0.598141
0.597586
0.59703
0.596475
0.59592
0.595365
0.594812
0.594261
0.593711
0.593164
0.59262
0.59208
0.591543
0.59101
0.590482
0.589959
0.589442
0.588932
0.588428
0.587931
0.587441
0.58696
0.586486
0.58602
0.585564
0.585116
0.584678
0.58425
0.583833
0.583426
0.583031
0.582647
0.582274
0.581915
0.581568
0.581234
0.580914
0.580607
0.580314
0.580034
0.579769
0.579518
0.579282
0.579061
0.578855
0.578665
0.57849
0.57833
0.578187
0.57806
0.577949
0.577854
0.577776
0.577714
0.577668
0.577639
0.577626
0.57763
0.57765
0.577686
0.577739
0.577808
0.577893
0.577994
0.578111
0.578243
0.578391
0.578555
0.578734
0.578927
0.579136
0.579358
0.579595
0.579845
0.580109
0.580386
0.580676
0.580978
0.581292
0.581618
0.581956
0.582305
0.582664
0.583034
0.583413
0.583801
0.584199
0.584605
0.585019
0.585441
0.58587
0.586306
0.586748
0.587195
0.587648
0.588106
0.588568
0.589035
0.589505
0.589978
0.590454
0.590932
0.591411
0.591892
0.592373
0.592855
0.593337
0.593818
0.594297
0.594776
0.595252
0.595726
0.596198
0.596666
0.59713
0.597589
0.598044
0.598493
0.598936
0.599373
0.599804
0.600227
0.600642
0.60105
0.601449
0.601839
0.60222
0.602592
0.602953
0.603304
0.603644
0.603973
0.60429
0.604595
0.604888
0.605168
0.605435
0.605688
0.605928
0.606153
0.606364
0.606561
0.606743
0.60691
0.607061
0.607197
0.607317
0.60742
0.607508
0.607578
0.607632
0.607669
0.60769
0.607693
0.607679
0.607649
0.607601
0.607535
0.607452
0.607351
0.607233
0.607097
0.606944
0.606773
0.606586
0.606382
0.60616
0.605923
0.605668
0.605398
0.605111
0.604809
0.604492
0.60416
0.603813
0.603451
0.603076
0.602687
0.602286
0.601871
0.601445
0.601008
0.60056
0.600102
0.599635
0.59916
0.598677
0.598186
0.59769
0.597187
0.59668
0.596169
0.595655
0.595138
0.59462
0.594101
0.593582
0.593064
0.592547
0.592033
0.591523
0.591016
0.590515
0.590019
0.58953
0.589048
0.588574
0.588108
0.587651
0.587205
0.586768
0.586343
0.585929
0.585527
0.585136
0.584758
0.584393
0.584042
0.583703
0.583379
0.583068
0.582772
0.58249
0.582222
0.581969
0.58173
0.581505
0.581294
0.581098
0.580915
0.580746
0.58059
0.580448
0.580318
0.580202
0.580098
0.580005
0.579925
0.579856
0.579798
0.579751
0.579715
0.579688
1.09998
1.09993
1.09983
1.09969
1.09951
1.09928
1.09901
1.09869
1.09833
1.09792
1.09747
1.09697
1.09643
1.09584
1.09521
1.09454
1.09382
1.09306
1.09225
1.0914
1.09052
1.08958
1.08861
1.0876
1.08654
1.08545
1.08431
1.08314
1.08193
1.08068
1.07939
1.07807
1.07671
1.07531
1.07388
1.07242
1.07092
1.06938
1.06782
1.06622
1.06459
1.06293
1.06125
1.05953
1.05778
1.056
1.0542
1.05236
1.05051
1.04862
1.04671
1.04478
1.04282
1.04084
1.03883
1.0368
1.03476
1.03269
1.0306
1.0285
1.02638
1.02424
1.02209
1.01992
1.01774
1.01555
1.01335
1.01114
1.00892
1.00669
1.00446
1.00223
0.999999
0.997766
0.995535
0.993309
0.99109
0.988879
0.986679
0.984492
0.982321
0.980168
0.978036
0.975927
0.973845
0.971791
0.96977
0.967784
0.965837
0.96393
0.962068
0.960253
0.958489
0.956778
0.955124
0.953529
0.951996
0.95053
0.949131
0.947802
0.946547
0.945366
0.944263
0.943239
0.942296
0.941437
0.940661
0.939971
0.939368
0.938852
0.938424
0.938083
0.937831
0.937666
0.937588
0.937597
0.93769
0.937868
0.938129
0.93847
0.938891
0.939388
0.93996
0.940603
0.941315
0.942093
0.942935
0.943836
0.944795
0.945808
0.946871
0.947981
0.949135
0.950327
0.951556
0.952818
0.954108
0.955425
0.956764
0.958122
0.959496
0.960883
0.962278
0.963679
0.965083
0.966487
0.967887
0.969282
0.970668
0.972043
0.973403
0.974748
0.976074
0.977378
0.97866
0.979917
0.981147
0.982349
0.98352
0.984659
0.985765
0.986836
0.987871
0.988869
0.989829
0.990749
0.99163
0.99247
0.993269
0.994026
0.99474
0.99541
0.996038
0.996622
0.997162
0.997658
0.99811
0.998517
0.998879
0.999196
0.999468
0.999695
0.999877
1.00002
1.00011
1.00016
1.00017
1.00013
1.00005
0.999934
0.999773
0.999571
0.99933
0.999049
0.998729
0.998371
0.997977
0.997546
0.997079
0.996577
0.996041
0.995471
0.994869
0.994235
0.993571
0.992877
0.992153
0.991402
0.990623
0.989819
0.988989
0.988135
0.987258
0.986359
0.985439
0.984499
0.983539
0.98256
0.981564
0.980552
0.979524
0.978481
0.977423
0.976353
0.97527
0.974175
0.97307
0.971955
0.970832
0.9697
0.96856
0.967415
0.966264
0.965108
0.963948
0.962785
0.961619
0.960452
0.959285
0.958118
0.956952
0.955787
0.954624
0.953464
0.952307
0.951155
0.950008
0.948867
0.947732
0.946605
0.945485
0.944374
0.943272
0.94218
0.941099
0.940028
0.938969
0.937921
0.936886
0.935864
0.934855
0.933862
0.932883
0.93192
0.930972
0.930041
0.929126
0.928228
0.927348
0.926485
0.92564
0.924813
0.924005
0.923216
0.922446
0.921696
0.920965
0.920254
0.919563
0.918892
0.918241
0.91761
0.916999
0.916409
0.91584
0.91529
0.914761
0.914253
0.913764
0.913296
0.912848
0.91242
0.912012
0.911624
0.911255
0.910905
0.910575
0.910263
0.909971
0.909697
0.909441
0.909202
0.908981
0.908777
0.908589
0.908418
0.908262
0.908121
0.907994
0.907881
0.907781
0.907695
0.907622
0.907559
0.907508
0.907467
0.907435
0.907413
0.907398
0.907392
0.907391
0.907397
0.907407
0.907423
0.907441
0.907463
0.907486
0.90751
0.907535
0.90756
0.907584
0.907606
0.907625
0.907642
0.907656
0.907665
0.907671
0.907672
0.907667
0.907656
0.907639
0.907615
0.907585
0.907548
0.907504
0.907453
0.907395
0.90733
0.907259
0.907182
0.9071
0.907012
0.90692
0.906823
0.906723
0.90662
0.906516
0.90641
0.906304
0.906198
0.906093
0.90599
0.905889
0.905793
0.905701
0.905616
0.905537
0.905467
0.905406
0.905356
0.905316
0.905288
0.905273
0.905273
0.905287
0.905318
0.905365
0.905431
0.905515
0.905619
0.905743
0.905888
0.906055
0.906243
0.906454
0.906687
0.906944
0.907225
0.90753
0.907858
0.908211
0.908588
0.908989
0.909415
0.909865
0.910339
0.910837
0.911359
0.911904
0.912473
0.913065
0.913679
0.914316
0.914973
0.915652
0.916352
0.917071
0.917809
0.918566
0.919341
0.920132
0.92094
0.921763
0.9226
0.923452
0.924316
0.925193
0.926081
0.92698
0.927889
0.928807
0.929734
0.930667
0.931607
0.932553
0.933504
0.934458
0.935416
0.936377
0.937339
0.938303
0.939267
0.940231
0.941194
0.942155
0.943113
0.944068
0.94502
0.945966
0.946907
0.947842
0.94877
0.949691
0.950604
0.951508
0.952403
0.953288
0.954163
0.955028
0.955881
0.956722
0.957551
0.958368
0.95917
0.959959
0.960733
0.961491
0.962233
0.962959
0.963668
0.96436
0.965036
0.965693
0.966331
0.96695
0.967549
0.968128
0.968687
0.969224
0.96974
0.970234
0.970706
0.971154
0.971579
0.971981
0.972359
0.972712
0.97304
0.973344
0.973623
0.973875
0.974101
0.974301
0.974475
0.974622
0.974742
0.974835
0.974902
0.974941
0.974953
0.974938
0.974896
0.974827
0.974731
0.974609
0.974461
0.974287
0.974087
0.973862
0.973613
0.973339
0.973042
0.972723
0.972382
0.97202
0.971637
0.971234
0.970813
0.970373
0.969916
0.969443
0.968955
0.968453
0.967937
0.967409
0.966871
0.966322
0.965764
0.965198
0.964626
0.964049
0.963467
0.962882
0.962295
0.961706
0.961118
0.960531
0.959946
0.959363
0.958784
0.95821
0.957641
0.957078
0.95652
0.955969
0.955424
0.954887
0.954357
0.953835
0.953321
0.952814
0.952316
0.951826
0.951344
0.950869
0.950402
0.949942
0.949489
0.949043
0.948603
0.948168
0.947739
0.947314
0.946893
0.946475
0.94606
0.945647
0.945235
0.944824
0.944412
0.943999
0.943585
0.943169
0.942749
0.942325
0.941898
0.941465
0.941026
0.940581
0.940127
0.939666
0.939196
0.938716
0.938227
0.937726
0.937215
0.936693
0.936158
0.93561
0.935049
0.934475
0.933886
0.933284
0.932667
0.932036
0.93139
0.930729
0.930052
0.929359
0.928651
0.927928
0.92719
0.926436
0.925668
0.924885
0.924088
0.923277
0.922453
0.921616
0.920768
0.919908
0.919039
0.91816
0.917273
0.916379
0.915479
0.914575
0.913668
0.912759
0.91185
0.910942
0.910038
0.909137
0.908243
0.907357
0.90648
0.905615
0.904764
0.903927
0.903107
0.902306
0.901525
0.900767
0.900032
0.899323
0.898642
0.897989
0.897366
0.896775
0.896218
0.895695
0.895208
0.894756
0.894341
0.893964
0.893624
0.893322
0.893059
0.892834
0.892648
0.8925
0.89239
0.892317
0.892282
0.892282
0.892319
0.892389
0.892493
0.89263
0.892797
0.892993
0.893218
0.893469
0.893744
0.894043
0.894363
0.894703
0.895061
0.895436
0.895825
0.896226
0.896639
0.897062
0.897492
0.897929
0.89837
0.898815
0.899262
0.89971
0.900156
0.900601
0.901042
0.90148
0.901912
0.902338
0.902758
0.90317
0.903573
0.903969
0.904355
0.904733
0.905101
0.905459
0.905808
0.906147
0.906476
0.906797
0.907109
0.907411
0.907706
0.907992
0.90827
0.908542
0.908806
0.909064
0.909315
0.90956
0.909801
0.910037
0.910268
0.910496
0.91072
0.91094
0.911157
0.911372
0.911584
0.911795
0.912004
0.91221
0.912415
0.912617
0.912818
0.913016
0.913213
0.913407
0.913599
0.913789
0.913975
0.914158
0.914337
0.914512
0.914682
0.914848
0.915009
0.915163
0.91531
0.91545
0.915582
0.915706
0.915821
0.915926
0.916022
0.916106
0.916179
0.916241
0.91629
0.916327
0.91635
0.916359
0.916355
0.916336
0.916302
0.916254
0.91619
0.91611
0.916015
0.915903
0.915775
0.915631
0.91547
0.915293
0.915099
0.914888
0.914662
0.914419
0.914161
0.913887
0.913597
0.913291
0.91297
0.912633
0.912282
0.911916
0.911535
0.911141
0.910734
0.910312
0.909878
0.909431
0.908971
0.9085
0.908017
0.907523
0.907018
0.906502
0.905977
0.905442
0.904899
0.904347
0.903786
0.903219
0.902644
0.902063
0.901477
0.900885
0.90029
0.89969
0.899087
0.898481
0.897873
0.897264
0.896654
0.896044
0.895434
0.894827
0.894221
0.893618
0.893018
0.892423
0.891832
0.891247
0.890668
0.890096
0.88953
0.888973
0.888425
0.887885
0.887356
0.886836
0.886328
0.885831
0.885347
0.884875
0.884415
0.883969
0.883537
0.883118
0.882712
0.88232
0.881942
0.881578
0.881228
0.880892
0.880571
0.880263
0.87997
0.87969
0.879423
0.87917
0.878928
0.878699
0.878481
0.878275
0.878079
0.877893
0.877718
0.877551
0.877393
0.877242
0.877099
0.876963
0.876833
0.876709
0.87659
0.876476
0.876367
0.876261
0.876158
0.876059
0.875961
0.875866
0.875773
0.875682
0.875592
0.875504
0.875418
0.875333
0.87525
0.875168
0.875088
0.87501
0.874934
0.87486
0.874789
0.874722
0.874657
0.874597
0.874541
0.874491
0.874446
0.874407
0.874375
0.87435
0.874333
0.874323
0.874323
0.874331
0.874349
0.874376
0.874414
0.874463
0.874523
0.874595
0.874678
0.874773
0.874879
0.874998
0.87513
0.875274
0.87543
0.8756
0.875782
0.875977
0.876185
0.876405
0.876639
0.876886
0.877145
0.877418
0.877704
0.878003
0.878315
0.87864
0.878978
0.879328
0.879692
0.880069
0.880459
0.880862
0.881278
0.881706
0.882148
0.882603
0.883071
0.883552
0.884046
0.884554
0.885074
0.885608
0.886154
0.886714
0.887286
0.88787
0.888467
0.889076
0.889697
0.890328
0.89097
0.891621
0.892282
0.892951
0.893629
0.894313
0.895004
0.8957
0.8964
0.897104
0.89781
0.898518
0.899227
0.899936
0.900643
0.901349
0.902052
0.902749
0.903441
0.904126
0.904804
0.905473
0.906132
0.906781
0.907417
0.908042
0.908652
0.909248
0.90983
0.910396
0.910945
0.911476
0.91199
0.912485
0.91296
0.913415
0.913849
0.914263
0.914654
0.915023
0.91537
0.915693
0.915991
0.916266
0.916515
0.91674
0.916938
0.917111
0.917257
0.917376
0.917468
0.917531
0.917565
0.917571
0.917546
0.917492
0.917406
0.91729
0.917141
0.916961
0.916747
0.9165
0.916219
0.915903
0.915552
0.915166
0.914745
0.914287
0.913793
0.913261
0.912692
0.912085
0.911441
0.910758
1.09958
1.09873
1.09781
1.09682
1.09576
1.09464
1.09345
1.09219
1.09086
1.08947
1.08802
1.0865
1.08492
1.08327
1.08157
1.07981
1.07799
1.07612
1.07419
1.07221
1.07018
1.0681
1.06597
1.06381
1.0616
1.05936
1.05708
1.05477
1.05243
1.05006
1.04767
1.04526
1.04283
1.04039
1.03794
1.03548
1.03302
1.03056
1.0281
1.02565
1.0232
1.02077
1.01836
1.01597
1.0136
1.01125
1.00894
1.00666
1.00442
1.00221
1.00005
0.997933
0.995862
0.993841
0.991873
0.989959
0.988102
0.986302
0.984563
0.982884
0.981269
0.979719
0.978233
0.976813
0.97546
0.974175
0.972957
0.971807
0.970725
0.969712
0.968766
0.967887
0.967075
0.966329
0.965649
0.965033
0.964482
0.963992
0.963564
0.963196
0.962887
0.962635
0.962439
0.962298
0.96221
0.962173
0.962187
0.962248
0.962356
0.962508
0.962703
0.962939
0.963213
0.963525
0.963872
0.964252
0.964664
0.965106
0.965576
0.966072
0.966593
0.967135
0.967699
0.968281
0.96888
0.969495
0.970123
0.970763
0.971412
0.97207
0.972734
0.973403
0.974075
0.974749
0.975422
0.976093
0.976761
0.977424
0.978079
0.978727
0.979366
0.979993
0.980608
0.981211
0.981799
0.982371
0.982926
0.983462
0.983979
0.984476
0.984953
0.985408
0.985841
0.98625
0.986634
0.986994
0.987329
0.987638
0.987921
0.988178
0.988408
0.988612
0.988789
0.988941
0.989066
0.989166
0.98924
0.989289
0.989312
0.98931
0.989285
0.989236
0.989164
0.989069
0.988953
0.988815
0.988657
0.988479
0.988282
0.988067
0.987835
0.987587
0.987324
0.987047
0.986756
0.986453
0.986139
0.985814
0.985481
0.98514
0.98479
0.984434
0.984072
0.983706
0.983334
0.98296
0.982582
0.982203
0.981822
0.981441
0.98106
0.98068
0.980302
0.979926
0.979553
0.979182
0.978816
0.978453
0.978095
0.977742
0.977395
0.977054
0.976719
0.976391
0.976071
0.975759
0.975456
0.975162
0.974878
0.974604
0.974341
0.97409
0.97385
0.973623
0.97341
0.97321
0.973026
0.972857
0.972706
0.972572
0.972457
0.972362
0.972287
0.972234
0.972204
0.972198
0.972217
0.972261
0.972333
0.972432
0.972561
0.972719
0.972908
0.97313
0.973383
0.97367
0.97399
0.974344
0.974733
0.975157
0.975616
0.97611
0.976639
0.977204
0.977802
0.978434
0.979098
0.979795
0.980522
0.981279
0.982065
0.982878
0.983716
0.984579
0.985463
0.986368
0.987291
0.98823
0.989182
0.990145
0.991118
0.992096
0.993078
0.994061
0.995043
0.996021
0.996993
0.997956
0.998909
0.999848
1.00077
1.00167
1.00256
1.00342
1.00426
1.00507
1.00585
1.00659
1.00731
1.00799
1.00864
1.00925
1.00981
1.01034
1.01083
1.01127
1.01166
1.01201
1.01231
1.01256
1.01277
1.01292
1.01302
1.01307
1.01307
1.01302
1.01291
1.01274
1.01253
1.01226
1.01193
1.01155
1.01112
1.01063
1.01008
1.00949
1.00884
1.00813
1.00738
1.00658
1.00572
1.00482
1.00387
1.00287
1.00183
1.00075
0.999621
0.998456
0.997255
0.996018
0.99475
0.993452
0.992127
0.990778
0.989409
0.988021
0.986619
0.985205
0.983784
0.982359
0.980934
0.979513
0.978099
0.976699
0.975314
0.97395
0.972611
0.971301
0.970024
0.968784
0.967585
0.966431
0.965327
0.964275
0.963279
0.962344
0.961471
0.960665
0.959927
0.95926
0.958667
0.95815
0.95771
0.957349
0.957068
0.956867
0.956746
0.956706
0.956746
0.956867
0.957067
0.957345
0.9577
0.958129
0.95863
0.959203
0.959843
0.960548
0.961316
0.962141
0.963022
0.963954
0.964934
0.965959
0.967025
0.968127
0.969263
0.970428
0.971619
0.972831
0.974061
0.975306
0.976561
0.977824
0.97909
0.980357
0.981621
0.982879
0.984128
0.985366
0.986589
0.987795
0.988983
0.990151
0.991296
0.992416
0.99351
0.994576
0.995614
0.996623
0.997602
0.99855
0.999467
1.00035
1.00121
1.00203
1.00282
1.00358
1.00432
1.00502
1.0057
1.00635
1.00697
1.00758
1.00815
1.00871
1.00925
1.00977
1.01027
1.01076
1.01124
1.0117
1.01216
1.01261
1.01305
1.01349
1.01393
1.01436
1.0148
1.01523
1.01567
1.01611
1.01655
1.017
1.01746
1.01792
1.01839
1.01886
1.01934
1.01982
1.02031
1.0208
1.0213
1.0218
1.02231
1.02282
1.02333
1.02384
1.02436
1.02487
1.02537
1.02588
1.02637
1.02687
1.02735
1.02783
1.02829
1.02875
1.02919
1.02962
1.03004
1.03044
1.03082
1.03119
1.03154
1.03187
1.03219
1.03248
1.03276
1.03301
1.03324
1.03345
1.03364
1.03381
1.03396
1.03409
1.0342
1.03428
1.03435
1.03439
1.03442
1.03443
1.03442
1.03439
1.03434
1.03428
1.0342
1.03411
1.03401
1.0339
1.03377
1.03364
1.0335
1.03335
1.03319
1.03303
1.03287
1.03271
1.03255
1.03239
1.03223
1.03208
1.03193
1.03179
1.03165
1.03153
1.03142
1.03131
1.03122
1.03114
1.03108
1.03103
1.03099
1.03096
1.03096
1.03096
1.03098
1.03102
1.03107
1.03113
1.03121
1.0313
1.03141
1.03153
1.03166
1.0318
1.03195
1.03211
1.03228
1.03245
1.03264
1.03283
1.03302
1.03322
1.03342
1.03363
1.03383
1.03404
1.03424
1.03445
1.03465
1.03485
1.03505
1.03524
1.03543
1.03561
1.03579
1.03596
1.03613
1.03629
1.03644
1.03658
1.03672
1.03684
1.03696
1.03707
1.03717
1.03725
1.03733
1.0374
1.03746
1.0375
1.03754
1.03757
1.03758
1.03758
1.03757
1.03754
1.0375
1.03745
1.03738
1.0373
1.03721
1.0371
1.03697
1.03682
1.03666
1.03648
1.03629
1.03607
1.03584
1.03558
1.03531
1.03501
1.03469
1.03435
1.03399
1.03361
1.03321
1.03278
1.03232
1.03184
1.03134
1.03081
1.03026
1.02969
1.02908
1.02845
1.0278
1.02712
1.02642
1.02569
1.02494
1.02416
1.02335
1.02252
1.02167
1.0208
1.0199
1.01897
1.01803
1.01706
1.01607
1.01506
1.01403
1.01298
1.01192
1.01083
1.00973
1.00861
1.00748
1.00633
1.00516
1.00399
1.0028
1.0016
1.00039
0.999166
0.997938
0.996702
0.995459
0.99421
0.992955
0.991695
0.990431
0.989165
0.987896
0.986627
0.985358
0.98409
0.982824
0.981562
0.980302
0.979047
0.977797
0.976553
0.975316
0.974088
0.972869
0.97166
0.970463
0.969278
0.968106
0.966948
0.965805
0.964678
0.963568
0.962475
0.961402
0.960348
0.959315
0.958304
0.957315
0.956349
0.955408
0.954493
0.953604
0.952741
0.951907
0.951101
0.950324
0.949577
0.948861
0.948176
0.947523
0.946902
0.946315
0.94576
0.945238
0.94475
0.944295
0.943874
0.943488
0.943135
0.942818
0.942535
0.942286
0.942071
0.94189
0.941743
0.94163
0.94155
0.941503
0.941488
0.941506
0.941556
0.941636
0.941747
0.941888
0.942059
0.942258
0.942485
0.942741
0.943023
0.943332
0.943667
0.944027
0.944412
0.944821
0.945255
0.94571
0.946189
0.946689
0.94721
0.947752
0.948314
0.948897
0.949499
0.950119
0.950759
0.951417
0.952093
0.952786
0.953498
0.954226
0.954972
0.955736
0.956516
0.957314
0.958128
0.95896
0.959808
0.960672
0.961554
0.962453
0.963368
0.9643
0.965248
0.966212
0.967193
0.968191
0.969205
0.970235
0.971282
0.972345
0.973424
0.97452
0.97563
0.976756
0.977896
0.97905
0.980218
0.9814
0.982594
0.983802
0.985022
0.986253
0.987496
0.988749
0.990012
0.991285
0.992565
0.993852
0.995147
0.996447
0.997752
0.999061
1.00037
1.00169
1.003
1.00432
1.00564
1.00696
1.00827
1.00958
1.01089
1.01219
1.01349
1.01478
1.01606
1.01734
1.01861
1.01986
1.02111
1.02235
1.02357
1.02479
1.02599
1.02717
1.02835
1.0295
1.03065
1.03177
1.03288
1.03398
1.03505
1.03611
1.03715
1.03817
1.03918
1.04017
1.04113
1.04208
1.04301
1.04392
1.04481
1.04568
1.04653
1.04737
1.04818
1.04897
1.04974
1.0505
1.05123
1.05194
1.05263
1.05331
1.05396
1.05459
1.05521
1.0558
1.05638
1.05693
1.05747
1.05798
1.05848
1.05896
1.05942
1.05986
1.06028
1.06068
1.06106
1.06142
1.06177
1.06209
1.06239
1.06268
1.06294
1.06319
1.06341
1.06362
1.06381
1.06397
1.06412
1.06425
1.06435
1.06444
1.0645
1.06454
1.06456
1.06456
1.06454
1.06449
1.06442
1.06433
1.06421
1.06407
1.06391
1.06372
1.06351
1.06327
1.063
1.06271
1.0624
1.06205
1.06169
1.06129
1.06087
1.06042
1.05994
1.05944
1.05891
1.05835
1.05777
1.05716
1.05652
1.05586
1.05517
1.05445
1.05371
1.05294
1.05214
1.05132
1.05048
1.04961
1.04871
1.04779
1.04685
1.04589
1.0449
1.0439
1.04287
1.04182
1.04076
1.03967
1.03857
1.03745
1.03631
1.03516
1.03399
1.03281
1.03161
1.03041
1.02919
1.02796
1.02672
1.02548
1.02422
1.02297
1.0217
1.02043
1.01916
1.01788
1.0166
1.01533
1.01405
1.01277
1.01149
1.01021
1.00894
1.00767
1.0064
1.00514
1.00389
1.00264
1.0014
1.00016
0.998932
0.997713
0.996502
0.9953
0.994108
0.992925
0.991753
0.990591
0.989439
0.988297
0.987167
0.986048
0.984939
0.983842
0.982755
0.98168
0.980617
0.979566
0.978526
0.977497
0.976479
0.975473
0.974478
0.973494
0.972521
0.971558
0.970607
0.969665
0.968734
0.967812
0.966901
0.966
0.965108
0.964226
0.963353
0.962489
0.961634
0.960788
0.95995
0.959122
0.958302
0.957491
0.956689
0.955894
0.955108
0.954331
0.953562
0.952802
0.952051
0.95131
0.950577
0.949855
0.949142
0.948439
0.947747
0.947066
0.946396
0.945739
0.945093
0.944461
0.943842
0.943238
0.942649
0.942074
0.941515
0.940973
0.940448
0.939941
0.939453
0.938985
0.938537
0.938111
0.937707
0.937326
0.93697
0.936639
0.936334
0.936057
0.935807
0.935587
0.935397
0.935239
0.935114
0.935021
1.09996
1.09991
1.09989
1.09988
1.09989
1.09992
1.09997
1.10004
1.10013
1.10025
1.10039
1.10056
1.10076
1.10099
1.10124
1.10152
1.10184
1.10218
1.10256
1.10297
1.10341
1.10389
1.1044
1.10494
1.10551
1.10612
1.10676
1.10744
1.10815
1.10889
1.10967
1.11047
1.11131
1.11218
1.11307
1.11399
1.11495
1.11592
1.11692
1.11795
1.11899
1.12006
1.12114
1.12224
1.12335
1.12447
1.12561
1.12674
1.12789
1.12904
1.13019
1.13133
1.13248
1.13361
1.13474
1.13585
1.13696
1.13804
1.13911
1.14016
1.14119
1.14219
1.14316
1.1441
1.14501
1.14589
1.14673
1.14754
1.1483
1.14903
1.14971
1.15035
1.15094
1.15148
1.15198
1.15243
1.15282
1.15317
1.15346
1.1537
1.15388
1.15401
1.15409
1.15411
1.15408
1.15399
1.15384
1.15365
1.1534
1.15309
1.15274
1.15233
1.15187
1.15137
1.15081
1.1502
1.14955
1.14886
1.14812
1.14734
1.14652
1.14566
1.14477
1.14384
1.14288
1.14189
1.14087
1.13983
1.13876
1.13767
1.13657
1.13545
1.13431
1.13317
1.13202
1.13086
1.1297
1.12854
1.12738
1.12623
1.12508
1.12394
1.12281
1.1217
1.1206
1.11952
1.11846
1.11742
1.11641
1.11542
1.11446
1.11352
1.11262
1.11174
1.1109
1.11009
1.10932
1.10857
1.10787
1.1072
1.10656
1.10596
1.1054
1.10487
1.10438
1.10393
1.10351
1.10312
1.10277
1.10246
1.10218
1.10193
1.10171
1.10153
1.10137
1.10125
1.10115
1.10107
1.10103
1.101
1.10101
1.10103
1.10107
1.10113
1.10122
1.10131
1.10143
1.10156
1.1017
1.10186
1.10202
1.1022
1.10239
1.10258
1.10279
1.103
1.10322
1.10344
1.10367
1.1039
1.10414
1.10438
1.10463
1.10487
1.10512
1.10538
1.10563
1.10589
1.10615
1.10641
1.10667
1.10693
1.10719
1.10746
1.10773
1.108
1.10827
1.10855
1.10882
1.1091
1.10938
1.10966
1.10995
1.11024
1.11053
1.11082
1.11112
1.11142
1.11172
1.11203
1.11234
1.11265
1.11297
1.11329
1.11361
1.11394
1.11427
1.11461
1.11495
1.11529
1.11564
1.11599
1.11635
1.11671
1.11708
1.11744
1.11782
1.1182
1.11858
1.11896
1.11935
1.11974
1.12014
1.12053
1.12093
1.12133
1.12173
1.12214
1.12254
1.12295
1.12335
1.12376
1.12416
1.12455
1.12495
1.12534
1.12573
1.1261
1.12647
1.12684
1.12719
1.12753
1.12786
1.12818
1.12848
1.12877
1.12904
1.1293
1.12953
1.12974
1.12994
1.13011
1.13025
1.13037
1.13047
1.13054
1.13058
1.13059
1.13057
1.13052
1.13044
1.13032
1.13018
1.13
1.12978
1.12953
1.12924
1.12892
1.12857
1.12817
1.12774
1.12728
1.12677
1.12623
1.12566
1.12504
1.12439
1.12371
1.12299
1.12223
1.12144
1.12062
1.11976
1.11887
1.11794
1.11699
1.116
1.11499
1.11394
1.11287
1.11176
1.11063
1.10948
1.1083
1.10709
1.10586
1.10461
1.10334
1.10205
1.10074
1.09941
1.09806
1.0967
1.09532
1.09393
1.09253
1.09111
1.08969
1.08825
1.0868
1.08535
1.08389
1.08242
1.08095
1.07947
1.07799
1.07651
1.07502
1.07354
1.07206
1.07057
1.0691
1.06762
1.06615
1.06468
1.06323
1.06178
1.06034
1.05891
1.05749
1.05608
1.05469
1.05331
1.05195
1.0506
1.04928
1.04798
1.0467
1.04544
1.04421
1.043
1.04183
1.04068
1.03957
1.03849
1.03744
1.03643
1.03546
1.03454
1.03365
1.03281
1.03202
1.03127
1.03058
1.02994
1.02935
1.02882
1.02835
1.02794
1.02759
1.02731
1.02709
1.02693
1.02685
1.02683
1.02689
1.02701
1.02721
1.02749
1.02783
1.02825
1.02875
1.02932
1.02996
1.03068
1.03148
1.03234
1.03328
1.03429
1.03537
1.03652
1.03773
1.03901
1.04036
1.04176
1.04322
1.04474
1.04632
1.04794
1.04962
1.05134
1.0531
1.0549
1.05674
1.05861
1.06052
1.06245
1.0644
1.06638
1.06837
1.07038
1.0724
1.07443
1.07647
1.0785
1.08054
1.08258
1.08461
1.08663
1.08864
1.09064
1.09262
1.09459
1.09654
1.09847
1.10037
1.10225
1.10411
1.10593
1.10773
1.10949
1.11122
1.11292
1.11458
1.11621
1.11779
1.11934
1.12085
1.12232
1.12375
1.12513
1.12647
1.12777
1.12902
1.13023
1.13139
1.1325
1.13356
1.13458
1.13555
1.13646
1.13733
1.13815
1.13892
1.13964
1.1403
1.14092
1.14148
1.142
1.14246
1.14287
1.14323
1.14354
1.1438
1.14401
1.14417
1.14428
1.14434
1.14436
1.14432
1.14424
1.14411
1.14393
1.14371
1.14344
1.14313
1.14278
1.14239
1.14195
1.14148
1.14096
1.14041
1.13983
1.13921
1.13855
1.13786
1.13714
1.13638
1.1356
1.13478
1.13394
1.13307
1.13218
1.13126
1.13032
1.12935
1.12836
1.12735
1.12632
1.12528
1.12421
1.12313
1.12203
1.12092
1.11979
1.11865
1.1175
1.11634
1.11517
1.11398
1.11279
1.11159
1.11039
1.10918
1.10796
1.10674
1.10552
1.10429
1.10307
1.10184
1.10062
1.09939
1.09817
1.09695
1.09574
1.09453
1.09333
1.09214
1.09096
1.08979
1.08862
1.08747
1.08634
1.08521
1.08411
1.08302
1.08194
1.08089
1.07985
1.07884
1.07785
1.07688
1.07593
1.075
1.07411
1.07323
1.07239
1.07157
1.07077
1.07001
1.06927
1.06856
1.06787
1.06722
1.06659
1.06599
1.06542
1.06487
1.06435
1.06386
1.06339
1.06294
1.06252
1.06212
1.06174
1.06138
1.06104
1.06072
1.06041
1.06012
1.05984
1.05957
1.05931
1.05906
1.05881
1.05857
1.05834
1.0581
1.05787
1.05764
1.05741
1.05717
1.05693
1.05669
1.05644
1.05618
1.05592
1.05565
1.05537
1.05508
1.05478
1.05447
1.05415
1.05381
1.05347
1.05312
1.05275
1.05237
1.05199
1.05159
1.05118
1.05077
1.05034
1.04991
1.04946
1.04901
1.04856
1.0481
1.04763
1.04716
1.04668
1.04621
1.04573
1.04525
1.04477
1.04429
1.04381
1.04334
1.04287
1.04241
1.04195
1.0415
1.04105
1.04061
1.04018
1.03976
1.03935
1.03894
1.03855
1.03817
1.0378
1.03745
1.0371
1.03677
1.03646
1.03615
1.03586
1.03558
1.03531
1.03505
1.03481
1.03458
1.03436
1.03415
1.03395
1.03376
1.03358
1.0334
1.03323
1.03307
1.03291
1.03276
1.0326
1.03245
1.0323
1.03215
1.03199
1.03183
1.03166
1.03149
1.03131
1.03111
1.0309
1.03068
1.03045
1.0302
1.02993
1.02964
1.02933
1.02899
1.02864
1.02826
1.02785
1.02742
1.02696
1.02648
1.02597
1.02543
1.02486
1.02426
1.02364
1.02299
1.02231
1.0216
1.02087
1.02012
1.01934
1.01854
1.01771
1.01687
1.01601
1.01514
1.01425
1.01336
1.01245
1.01154
1.01062
1.0097
1.00878
1.00787
1.00696
1.00606
1.00517
1.0043
1.00344
1.0026
1.00178
1.00099
1.00022
0.999483
0.998775
0.998099
0.997457
0.99685
0.996281
0.99575
0.995258
0.994807
0.994397
0.994028
0.993702
0.993418
0.993177
0.992978
0.992822
0.992708
0.992636
0.992604
0.992614
0.992663
0.992751
0.992877
0.99304
0.993238
0.99347
0.993736
0.994033
0.994361
0.994718
0.995102
0.995514
0.99595
0.996409
0.99689
0.997391
0.997911
0.998449
0.999003
0.999571
1.00015
1.00074
1.00135
1.00196
1.00258
1.0032
1.00383
1.00447
1.0051
1.00574
1.00638
1.00702
1.00765
1.00828
1.00891
1.00953
1.01014
1.01075
1.01135
1.01194
1.01252
1.01308
1.01364
1.01418
1.01471
1.01523
1.01573
1.01622
1.01669
1.01714
1.01758
1.018
1.0184
1.01879
1.01916
1.01951
1.01984
1.02015
1.02045
1.02073
1.02099
1.02123
1.02146
1.02167
1.02186
1.02204
1.0222
1.02235
1.02248
1.0226
1.0227
1.02279
1.02287
1.02294
1.02299
1.02304
1.02307
1.0231
1.02312
1.02313
1.02313
1.02312
1.02311
1.0231
1.02308
1.02305
1.02303
1.023
1.02297
1.02293
1.0229
1.02287
1.02284
1.0228
1.02278
1.02275
1.02272
1.0227
1.02269
1.02268
1.02267
1.02267
1.02268
1.02269
1.02271
1.02274
1.02277
1.02282
1.02287
1.02293
1.02301
1.02309
1.02319
1.0233
1.02342
1.02356
1.02371
1.02387
1.02406
1.02426
1.02447
1.02471
1.02496
1.02523
1.02553
1.02584
1.02618
1.02653
1.02691
1.02732
1.02774
1.02819
1.02867
1.02917
1.0297
1.03025
1.03082
1.03143
1.03205
1.03271
1.03339
1.03409
1.03482
1.03558
1.03635
1.03716
1.03798
1.03883
1.0397
1.04058
1.04149
1.04242
1.04336
1.04432
1.04529
1.04627
1.04727
1.04827
1.04929
1.0503
1.05133
1.05235
1.05338
1.0544
1.05542
1.05644
1.05745
1.05846
1.05945
1.06043
1.0614
1.06235
1.06329
1.06421
1.0651
1.06598
1.06683
1.06766
1.06846
1.06924
1.06998
1.0707
1.07139
1.07205
1.07267
1.07326
1.07382
1.07435
1.07484
1.07529
1.07571
1.07609
1.07644
1.07675
1.07702
1.07726
1.07746
1.07763
1.07776
1.07786
1.07792
1.07795
1.07794
1.0779
1.07782
1.07771
1.07757
1.0774
1.07719
1.07696
1.07669
1.0764
1.07607
1.07572
1.07533
1.07493
1.07449
1.07403
1.07354
1.07303
1.07249
1.07193
1.07134
1.07073
1.0701
1.06945
1.06877
1.06808
1.06736
1.06663
1.06588
1.06511
1.06432
1.06351
1.06269
1.06185
1.061
1.06014
1.05926
1.05837
1.05746
1.05655
1.05563
1.0547
1.05376
1.05282
1.05188
1.05093
1.04998
1.04903
1.04809
1.04715
1.04621
1.04529
1.04437
1.04347
1.04257
1.0417
1.04084
1.04
1.03919
1.0384
1.03763
1.0369
1.03619
1.03551
1.03488
1.03427
1.03371
1.03318
1.0327
1.03226
1.09978
1.09942
1.09909
1.0988
1.09855
1.09835
1.09818
1.09806
1.09799
1.09796
1.09797
1.09804
1.09814
1.0983
1.09849
1.09874
1.09902
1.09936
1.09973
1.10015
1.1006
1.1011
1.10164
1.10221
1.10282
1.10346
1.10414
1.10484
1.10558
1.10634
1.10713
1.10794
1.10876
1.10961
1.11048
1.11136
1.11225
1.11315
1.11406
1.11498
1.11589
1.11681
1.11773
1.11864
1.11954
1.12044
1.12133
1.1222
1.12306
1.1239
1.12473
1.12553
1.12631
1.12707
1.1278
1.1285
1.12917
1.12982
1.13043
1.13101
1.13155
1.13206
1.13254
1.13298
1.13337
1.13373
1.13405
1.13433
1.13456
1.13476
1.13491
1.13502
1.13509
1.13511
1.13509
1.13502
1.13491
1.13475
1.13455
1.13431
1.13402
1.13369
1.13331
1.13289
1.13243
1.13192
1.13137
1.13078
1.13014
1.12946
1.12873
1.12797
1.12716
1.12632
1.12543
1.1245
1.12354
1.12253
1.12149
1.12042
1.1193
1.11815
1.11697
1.11575
1.1145
1.11322
1.11191
1.11057
1.1092
1.1078
1.10637
1.10493
1.10345
1.10196
1.10044
1.09891
1.09736
1.09579
1.0942
1.09261
1.091
1.08938
1.08775
1.08612
1.08448
1.08284
1.0812
1.07956
1.07792
1.07629
1.07467
1.07306
1.07146
1.06987
1.0683
1.06674
1.06521
1.0637
1.06221
1.06075
1.05931
1.0579
1.05653
1.05519
1.05388
1.05261
1.05138
1.05019
1.04904
1.04793
1.04686
1.04584
1.04486
1.04393
1.04305
1.04222
1.04143
1.0407
1.04001
1.03938
1.0388
1.03827
1.03779
1.03737
1.037
1.03668
1.03641
1.0362
1.03604
1.03593
1.03588
1.03587
1.03591
1.03601
1.03615
1.03634
1.03658
1.03687
1.0372
1.03759
1.03801
1.03849
1.039
1.03956
1.04017
1.04081
1.0415
1.04223
1.04299
1.0438
1.04465
1.04553
1.04645
1.04741
1.04841
1.04944
1.05051
1.05161
1.05275
1.05392
1.05513
1.05636
1.05764
1.05894
1.06028
1.06164
1.06304
1.06447
1.06592
1.06741
1.06893
1.07047
1.07204
1.07363
1.07525
1.0769
1.07856
1.08025
1.08197
1.0837
1.08545
1.08722
1.089
1.0908
1.09261
1.09443
1.09626
1.0981
1.09995
1.1018
1.10365
1.10551
1.10736
1.1092
1.11104
1.11287
1.11469
1.1165
1.11829
1.12006
1.12182
1.12355
1.12526
1.12694
1.1286
1.13022
1.13182
1.13338
1.13491
1.1364
1.13785
1.13926
1.14063
1.14196
1.14325
1.14449
1.14569
1.14685
1.14796
1.14902
1.15003
1.151
1.15193
1.1528
1.15364
1.15442
1.15516
1.15585
1.15651
1.15711
1.15768
1.1582
1.15869
1.15913
1.15954
1.1599
1.16023
1.16053
1.16079
1.16101
1.16121
1.16137
1.1615
1.1616
1.16167
1.16172
1.16174
1.16173
1.16169
1.16164
1.16155
1.16145
1.16132
1.16116
1.16099
1.1608
1.16058
1.16034
1.16009
1.15981
1.15952
1.15921
1.15887
1.15853
1.15816
1.15778
1.15738
1.15697
1.15654
1.15609
1.15564
1.15517
1.15468
1.15419
1.15368
1.15317
1.15265
1.15212
1.15158
1.15104
1.1505
1.14995
1.1494
1.14885
1.14831
1.14776
1.14722
1.14669
1.14617
1.14566
1.14516
1.14467
1.1442
1.14375
1.14332
1.14292
1.14253
1.14218
1.14185
1.14155
1.14129
1.14106
1.14087
1.14071
1.14059
1.14052
1.14048
1.14049
1.14054
1.14064
1.14079
1.14098
1.14123
1.14152
1.14186
1.14225
1.14269
1.14318
1.14371
1.1443
1.14494
1.14562
1.14635
1.14713
1.14795
1.14881
1.14971
1.15066
1.15164
1.15266
1.15371
1.15479
1.1559
1.15704
1.1582
1.15938
1.16059
1.16181
1.16304
1.16428
1.16553
1.16679
1.16805
1.16931
1.17056
1.17181
1.17305
1.17428
1.17549
1.17669
1.17787
1.17903
1.18017
1.18128
1.18236
1.18341
1.18444
1.18542
1.18638
1.18729
1.18817
1.189
1.1898
1.19056
1.19127
1.19193
1.19256
1.19313
1.19366
1.19414
1.19457
1.19496
1.19529
1.19557
1.19581
1.19599
1.19612
1.19621
1.19624
1.19622
1.19616
1.19604
1.19587
1.19565
1.19538
1.19506
1.19469
1.19427
1.1938
1.19328
1.19271
1.19209
1.19142
1.1907
1.18993
1.18912
1.18826
1.18735
1.18639
1.18538
1.18433
1.18323
1.18208
1.18089
1.17965
1.17837
1.17704
1.17567
1.17426
1.17281
1.17132
1.16979
1.16822
1.16662
1.16498
1.16331
1.16161
1.15988
1.15813
1.15635
1.15455
1.15272
1.15088
1.14903
1.14717
1.14529
1.14341
1.14153
1.13965
1.13777
1.13589
1.13403
1.13218
1.13034
1.12852
1.12672
1.12495
1.1232
1.12148
1.1198
1.11814
1.11652
1.11494
1.1134
1.11189
1.11042
1.109
1.10761
1.10627
1.10497
1.10371
1.1025
1.10132
1.10019
1.09909
1.09803
1.09701
1.09602
1.09507
1.09415
1.09326
1.09239
1.09156
1.09075
1.08996
1.0892
1.08846
1.08774
1.08703
1.08634
1.08566
1.085
1.08435
1.0837
1.08307
1.08245
1.08184
1.08123
1.08064
1.08005
1.07947
1.0789
1.07835
1.0778
1.07726
1.07673
1.07622
1.07572
1.07524
1.07478
1.07434
1.07392
1.07352
1.07314
1.07279
1.07247
1.07218
1.07192
1.0717
1.07151
1.07136
1.07125
1.07119
1.07117
1.07119
1.07126
1.07138
1.07154
1.07176
1.07204
1.07236
1.07274
1.07317
1.07366
1.07421
1.07481
1.07546
1.07618
1.07694
1.07777
1.07864
1.07957
1.08056
1.08159
1.08267
1.0838
1.08498
1.08621
1.08747
1.08878
1.09013
1.09151
1.09293
1.09438
1.09586
1.09737
1.0989
1.10045
1.10202
1.10361
1.10521
1.10683
1.10845
1.11007
1.1117
1.11333
1.11496
1.11658
1.11819
1.11979
1.12138
1.12295
1.1245
1.12603
1.12754
1.12902
1.13048
1.13191
1.1333
1.13467
1.13599
1.13729
1.13854
1.13976
1.14094
1.14207
1.14316
1.14422
1.14523
1.14619
1.14711
1.14799
1.14882
1.14961
1.15035
1.15105
1.1517
1.15231
1.15288
1.15341
1.1539
1.15434
1.15475
1.15512
1.15545
1.15574
1.156
1.15623
1.15642
1.15658
1.15671
1.15682
1.15689
1.15694
1.15696
1.15695
1.15693
1.15688
1.15681
1.15672
1.15661
1.15647
1.15633
1.15616
1.15597
1.15577
1.15554
1.1553
1.15505
1.15477
1.15448
1.15417
1.15384
1.15349
1.15313
1.15274
1.15234
1.15191
1.15147
1.15101
1.15052
1.15001
1.14948
1.14893
1.14836
1.14776
1.14714
1.1465
1.14584
1.14515
1.14445
1.14372
1.14296
1.14219
1.1414
1.14059
1.13977
1.13892
1.13806
1.13719
1.13631
1.13542
1.13453
1.13363
1.13273
1.13183
1.13093
1.13004
1.12917
1.12831
1.12746
1.12664
1.12584
1.12507
1.12433
1.12363
1.12297
1.12235
1.12178
1.12126
1.12079
1.12038
1.12003
1.11974
1.11952
1.11936
1.11928
1.11926
1.11931
1.11944
1.11964
1.11992
1.12027
1.12069
1.12118
1.12175
1.12238
1.12309
1.12386
1.12469
1.12558
1.12653
1.12754
1.12859
1.1297
1.13084
1.13203
1.13325
1.13449
1.13577
1.13707
1.13838
1.1397
1.14103
1.14237
1.1437
1.14503
1.14635
1.14766
1.14894
1.15021
1.15146
1.15268
1.15387
1.15502
1.15614
1.15722
1.15826
1.15926
1.16021
1.16112
1.16198
1.16279
1.16355
1.16425
1.16491
1.16551
1.16606
1.16655
1.167
1.16738
1.16771
1.16799
1.16821
1.16838
1.1685
1.16856
1.16856
1.16852
1.16842
1.16827
1.16807
1.16782
1.16752
1.16718
1.16678
1.16634
1.16585
1.16532
1.16474
1.16412
1.16345
1.16275
1.162
1.16121
1.16038
1.15951
1.1586
1.15766
1.15669
1.15568
1.15464
1.15357
1.15246
1.15133
1.15018
1.149
1.14779
1.14656
1.14531
1.14404
1.14276
1.14146
1.14014
1.13881
1.13747
1.13613
1.13477
1.13341
1.13205
1.13069
1.12934
1.12798
1.12663
1.12529
1.12396
1.12264
1.12134
1.12006
1.11879
1.11754
1.11632
1.11513
1.11396
1.11283
1.11173
1.11066
1.10963
1.10864
1.10769
1.10678
1.10592
1.10511
1.10435
1.10363
1.10297
1.10236
1.1018
1.1013
1.10085
1.10045
1.10012
1.09983
1.09961
1.09943
1.09932
1.09926
1.09925
1.09929
1.09939
1.09954
1.09974
1.09999
1.10029
1.10063
1.10102
1.10145
1.10193
1.10244
1.10299
1.10357
1.10419
1.10484
1.10552
1.10623
1.10696
1.10771
1.10849
1.10929
1.11011
1.11094
1.11179
1.11265
1.11352
1.1144
1.11529
1.11618
1.11708
1.11798
1.11889
1.1198
1.1207
1.1216
1.12251
1.1234
1.12429
1.12518
1.12605
1.12692
1.12778
1.12863
1.12946
1.13029
1.1311
1.13189
1.13267
1.13343
1.13417
1.13489
1.1356
1.13628
1.13694
1.13758
1.1382
1.13879
1.13935
1.13988
1.14039
1.14086
1.14131
1.14172
1.14209
1.14243
1.14273
1.143
1.14322
1.1434
1.14354
1.14363
1.14368
1.14368
1.14363
1.14353
1.14339
1.14318
1.14293
1.14261
1.14224
1.14182
1.14133
1.14078
1.14017
1.1395
1.13877
1.13797
1.13711
1.13619
1.1352
1.13415
1.13304
1.13186
1.13062
1.12932
1.12796
1.12654
1.12507
1.12355
1.12197
1.12034
1.11867
1.11696
1.1152
1.11342
1.1116
1.10975
1.10789
1.10601
1.10411
1.10221
1.10032
1.09842
1.09654
1.09468
1.09284
1.09104
1.08927
1.08755
1.08588
1.08427
1.08273
1.08125
1.07986
1.07855
1.07733
1.0762
1.07518
1.07427
1.07346
1.07278
1.07221
1.07177
1.07146
1.07127
1.07122
1.07131
1.07153
1.07189
1.07239
1.07303
1.07381
1.07472
1.07576
1.07694
1.07825
1.0797
1.08126
1.08295
1.08475
1.08667
1.0887
1.09083
1.15713
1.16087
1.16221
1.16439
1.16949
1.17605
1.17975
1.17709
1.16777
1.15412
1.13916
1.12511
1.11326
1.105
1.10279
1.10908
1.1236
1.14262
1.1615
1.17781
1.19188
1.20524
1.21886
1.23231
1.24435
1.25386
1.2604
1.26413
1.26538
1.26438
1.26097
1.25479
1.24567
1.23403
1.22108
1.20851
1.19798
1.19068
1.18704
1.18653
1.18777
1.18879
1.18746
1.18203
1.17157
1.15656
1.13905
1.12209
1.1085
1.09961
1.09483
1.09236
1.09017
1.08677
1.08154
1.07484
1.06778
1.0619
1.05871
1.05924
1.06406
1.07334
1.08658
1.10256
1.11957
1.13613
1.15109
1.16358
1.17291
1.17879
1.18152
1.18196
1.18117
1.17994
1.17842
1.17598
1.17171
1.16504
1.15621
1.14623
1.13645
1.12792
1.12125
1.11667
1.11428
1.11426
1.11671
1.12125
1.12666
1.13124
1.13406
1.13556
1.13705
1.1394
1.14226
1.14446
1.14478
1.14268
1.13834
1.13262
1.12665
1.12158
1.11818
1.11671
1.11686
1.11771
1.11801
1.117
1.1151
1.11376
1.11436
1.11699
1.12041
1.1229
1.12338
1.122
1.12003
1.11916
1.12046
1.12356
1.12687
1.12866
1.12827
1.12653
1.12524
1.12622
1.13055
1.13846
1.14936
1.1621
1.17521
1.18716
1.19668
1.20302
1.20599
1.20559
1.20177
1.19434
1.18341
1.16968
1.15439
1.13894
1.12478
1.11369
1.10799
1.11001
1.12065
1.13841
1.15952
1.17963
1.19539
1.20498
1.20785
1.20422
1.19489
1.18124
1.165
1.14763
1.12987
1.1122
1.0956
1.08169
1.07205
1.06751
1.06793
1.07227
1.07887
1.08601
1.09262
1.09903
1.10699
1.11858
1.13428
1.15203
1.16819
1.17949
1.18445
1.1835
1.17843
1.17156
1.16525
1.16158
1.16213
1.16729
1.17585
1.18536
1.19316
1.1975
1.19797
1.19523
1.19049
1.18485
1.17892
1.17261
1.1654
1.15681
1.14696
1.13711
1.12998
1.12909
1.137
1.15339
1.17479
1.19639
1.21426
1.2264
1.23244
1.23291
1.22854
1.22017
1.20887
1.19612
1.18352
1.17237
1.16307
1.1547
1.14516
1.13192
1.11307
1.08812
1.0582
1.02584
0.99484
0.969858
0.95553
0.954876
0.968
0.992129
1.02288
1.05574
1.08688
1.11332
1.133
1.14499
1.14964
1.14868
1.14501
1.14216
1.14327
1.15009
1.16243
1.17846
1.19559
1.21141
1.22402
1.23215
1.23498
1.23215
1.22374
1.21032
1.1929
1.17296
1.15234
1.133
1.11665
1.10449
1.09728
1.09551
1.09925
1.10781
1.11961
1.1327
1.14556
1.15749
1.16839
1.17815
1.18627
1.19193
1.19431
1.19292
1.18779
1.17962
1.16957
1.15918
1.14986
1.14252
1.13759
1.13534
1.13623
1.14067
1.14844
1.15838
1.16862
1.17753
1.18432
1.18914
1.1923
1.19358
1.19206
1.18685
1.1779
1.16632
1.15387
1.14209
1.13181
1.12318
1.11611
1.11028
1.1052
1.10058
1.09685
1.095
1.09543
1.09686
1.09669
1.09263
1.08429
1.07355
1.06383
1.05855
1.0599
1.0683
1.0827
1.10115
1.12119
1.14023
1.15591
1.16643
1.17078
1.16887
1.16156
1.15054
1.13799
1.12598
1.11597
1.10869
1.10417
1.10209
1.10207
1.1038
1.10714
1.11186
1.11719
1.12162
1.12342
1.12163
1.11666
1.11006
1.10372
1.09904
1.09664
1.09661
1.09915
1.10482
1.11409
1.1267
1.14121
1.15516
1.16535
1.16864
1.16302
1.14838
1.12656
1.10091
1.07536
1.05351
1.03779
1.02913
1.02702
1.02983
1.03514
1.04028
1.04316
1.04318
1.0417
1.04123
1.04342
1.04753
1.05114
1.05248
1.05199
1.05207
1.05579
1.06557
1.08225
1.10478
1.13038
1.15506
1.17451
1.1851
1.1848
1.17381
1.15446
1.13091
1.10841
1.09228
1.08627
1.09097
1.10372
1.12036
1.13714
1.15148
1.16192
1.16796
1.16989
1.16856
1.16517
1.16111
1.15774
1.15625
1.15735
1.16093
1.16608
1.1714
1.17552
1.17749
1.17674
1.17272
1.16476
1.15239
1.13586
1.11658
1.0969
1.07933
1.06555
1.05597
1.05015
1.0475
1.04779
1.05137
1.05898
1.07105
1.08667
1.1035
1.11878
1.13064
1.13847
1.14246
1.14284
1.13972
1.13336
1.12465
1.11528
1.10754
1.10367
1.10521
1.11241
1.1243
1.13919
1.15549
1.17228
1.18936
1.20682
1.22448
1.24174
1.25764
1.27113
1.2813
1.28738
1.28909
1.28705
1.28284
1.27837
1.2747
1.27141
1.26725
1.26089
1.25141
1.23815
1.22061
1.1987
1.17323
1.14634
1.12133
1.10165
1.08958
1.08544
1.08796
1.09512
1.10491
1.11583
1.12699
1.13795
1.1484
1.15778
1.16501
1.16855
1.16703
1.16
1.14858
1.13537
1.12338
1.11478
1.1103
1.1096
1.1119
1.11616
1.12118
1.12599
1.13011
1.13325
1.13499
1.13462
1.13146
1.12521
1.11628
1.10601
1.0966
1.09056
1.08971
1.09436
1.10354
1.11626
1.13223
1.15141
1.17317
1.19604
1.21809
1.2377
1.25384
1.26605
1.27421
1.27835
1.27839
1.27426
1.26604
1.25409
1.23917
1.22242
1.2052
1.18882
1.17435
1.1625
1.15355
1.14731
1.14341
1.14148
1.14126
1.14254
1.14506
1.14852
1.15259
1.15676
1.1602
1.16171
1.15995
1.15402
1.14407
1.13169
1.11991
1.11232
1.11169
1.1185
1.13054
1.14394
1.15511
1.16193
1.16391
1.16156
1.15574
1.14765
1.13935
1.13394
1.13421
1.14054
1.15028
1.15965
1.16604
1.1687
1.16758
1.16214
1.15227
1.14037
1.13164
1.13004
1.13393
1.1378
1.13742
1.13245
1.12529
1.11874
1.1141
1.11093
1.10841
1.10675
1.10695
1.10987
1.11544
1.12286
1.13098
1.13852
1.14424
1.14714
1.14684
1.14374
1.13908
1.13459
1.13201
1.13264
1.13689
1.14404
1.15238
1.15967
1.16361
1.1624
1.15495
1.14106
1.1214
1.09746
1.07158
1.04673
1.02614
1.01256
1.00758
1.01136
1.02282
1.04
1.06052
1.08188
1.10173
1.11815
1.13025
1.13851
1.14412
1.14767
1.14885
1.14742
1.14411
1.14072
1.13906
1.13979
1.14225
1.14512
1.14752
1.14946
1.15175
1.15533
1.16075
1.1677
1.17494
1.18065
1.18308
1.18123
1.1753
1.16662
1.15706
1.14821
1.14071
1.13447
1.12935
1.12553
1.12322
1.12181
1.11973
1.11547
1.10902
1.10243
1.09829
1.09715
1.09699
1.09533
1.09143
1.0868
1.08407
1.08552
1.09214
1.10333
1.11726
1.13121
1.14238
1.14847
1.14827
1.14182
1.13032
1.11581
1.10086
1.08807
1.07944
1.07592
1.0772
1.08201
1.08842
1.09438
1.09826
1.0994
1.09848
1.09749
1.09904
1.1053
1.11693
1.13261
1.14954
1.16447
1.17464
1.17822
1.17425
1.16273
1.14481
1.12322
1.10201
1.08544
1.07632
1.07508
1.08024
1.08939
1.10013
1.11043
1.11887
1.1248
1.12856
1.13164
1.1364
1.14488
1.15729
1.1721
1.18754
1.20268
1.21727
1.23106
1.24341
1.25322
1.25922
1.26041
1.25639
1.24759
1.23506
1.22008
1.20366
1.18627
1.16802
1.14896
1.12936
1.10981
1.09131
1.07521
1.06301
1.05598
1.05469
1.0587
1.06659
1.07616
1.08514
1.09178
1.09519
1.09528
1.09264
1.08825
1.08327
1.07866
1.07514
1.07318
1.07308
1.07502
1.07908
1.08534
1.09393
1.10473
1.11706
1.12953
1.14037
1.14802
1.15158
1.151
1.14709
1.14147
1.13624
1.13327
1.13344
1.1365
1.14175
1.14894
1.15834
1.17001
1.18294
1.19521
1.20473
1.21005
1.21082
1.20782
1.2025
1.19648
1.19102
1.18676
1.18369
1.18124
1.17837
1.17394
1.16699
1.15723
1.14511
1.13175
1.11874
1.10793
1.10109
1.09962
1.10383
1.11256
1.12326
1.13285
1.13879
1.14002
1.13718
1.1324
1.12853
1.12799
1.13177
1.13911
1.14798
1.15604
1.16159
1.1641
1.16412
1.16255
1.15999
1.15658
1.15223
1.14696
1.14107
1.135
1.12926
1.12421
1.11996
1.11627
1.11256
1.10827
1.10306
1.09704
1.09074
1.08466
1.07899
1.07359
1.06849
1.0646
1.06369
1.06746
1.07623
1.08859
1.10215
1.11465
1.12468
1.13178
1.13612
1.13812
1.13816
1.13657
1.13376
1.13027
1.12681
1.12407
1.12237
1.12141
1.12035
1.11832
1.115
1.11092
1.10719
1.10487
1.10433
1.1052
1.1069
1.10933
1.1131
1.11929
1.12869
1.14096
1.15437
1.1665
1.17508
1.17863
1.17659
1.16918
1.15729
1.14225
1.12563
1.10871
1.0922
1.07634
1.06144
1.04815
1.03752
1.03063
1.0283
1.03087
1.03791
1.04832
1.06061
1.07352
1.0863
1.09851
1.10975
1.11942
1.12695
1.13206
1.13474
1.135
1.13264
1.12729
1.11882
1.10772
1.09524
1.083
1.07248
1.06446
1.05875
1.0544
1.05015
1.04505
1.03903
1.03301
1.02863
1.02759
1.0308
1.03786
1.04719
1.05655
1.0639
1.06776
1.06734
1.06253
1.0537
1.04181
1.02874
1.01732
1.01064
1.01095
1.01886
1.03327
1.05187
1.07197
1.09127
1.10827
1.12237
1.13368
1.14267
1.15011
1.15731
1.16589
1.17696
1.18999
1.20271
1.2121
1.21587
1.21343
1.20589
1.19533
1.1839
1.17313
1.16388
1.15669
1.152
1.1499
1.14967
1.14965
1.14784
1.14298
1.13507
1.12528
1.11533
1.10673
1.10034
1.09629
1.09415
1.09324
1.09303
1.09344
1.09483
1.09802
1.10397
1.11355
1.12715
1.14449
1.16455
1.18577
1.20619
1.22365
1.23615
1.24249
1.24271
1.23813
1.23077
1.22248
1.21408
1.20526
1.19526
1.18391
1.17222
1.16219
1.15588
1.15448
1.15764
1.16366
1.17016
1.17489
1.17633
1.17392
1.16794
1.15946
1.1502
1.14211
1.13671
1.1344
1.13437
1.13538
1.13691
1.13923
1.14253
1.14591
1.14781
1.14746
1.14556
1.14404
1.14483
1.14902
1.15644
1.16602
1.17612
1.18498
1.191
1.19303
1.19061
1.18405
1.17446
1.16353
1.15298
1.14401
1.13673
1.13021
1.12297
1.11391
1.10306
1.0919
1.08294
1.07856
1.08
1.08695
1.09809
1.11183
1.12658
1.14074
1.15271
1.16104
1.16471
1.16317
1.15634
1.14477
1.13011
1.11563
1.10583
1.10468
1.1132
1.12885
1.14701
1.16329
1.17482
1.18042
1.17998
1.17423
1.16483
1.1543
1.145
1.1381
1.13316
1.12875
1.12326
1.11566
1.10611
1.09618
1.08826
1.08396
1.0831
1.08411
1.08549
1.08706
1.09022
1.09769
1.11242
1.13557
1.16513
1.19656
1.2249
1.24643
1.25912
1.26238
1.25678
1.2438
1.22579
1.20607
1.18906
1.17953
1.1802
1.18977
1.20386
1.21776
1.2281
1.23299
1.23143
1.2231
1.20842
1.18874
1.16641
1.14461
1.1265
1.11413
1.10776
1.10598
1.10665
1.10797
1.10903
1.10966
1.11001
1.11042
1.11138
1.11368
1.11828
1.12568
1.1352
1.14466
1.15129
1.15295
1.14898
1.1402
1.12843
1.11617
1.10637
1.10206
1.10554
1.11737
1.13595
1.15821
1.18071
1.2005
1.21562
1.22536
1.23014
1.23106
1.22909
1.22455
1.21725
1.20692
1.19346
1.17716
1.15895
1.14102
1.1276
1.12413
1.13324
1.15155
1.17208
1.18924
1.20071
1.20646
1.20744
1.20472
1.19923
1.19174
1.18301
1.17385
1.16492
1.15633
1.14778
1.13913
1.13107
1.12476
1.12102
1.11978
1.11999
1.12031
1.1196
1.1172
1.11302
1.10746
1.10137
1.09581
1.092
1.09094
1.09308
1.09785
1.10377
1.10896
1.11211
1.11334
1.1144
1.11806
1.1266
1.14039
1.15746
1.1747
1.18933
1.19972
1.20533
1.20623
1.20276
1.19549
1.18526
1.17346
1.16176
1.15174
1.14453
1.1406
1.14006
1.14282
1.14849
1.15644
1.16567
1.17504
1.18348
1.18998
1.1938
1.19438
1.19158
1.18576
1.17787
1.16939
1.16198
1.15698
1.15506
1.15598
1.15881
1.16206
1.16386
1.16222
1.15542
1.14254
1.12383
1.10069
1.0755
1.05158
1.03294
1.02345
1.02526
1.0374
1.0561
1.07672
1.09555
1.11048
1.12097
1.12773
1.13213
1.13588
1.14065
1.14759
1.15671
1.16689
1.17632
1.18326
1.18644
1.18521
1.1794
1.16932
1.15593
1.14081
1.12586
1.11288
1.10326
1.09793
1.09729
1.10092
1.10742
1.1149
1.12192
1.12813
1.13401
1.14024
1.14698
1.15391
1.16047
1.1663
1.17141
1.17602
1.18035
1.18427
1.18734
1.18915
1.18963
1.18915
1.18811
1.18644
1.18333
1.17743
1.16728
1.15181
1.13099
1.10605
1.0795
1.05482
1.03587
1.02608
1.0274
1.03951
1.05986
1.08475
1.11061
1.13498
1.15642
1.17415
1.18764
1.19654
1.20079
1.20084
1.19765
1.19265
1.18751
1.18379
1.18249
1.18377
1.18688
1.19045
1.19283
1.19222
1.18704
1.17637
1.16046
1.14095
1.12052
1.10184
1.08663
1.07558
1.06914
1.06816
1.07369
1.08609
1.10417
1.12515
1.14589
1.16409
1.17868
1.18942
1.19648
1.20012
1.2008
1.19915
1.1958
1.19106
1.18481
1.17684
1.16746
1.15786
1.14984
1.145
1.14397
1.14641
1.15134
1.15762
1.164
1.16922
1.17218
1.17224
1.16939
1.16415
1.15734
1.1499
1.14275
1.13663
1.13187
1.12817
1.12482
1.12135
1.11814
1.1163
1.11687
1.11999
1.12488
1.13051
1.13601
1.1405
1.14284
1.1416
1.13529
1.12305
1.10589
1.08763
1.07401
1.07027
1.0785
1.097
1.12178
1.14856
1.17404
1.19624
1.21438
1.2284
1.23863
1.24551
1.24933
1.25013
1.24779
1.24235
1.23441
1.22522
1.21615
1.20781
1.19985
1.19162
1.18319
1.17552
1.16962
1.16569
1.16283
1.15975
1.1555
1.15001
1.14402
1.13893
1.1363
1.13727
1.14202
1.1498
1.15929
1.16923
1.17854
1.18627
1.19133
1.19273
1.19002
1.18387
1.1761
1.16934
1.1662
1.16852
1.17671
1.18985
1.20603
1.22302
1.23869
1.25123
1.25916
1.26122
1.25654
1.24495
1.22764
1.20744
1.18828
1.17343
1.16401
1.15921
1.15757
1.15794
1.1597
1.16279
1.16731
1.17318
1.17995
1.18696
1.19373
1.2002
1.20662
1.21295
1.21831
1.22102
1.21944
1.21315
1.20355
1.19334
1.18538
1.18156
1.18232
1.1871
1.19491
1.20452
1.2143
1.22217
1.22607
1.22471
1.21797
1.20702
1.19405
1.18177
1.17268
1.16851
1.16982
1.17613
1.18629
1.19898
1.21288
1.22661
1.2386
1.2472
1.25111
1.24982
1.24385
1.2345
1.22355
1.21273
1.20314
1.19515
1.18857
1.18305
1.17798
1.1725
1.16601
1.15871
1.15159
1.14577
1.14185
1.13963
1.1385
1.13781
1.13709
1.13613
1.13487
1.13327
1.13132
1.12915
1.12721
1.12641
1.12787
1.13224
1.13909
1.14685
1.15357
1.15765
1.15848
1.15658
1.15342
1.15077
1.14948
1.14871
1.14604
1.13887
1.12586
1.10774
1.08713
1.06786
1.05382
1.04794
1.05166
1.06478
1.08536
1.11005
1.13464
1.15491
1.16749
1.17052
1.1641
1.15041
1.13299
1.11538
1.09973
1.08663
1.07569
1.06642
1.05849
1.05176
1.04628
1.04225
1.03975
1.03859
1.03838
1.03892
1.04034
1.04305
1.04723
1.05272
1.05919
1.06652
1.07477
1.08384
1.09314
1.10139
1.10709
1.10892
1.10624
1.09924
1.08904
1.07746
1.06666
1.05865
1.05491
1.05624
1.06274
1.07384
1.08829
1.10423
1.11965
1.13276
1.14256
1.14897
1.15266
1.15449
1.15511
1.15479
1.15359
1.15154
1.14853
1.14426
1.13841
1.13087
1.122
1.11266
1.10403
1.09742
1.09394
1.09418
1.09823
1.10566
1.11597
1.12888
1.14445
1.16267
1.18299
1.20414
1.22429
1.24137
1.25346
1.25905
1.2573
1.24823
1.23294
1.21353
1.1928
1.17356
1.15779
1.14598
1.13728
1.13007
1.12286
1.11492
1.10652
1.09863
1.09244
1.08876
1.08775
1.08877
1.09067
1.09208
1.09202
1.09032
1.08767
1.08529
1.08428
1.08542
1.08908
1.09549
1.10458
1.11558
1.12686
1.1361
1.14093
1.13946
1.13066
1.11493
1.09481
1.07514
1.06205
1.06051
1.07203
1.09419
1.12248
1.15284
1.18293
1.21174
1.23833
1.26125
1.27875
1.28947
1.29301
1.29008
1.28224
1.27134
1.25926
1.24786
1.23883
1.23331
1.23156
1.23314
1.23701
1.24162
1.245
1.24502
1.23966
1.22736
1.20748
1.18105
1.15162
1.12509
1.10746
1.10151
1.10563
1.11594
1.1289
1.14242
1.15554
1.16774
1.17833
1.18637
1.19078
1.19087
1.18677
1.17972
1.17173
1.16494
1.16083
1.15989
1.16179
1.16576
1.1711
1.17734
1.18416
1.19122
1.19795
1.2033
1.20587
1.20418
1.1972
1.18466
1.16729
1.14674
1.12552
1.10669
1.09356
1.08911
1.0952
1.11185
1.13684
1.16596
1.19414
1.21721
1.23308
1.24202
1.24596
1.24725
1.2476
1.24758
1.24687
1.24491
1.24144
1.23673
1.23146
1.22646
1.2224
1.21964
1.21821
1.218
1.21886
1.22062
1.22294
1.22523
1.22671
1.2268
1.22545
1.22326
1.22138
1.22102
1.22302
1.22732
1.23293
1.23834
1.24179
1.24161
1.2363
1.22472
1.20661
1.18304
1.1565
1.1301
1.10637
1.08679
1.07216
1.06316
1.06053
1.06482
1.07586
1.09215
1.11096
1.12932
1.14513
1.15775
1.16778
1.17639
1.18454
1.19257
1.20019
1.20652
1.21037
1.21072
1.20763
1.2027
1.19786
1.19338
1.18721
1.17647
1.15978
1.13879
1.11826
1.10454
1.10246
1.11261
1.13112
1.15193
1.16936
1.17954
1.18078
1.17331
1.15879
1.1399
1.11996
1.10268
1.09161
1.08929
1.09639
1.11123
1.13021
1.14877
1.16268
1.16906
1.16678
1.15653
1.14043
1.1216
1.10331
1.08801
1.07679
1.06953
1.06574
1.0649
1.06625
1.06855
1.07047
1.07151
1.07254
1.07554
1.08258
1.09484
1.11217
1.13327
1.15608
1.17815
1.197
1.21049
1.21726
1.2169
1.21001
1.19797
1.18265
1.16594
1.14936
1.13384
1.11966
1.10682
1.09549
1.08631
1.08021
1.07785
1.079
1.08256
1.08714
1.09185
1.09651
1.10144
1.10675
1.11216
1.11701
1.12045
1.12137
1.11871
1.11181
1.10096
1.08747
1.0734
1.06083
1.05132
1.04567
1.044
1.04617
1.05192
1.06067
1.07124
1.08192
1.09085
1.09675
1.09923
1.09872
1.09603
1.09199
1.08727
1.08264
1.07912
1.07798
1.07993
1.08424
1.08878
1.09148
1.09218
1.09328
1.09802
1.10758
1.11968
1.13001
1.13485
1.13253
1.12382
1.1116
1.09973
1.09127
1.08688
1.0847
1.08179
1.07598
1.06696
1.05611
1.04567
1.03796
1.03509
1.03924
1.05183
1.07195
1.09576
1.1181
1.13459
1.14293
1.14325
1.13798
1.13113
1.12667
1.12664
1.13062
1.13658
1.14221
1.14537
1.14438
1.13854
1.1286
1.11676
1.10589
1.09842
1.09594
1.09934
1.10879
1.12333
1.14064
1.15734
1.16992
1.17562
1.17302
1.16208
1.14385
1.1202
1.09369
1.0674
1.04449
1.02767
1.01873
1.01869
1.02808
1.0469
1.07377
1.1054
1.13715
1.16455
1.18459
1.1962
1.19992
1.19735
1.19047
1.18127
1.17151
1.16257
1.15547
1.15088
1.14896
1.1492
1.15069
1.15275
1.15532
1.15873
1.16306
1.16774
1.17177
1.17432
1.17518
1.17472
1.17349
1.17159
1.1684
1.16291
1.15438
1.1431
1.13087
1.12072
1.11579
1.11782
1.12649
1.13973
1.15464
1.16824
1.17812
1.18282
1.18197
1.17608
1.16641
1.15475
1.14336
1.13471
1.13099
1.13344
1.14192
1.15501
1.17064
1.18679
1.20183
1.2145
1.22395
1.22976
1.23202
1.23139
1.22886
1.22544
1.22184
1.21828
1.21449
1.21009
1.20489
1.19913
1.19355
1.18897
1.18565
1.18285
1.17914
1.17325
1.16471
1.15387
1.14173
1.12978
1.11994
1.1146
1.116
1.12498
1.13999
1.15731
1.17256
1.18255
1.1863
1.18503
1.18115
1.17679
1.17294
1.16957
1.16647
1.16357
1.16081
1.15786
1.15461
1.15184
1.15124
1.15429
1.16107
1.1704
1.18093
1.19193
1.20318
1.21435
1.22457
1.2324
1.23609
1.23413
1.22571
1.21099
1.19113
1.16844
1.14603
1.12696
1.11292
1.10348
1.09667
1.09044
1.08392
1.07754
1.07244
1.06968
1.06966
1.07214
1.07641
1.08167
1.08723
1.09244
1.09677
1.09987
1.10158
1.10192
1.10104
1.09921
1.09678
1.09431
1.09257
1.09233
1.09392
1.0968
1.09976
1.10162
1.10165
1.09961
1.09557
1.08982
1.08294
1.07596
1.0703
1.06764
1.06944
1.07642
1.0882
1.10335
1.12007
1.13676
1.15226
1.16568
1.17626
1.1834
1.18685
1.18674
1.18354
1.1781
1.17174
1.16598
1.16215
1.16101
1.1626
1.16632
1.17109
1.17579
1.17955
1.18197
1.18304
1.18308
1.18267
1.18253
1.18329
1.18511
1.18749
1.18934
1.1894
1.18669
1.18083
1.17197
1.16054
1.14708
1.1326
1.11928
1.11075
1.11055
1.11895
1.13221
1.14539
1.1556
1.16287
1.16891
1.17519
1.18192
1.18845
1.19416
1.19892
1.20293
1.20636
1.20923
1.2116
1.21371
1.21589
1.21832
1.22103
1.22409
1.2276
1.23132
1.23453
1.23618
1.23537
1.23163
1.22494
1.21556
1.20388
1.19045
1.17646
1.16404
1.15614
1.15545
1.16299
1.17729
1.19494
1.21204
1.22546
1.23358
1.23641
1.2355
1.23321
1.23159
1.23129
1.23124
1.22941
1.22386
1.21348
1.19837
1.17981
1.15982
1.14041
1.12266
1.10647
1.09115
1.07663
1.06392
1.05457
1.04967
1.04946
1.05368
1.06189
1.07356
1.0881
1.10514
1.12445
1.14533
1.16628
1.18547
1.20157
1.21408
1.22315
1.22932
1.23309
1.23468
1.23366
1.22897
1.21909
1.2026
1.17896
1.14916
1.11593
1.08303
1.05405
1.03114
1.01475
1.0044
0.99996
1.00205
1.01143
1.02808
1.05087
1.07788
1.10682
1.13528
1.16099
1.1821
1.19726
1.20564
1.20692
1.20135
1.18971
1.17323
1.15338
1.13186
1.11051
1.09118
1.07549
1.06454
1.05854
1.0565
1.05638
1.05681
1.05914
1.0681
1.08869
1.12097
1.15845
1.19243
1.21721
1.23206
1.23972
1.24343
1.24481
1.24388
1.24023
1.23374
1.22503
1.21521
1.20542
1.19632
1.18789
1.17991
1.17256
1.1669
1.16465
1.16691
1.17274
1.17898
1.1818
1.17874
1.16971
1.1567
1.14267
1.13054
1.12261
1.12035
1.12398
1.13219
1.14246
1.15219
1.16001
1.16645
1.17345
1.18288
1.19506
1.20853
1.22113
1.23111
1.23729
1.23883
1.23518
1.22649
1.21398
1.19986
1.18669
1.17643
1.16991
1.16689
1.1666
1.16807
1.17016
1.17156
1.17116
1.16841
1.16378
1.15861
1.15456
1.15267
1.15274
1.15343
1.15325
1.15167
1.14941
1.14785
1.14814
1.15046
1.15399
1.15749
1.16002
1.16127
1.16153
1.16144
1.16192
1.16419
1.16934
1.17735
1.18652
1.19412
1.198
1.19778
1.19473
1.19085
1.18791
1.18687
1.18774
1.1897
1.19151
1.19185
1.18982
1.18488
1.17669
1.16488
1.14916
1.12973
1.1079
1.08633
1.06852
1.0572
1.05254
1.05177
1.05085
1.0467
1.03848
1.02762
1.01686
1.00904
1.0062
1.00908
1.01723
1.02924
1.04303
1.05636
1.06771
1.07681
1.08473
1.09306
1.10277
1.11339
1.12304
1.12917
1.12951
1.12281
1.10917
1.08989
1.06732
1.04482
1.02653
1.01593
1.0139
1.01819
1.0251
1.03186
1.03773
1.0436
1.05095
1.06094
1.074
1.08979
1.10721
1.12465
1.14029
1.15257
1.16029
1.1626
1.15891
1.14915
1.1342
1.11641
1.09933
1.08717
1.08342
1.08901
1.10151
1.11659
1.13032
1.14037
1.14603
1.14773
1.14661
1.14418
1.14205
1.14131
1.14199
1.14281
1.14177
1.13702
1.12781
1.11496
1.10047
1.08649
1.0743
1.06426
1.05656
1.05157
1.04926
1.04879
1.04882
1.04863
1.04881
1.05115
1.05783
1.07007
1.08742
1.10789
1.12877
1.14751
1.16237
1.17258
1.17826
1.18001
1.17849
1.17423
1.16764
1.15912
1.1491
1.13798
1.1262
1.11466
1.10532
1.10127
1.10554
1.11946
1.14173
1.16851
1.19448
1.21462
1.226
1.22811
1.22222
1.2103
1.19434
1.1763
1.15852
1.14345
1.13271
1.12664
1.12485
1.12705
1.13324
1.14301
1.15493
1.16674
1.17614
1.18164
1.18273
1.17954
1.17241
1.16171
1.148
1.13233
1.11623
1.10166
1.09059
1.08481
1.0854
1.0925
1.10516
1.12153
1.13914
1.15525
1.16725
1.17318
1.1723
1.16526
1.15395
1.141
1.129
1.11969
1.11343
1.10935
1.10631
1.10394
1.10316
1.10578
1.11342
1.12628
1.14275
1.15989
1.17456
1.18435
1.18822
1.18664
1.18145
1.17525
1.17059
1.16912
1.17104
1.17537
1.18038
1.18411
1.18478
1.18107
1.17232
1.15872
1.14132
1.12205
1.10351
1.08869
1.08035
1.08023
1.08854
1.10386
1.12371
1.14555
1.16728
1.18748
1.20521
1.21974
1.23029
1.23613
1.23677
1.23225
1.22334
1.21148
1.19866
1.18703
1.1784
1.17385
1.17337
1.17614
1.18116
1.18769
1.19517
1.20283
1.20946
1.21378
1.21519
1.21429
1.21253
1.21144
1.21189
1.21375
1.21612
1.2176
1.21677
1.21264
1.20506
1.19469
1.18265
1.1699
1.1566
1.14227
1.12675
1.11267
1.1066
1.11465
1.13512
1.15941
1.17993
1.19394
1.20169
1.20408
1.20181
1.19577
1.18743
1.17875
1.17181
1.16852
1.17052
1.17848
1.19127
1.2056
1.21695
1.22113
1.21554
1.20017
1.17807
1.15439
1.13353
1.11718
1.10601
1.10218
1.10869
1.12605
1.1504
1.17555
1.19655
1.21145
1.22086
1.2269
1.23195
1.23769
1.24455
1.25171
1.25756
1.26029
1.25852
1.25154
1.23939
1.22269
1.20236
1.17958
1.15585
1.13319
1.11402
1.10065
1.09459
1.0961
1.10426
1.11746
1.13383
1.15152
1.16874
1.18384
1.19553
1.20302
1.20601
1.20463
1.19938
1.191
1.1805
1.16924
1.15904
1.15196
1.14962
1.15238
1.15898
1.16715
1.17481
1.18117
1.18685
1.19292
1.19965
1.20617
1.21122
1.214
1.21451
1.21314
1.21026
1.2062
1.20133
1.19614
1.19113
1.18654
1.18234
1.1784
1.17465
1.17122
1.16844
1.16669
1.16632
1.16738
1.16961
1.17248
1.17522
1.1768
1.17617
1.17263
1.16619
1.15739
1.14677
1.13428
1.11924
1.10106
1.07998
1.05755
1.03615
1.01796
1.004
0.994164
0.988056
0.985711
0.987478
0.993473
1.00314
1.01538
1.02911
1.04349
1.05794
1.07168
1.08359
1.09236
1.09699
1.09727
1.09396
1.08867
1.08363
1.08112
1.08303
1.09018
1.10169
1.11492
1.12645
1.13343
1.13456
1.13012
1.1214
1.10994
1.09724
1.08494
1.07503
1.06982
1.07142
1.08087
1.09742
1.1185
1.14074
1.16118
1.17791
1.18994
1.19692
1.19884
1.196
1.18911
1.1793
1.16795
1.15671
1.14719
1.14048
1.13653
1.13394
1.13047
1.12415
1.1146
1.10399
1.09692
1.09787
1.10752
1.12214
1.13686
1.14868
1.15682
1.16179
1.16445
1.16548
1.16523
1.16389
1.16193
1.16032
1.16037
1.1631
1.16861
1.17597
1.18356
1.18973
1.19319
1.1932
1.18956
1.18251
1.17276
1.16134
1.14944
1.13826
1.12858
1.12086
1.11537
1.11261
1.11313
1.11677
1.12215
1.12729
1.131
1.13365
1.13673
1.14154
1.14824
1.15566
1.16203
1.16583
1.16648
1.16454
1.16134
1.15842
1.15678
1.15645
1.15641
1.15508
1.15096
1.14303
1.13108
1.11583
1.09892
1.08268
1.06958
1.06152
1.05924
1.06238
1.06986
1.08038
1.09254
1.10475
1.11541
1.12331
1.12808
1.13007
1.13001
1.12839
1.12517
1.11997
1.11258
1.1034
1.09354
1.08449
1.07772
1.07417
1.07385
1.07588
1.07886
1.08159
1.08332
1.08379
1.08316
1.08243
1.08357
1.08897
1.0997
1.1145
1.13073
1.14595
1.15867
1.16798
1.17347
1.17518
1.1737
1.17004
1.16524
1.16024
1.15569
1.15186
1.14861
1.14557
1.14256
1.1403
1.14069
1.14604
1.15745
1.17382
1.19241
1.21025
1.2252
1.23602
1.24204
1.24276
1.23787
1.22744
1.21215
1.19331
1.17261
1.15182
1.1326
1.11622
1.10352
1.09501
1.09104
1.09163
1.09626
1.10366
1.11173
1.1179
1.11965
1.11517
1.10383
1.08673
1.06684
1.04852
1.03596
1.03144
1.03487
1.04471
1.05901
1.07602
1.0943
1.1128
1.131
1.14896
1.16706
1.18558
1.20417
1.22158
1.2357
1.24389
1.24357
1.23289
1.21148
1.18091
1.14458
1.10674
1.07112
1.04027
1.01609
1.00063
0.996057
1.00357
1.02214
1.04814
1.07643
1.10199
1.12097
1.13111
1.13237
1.12797
1.12388
1.12475
1.12998
1.1356
1.13898
1.14035
1.14108
1.14174
1.14153
1.13907
1.13367
1.12579
1.11663
1.10704
1.09689
1.0854
1.07279
1.06185
1.0579
1.06588
1.08636
1.1144
1.14285
1.16651
1.18379
1.19589
1.2052
1.21406
1.22409
1.23588
1.2489
1.26173
1.27247
1.27922
1.28036
1.27472
1.26167
1.24119
1.21387
1.181
1.14449
1.10675
1.07034
1.03758
1.01039
0.990461
0.979472
0.979058
0.990072
1.01168
1.04099
1.07365
1.10514
1.13187
1.15156
1.16293
1.16534
1.15869
1.14369
1.12214
1.09727
1.07356
1.05595
1.04818
1.05111
1.06231
1.07763
1.09298
1.10544
1.11359
1.11777
1.12001
1.12322
1.12963
1.13907
1.14902
1.15647
1.15971
1.15867
1.15407
1.1466
1.13655
1.1241
1.10984
1.09505
1.08172
1.07198
1.06725
1.06752
1.07127
1.07622
1.08032
1.08243
1.08243
1.08105
1.07961
1.07957
1.08192
1.08665
1.09279
1.09909
1.10485
1.11022
1.11582
1.12211
1.12895
1.13566
1.14133
1.14505
1.14609
1.14412
1.13945
1.13305
1.12648
1.12149
1.11955
1.12138
1.12668
1.13435
1.14306
1.15187
1.16052
1.16934
1.17879
1.18902
1.19953
1.20921
1.21656
1.22031
1.21984
1.21557
1.20891
1.20188
1.19627
1.19277
1.19044
1.18711
1.18073
1.17163
1.16414
1.16414
1.17254
1.18336
1.18948
1.18778
1.17886
1.16481
1.14777
1.12956
1.11195
1.09682
1.08583
1.0799
1.07879
1.08121
1.08551
1.09037
1.0952
1.0999
1.10443
1.10828
1.11074
1.11182
1.11334
1.11817
1.12729
1.13755
1.14369
1.14244
1.13472
1.12488
1.11833
1.11867
1.12573
1.13615
1.14564
1.15111
1.15146
1.14725
1.14002
1.13162
1.12376
1.11775
1.11437
1.11384
1.1157
1.11891
1.12219
1.12418
1.1238
1.12058
1.11481
1.10777
1.10131
1.09704
1.09555
1.09643
1.0987
1.10154
1.10442
1.10719
1.10985
1.11246
1.11515
1.11821
1.12211
1.12721
1.13346
1.14017
1.14635
1.15112
1.15425
1.15636
1.15882
1.16324
1.17077
1.18142
1.19384
1.20564
1.21415
1.21715
1.21349
1.20332
1.18808
1.17008
1.15191
1.13566
1.12253
1.11275
1.10585
1.10105
1.09771
1.09576
1.09591
1.09943
1.10723
1.11922
1.13437
1.15124
1.16839
1.18448
1.1982
1.20853
1.21484
1.21695
1.21493
1.209
1.1998
1.18878
1.17819
1.17039
1.1667
1.1666
1.16803
1.16832
1.16513
1.15725
1.14477
1.12883
1.11091
1.09232
1.07436
1.05869
1.04703
1.0404
1.03867
1.04099
1.0467
1.05577
1.06837
1.08392
1.10061
1.11596
1.12782
1.13478
1.13632
1.13271
1.12512
1.11553
1.10647
1.10035
1.09852
1.10072
1.10549
1.11115
1.11658
1.12127
1.12504
1.1279
1.13007
1.13223
1.1354
1.14074
1.14917
1.16097
1.17556
1.19175
1.20806
1.22317
1.23616
1.24652
1.25418
1.25932
1.26214
1.2627
1.26104
1.25735
1.25215
1.24617
1.24015
1.23468
1.23032
1.22758
1.22669
1.22726
1.22823
1.22824
1.22608
1.22092
1.2125
1.20115
1.18739
1.17122
1.15221
1.13029
1.10625
1.08133
1.05641
1.03176
1.00761
0.984672
0.964186
0.947506
0.936204
0.932954
0.941795
0.966121
1.00523
1.05328
1.10229
1.14581
1.18041
1.20508
1.22025
1.22699
1.22682
1.22163
1.21378
1.20591
1.20043
1.19875
1.20089
1.20564
1.2113
1.21619
1.21904
1.21885
1.21497
1.2072
1.19591
1.18218
1.16776
1.15486
1.14565
1.14149
1.14231
1.14689
1.15369
1.16151
1.16959
1.1772
1.18337
1.1869
1.18655
1.18154
1.17196
1.15898
1.14456
1.13076
1.11912
1.11032
1.10425
1.10016
1.09704
1.09406
1.09113
1.08902
1.08933
1.09376
1.10334
1.11799
1.13648
1.15686
1.17691
1.19468
1.20863
1.21767
1.22098
1.21809
1.20901
1.19441
1.17562
1.15449
1.13303
1.11304
1.09568
1.08131
1.06987
1.06148
1.05674
1.05639
1.06052
1.06823
1.07787
1.0877
1.09638
1.10319
1.10799
1.11116
1.1137
1.11722
1.12355
1.13406
1.1489
1.16684
1.18556
1.20241
1.215
1.22164
1.22145
1.21434
1.20091
1.18235
1.16041
1.13736
1.11566
1.09747
1.08374
1.07384
1.06583
1.05761
1.04813
1.03801
1.02876
1.02132
1.01556
1.01115
1.00855
1.00876
1.01253
1.02009
1.03126
1.04532
1.06083
1.07593
1.08901
1.09961
1.10859
1.11751
1.12743
1.13813
1.14836
1.15713
1.16448
1.17129
1.17845
1.18639
1.19501
1.20386
1.2122
1.21885
1.22235
1.22134
1.21514
1.20403
1.18929
1.17273
1.15609
1.14064
1.1272
1.11653
1.10959
1.10764
1.11177
1.12245
1.13884
1.15869
1.17885
1.19625
1.20884
1.21608
1.21879
1.21885
1.21861
1.22026
1.22527
1.23392
1.24528
1.25736
1.26764
1.27369
1.27392
1.268
1.25721
1.24419
1.23211
1.22286
1.21621
1.21076
1.206
1.20293
1.20268
1.20489
1.20791
1.21028
1.21176
1.21284
1.21381
1.2143
1.21371
1.21176
1.20859
1.20433
1.19876
1.19151
1.18257
1.17257
1.16264
1.15395
1.14732
1.14303
1.14089
1.14036
1.14081
1.14153
1.14175
1.14066
1.13752
1.13187
1.12361
1.1129
1.10036
1.08729
1.0758
1.0683
1.06651
1.07068
1.07959
1.09125
1.10385
1.1163
1.12841
1.1404
1.1523
1.16364
1.17341
1.18034
1.18324
1.18133
1.17444
1.16307
1.14837
1.13194
1.11562
1.10115
1.09011
1.08392
1.08336
1.08818
1.09746
1.11032
1.12579
1.14221
1.1574
1.16964
1.17854
1.18486
1.18979
1.19437
1.19938
1.20546
1.21282
1.22112
1.22937
1.23632
1.2407
1.24148
1.23801
1.23013
1.21823
1.20303
1.18532
1.16577
1.14507
1.12416
1.10446
1.08766
1.0751
1.06738
1.06449
1.06621
1.07209
1.08076
1.08982
1.09685
1.10054
1.10125
1.10072
1.10132
1.10523
1.11376
1.12696
1.14368
1.16185
1.1791
1.19334
1.20322
1.20819
1.20827
1.20379
1.19526
1.18348
1.16961
1.15503
1.14123
1.12973
1.12199
1.11895
1.12068
1.12619
1.134
1.14262
1.15082
1.15773
1.16276
1.16551
1.16541
1.16172
1.15363
1.14046
1.12186
1.09823
1.07111
1.0433
1.01839
0.999791
0.989715
0.98866
0.995564
1.00852
1.02551
1.04455
1.06366
1.08065
1.09324
1.09935
1.09756
1.08771
1.07152
1.05271
1.03605
1.02566
1.02338
1.02845
1.03842
1.05054
1.06272
1.07382
1.0836
1.09237
1.10064
1.10881
1.11686
1.12434
1.13052
1.13475
1.137
1.13815
1.13954
1.14177
1.144
1.14472
1.14323
1.14017
1.13693
1.13474
1.13413
1.13479
1.13581
1.13603
1.13435
1.13013
1.12331
1.11448
1.10489
1.0963
1.09066
1.08941
1.093
1.10101
1.11248
1.1263
1.1411
1.15544
1.16803
1.17823
1.18617
1.19255
1.19811
1.20317
1.20741
1.21013
1.2106
1.20855
1.20437
1.19894
1.19336
1.18855
1.18493
1.18231
1.17991
1.17664
1.17141
1.16357
1.15327
1.14152
1.13003
1.1208
1.11557
1.11544
1.12059
1.13021
1.14254
1.15532
1.16666
1.17576
1.18309
1.18963
1.19584
1.20098
1.20333
1.20092
1.19214
1.17609
1.15274
1.12302
1.08915
1.05476
1.02444
1.00261
0.991939
0.992505
1.00227
1.01832
1.0378
1.0583
1.07782
1.0948
1.10814
1.11738
1.12279
1.12525
1.12578
1.1251
1.12329
1.12011
1.11602
1.11325
1.11535
1.1246
1.13961
1.15634
1.17122
1.18273
1.19112
1.1975
1.20313
1.20894
1.21525
1.22174
1.22769
1.23235
1.23514
1.23559
1.23332
1.22796
1.21914
1.20652
1.19001
1.17008
1.1483
1.12769
1.11236
1.10621
1.11113
1.12613
1.14813
1.17356
1.19951
1.22392
1.24523
1.26193
1.27246
1.27541
1.27005
1.25708
1.23892
1.21935
1.20212
1.1894
1.1811
1.17524
1.16898
1.15974
1.14616
1.12877
1.10991
1.09301
1.08149
1.07786
1.08314
1.09677
1.11686
1.14075
1.16565
1.18884
1.20745
1.2185
1.21954
1.20962
1.19006
1.16459
1.13841
1.11628
1.10079
1.0919
1.08789
1.08664
1.08654
1.08665
1.08647
1.08551
1.08322
1.07947
1.0752
1.07258
1.07378
1.07936
1.08749
1.09503
1.09933
1.09984
1.09888
1.10074
1.10918
1.12494
1.14545
1.16698
1.18662
1.20273
1.2143
1.22048
1.22044
1.21358
1.19991
1.18009
1.15555
1.12821
1.10054
1.07569
1.05759
1.04997
1.05467
1.0704
1.09322
1.11813
1.14089
1.15903
1.17193
1.1802
1.1848
1.18605
1.18357
1.17696
1.16652
1.15349
1.13977
1.12728
1.11729
1.11015
1.10535
1.1021
1.09995
1.09922
1.10096
1.10655
1.11688
1.1318
1.14983
1.16859
1.18557
1.1987
1.2065
1.20804
1.20313
1.19257
1.1783
1.16317
1.15036
1.14237
1.13994
1.14114
1.14186
1.13849
1.13125
1.12449
1.12234
1.12393
1.12455
1.12047
1.11182
1.10264
1.09882
1.10414
1.11673
1.13082
1.14161
1.14771
1.14995
1.14956
1.14743
1.14424
1.14071
1.13738
1.13434
1.1311
1.12671
1.12017
1.11093
1.09934
1.0867
1.075
1.06627
1.06196
1.06268
1.06837
1.07865
1.0929
1.11032
1.13006
1.15146
1.17359
1.19472
1.21226
1.22366
1.22731
1.22298
1.21194
1.19663
1.18012
1.16568
1.15637
1.15479
1.16236
1.17848
1.20025
1.22337
1.24346
1.25729
1.26313
1.26047
1.24958
1.23111
1.20618
1.17663
1.14524
1.11547
1.0908
1.07378
1.06552
1.06567
1.07284
1.08504
1.10017
1.11633
1.13231
1.14753
1.16165
1.17402
1.18362
1.18927
1.19033
1.18717
1.18107
1.17367
1.16625
1.15964
1.15463
1.1524
1.15424
1.16083
1.17157
1.18458
1.19721
1.20667
1.21057
1.20737
1.19668
1.17943
1.15774
1.13447
1.11248
1.0937
1.07863
1.06656
1.05653
1.04821
1.04194
1.03809
1.03646
1.03644
1.0377
1.04037
1.04481
1.05113
1.05898
1.06734
1.07467
1.07922
1.07972
1.07612
1.07023
1.06547
1.06548
1.07202
1.0841
1.09898
1.11385
1.12682
1.13711
1.1447
1.14994
1.15314
1.15432
1.15313
1.14929
1.14304
1.13569
1.12934
1.12604
1.12666
1.13069
1.13702
1.14463
1.15265
1.16017
1.16627
1.17036
1.17228
1.17222
1.17038
1.16673
1.16119
1.15417
1.14705
1.14218
1.14204
1.14783
1.15845
1.17071
1.18069
1.18552
1.18425
1.17783
1.1684
1.15837
1.14962
1.14293
