0.0588134
0.0588014
0.0587654
0.0587053
0.058621
0.0585124
0.0583793
0.0582217
0.0580393
0.0578321
0.0575998
0.0573422
0.0570592
0.0567505
0.0564158
0.056055
0.0556678
0.0552538
0.0548129
0.0543446
0.0538488
0.053325
0.0527729
0.0521922
0.0515824
0.0509433
0.0502744
0.0495752
0.0488454
0.0480845
0.0472921
0.0464677
0.0456107
0.0447208
0.0437974
0.0428399
0.0418479
0.0408208
0.039758
0.038697
0.0375616
0.0363888
0.0351779
0.0339662
0.0326777
0.0313873
0.0300186
0.0286465
0.0271948
0.0257384
0.0242009
0.0227331
0.0211837
0.0196275
0.0179499
0.0163016
0.0145302
0.0127864
0.0109561
0.00900024
0.00703107
0.00501015
0.00293665
0.000809778
-0.00133347
-0.00353144
-0.00574715
-0.00809488
-0.0104623
-0.0129259
-0.0154868
-0.0180324
-0.0206387
-0.0233068
-0.0259994
-0.028755
-0.0315365
-0.0344583
-0.037408
-0.0405378
-0.043584
-0.0467358
-0.050032
-0.0533604
-0.0567213
-0.0601909
-0.0636945
-0.0673461
-0.0710331
-0.0748318
-0.0787049
-0.0826531
-0.0867147
-0.0907389
-0.0948769
-0.0991672
-0.103497
-0.107866
-0.112351
-0.116913
-0.121553
-0.126271
-0.131067
-0.135903
-0.140854
-0.145921
-0.151027
-0.15621
-0.161394
-0.166653
-0.171912
-0.177433
-0.182953
-0.188545
-0.194284
-0.200057
-0.205899
-0.211922
-0.218012
-0.224091
-0.230159
-0.236402
-0.242744
-0.24903
-0.255447
-0.261882
-0.268331
-0.274753
-0.281336
-0.287926
-0.29452
-0.301229
-0.307898
-0.314674
-0.321443
-0.328275
-0.335092
-0.34204
-0.348929
-0.355829
-0.362776
-0.369689
-0.376604
-0.383627
-0.390529
-0.397381
-0.404217
-0.411108
-0.417861
-0.424547
-0.431313
-0.43808
-0.444766
-0.451444
-0.458108
-0.464642
-0.47119
-0.477599
-0.48394
-0.490209
-0.496363
-0.502474
-0.508462
-0.514399
-0.520243
-0.525952
-0.531561
-0.537179
-0.542614
-0.547975
-0.553183
-0.558275
-0.563246
-0.56798
-0.572665
-0.577258
-0.581721
-0.586127
-0.590399
-0.59442
-0.59838
-0.602086
-0.605765
-0.609265
-0.612622
-0.615835
-0.618943
-0.621944
-0.624763
-0.627437
-0.62993
-0.632317
-0.634485
-0.636548
-0.63847
-0.640289
-0.64193
-0.643434
-0.644801
-0.646032
-0.647168
-0.648172
-0.649009
-0.649679
-0.650262
-0.65076
-0.651062
-0.651283
-0.651351
-0.651344
-0.651265
-0.651002
-0.650674
-0.650243
-0.649752
-0.649203
-0.648487
-0.647681
-0.646789
-0.645739
-0.644646
-0.643666
-0.642424
-0.64115
-0.639772
-0.638368
-0.636905
-0.635348
-0.633775
-0.632152
-0.63052
-0.628845
-0.627091
-0.625262
-0.623399
-0.621543
-0.619696
-0.617748
-0.615815
-0.613864
-0.611857
-0.609875
-0.607844
-0.605805
-0.603759
-0.601748
-0.599812
-0.597764
-0.595758
-0.593796
-0.591805
-0.589824
-0.587781
-0.58579
-0.583854
-0.58186
-0.579962
-0.578048
-0.576196
-0.574408
-0.572609
-0.570839
-0.569098
-0.56739
-0.565714
-0.564034
-0.562426
-0.560931
-0.559321
-0.557824
-0.556366
-0.554911
-0.553496
-0.552121
-0.550864
-0.549573
-0.548401
-0.547196
-0.546072
-0.54503
-0.543918
-0.542927
-0.541942
-0.541078
-0.540258
-0.539446
-0.538753
-0.538068
-0.537427
-0.53683
-0.536278
-0.535732
-0.535306
-0.534885
-0.534469
-0.534134
-0.533804
-0.533515
-0.533193
-0.532873
-0.532745
-0.532619
-0.532571
-0.532485
-0.532474
-0.532501
-0.532564
-0.532702
-0.532875
-0.533044
-0.533133
-0.533444
-0.533787
-0.534048
-0.534453
-0.534736
-0.535123
-0.535537
-0.536017
-0.536447
-0.536939
-0.537494
-0.537958
-0.538519
-0.539064
-0.539666
-0.54025
-0.540853
-0.54151
-0.542221
-0.542908
-0.54361
-0.544286
-0.544936
-0.545673
-0.546418
-0.547135
-0.547897
-0.548665
-0.54944
-0.550219
-0.551001
-0.551749
-0.552497
-0.553247
-0.554072
-0.554895
-0.555679
-0.556497
-0.557199
-0.557971
-0.558775
-0.559498
-0.560252
-0.560999
-0.561776
-0.562505
-0.563226
-0.564125
-0.564786
-0.565475
-0.566115
-0.566819
-0.567474
-0.568117
-0.568748
-0.569367
-0.569973
-0.570567
-0.571149
-0.571681
-0.572238
-0.572782
-0.573276
-0.57387
-0.574339
-0.574871
-0.575391
-0.575861
-0.576282
-0.576729
-0.577165
-0.577591
-0.577968
-0.578449
-0.578769
-0.579192
-0.579644
-0.580087
-0.580445
-0.580795
-0.581136
-0.581506
-0.58183
-0.582146
-0.582415
-0.582638
-0.582966
-0.58336
-0.583669
-0.583894
-0.584146
-0.584464
-0.584771
-0.58499
-0.58516
-0.585318
-0.585462
-0.58563
-0.585745
-0.585881
-0.586001
-0.586141
-0.586223
-0.586285
-0.586364
-0.586457
-0.586449
-0.586454
-0.586356
-0.586305
-0.586149
-0.586
-0.585781
-0.585603
-0.585354
-0.585143
-0.584857
-0.584532
-0.584168
-0.583724
-0.583201
-0.582711
-0.582139
-0.581524
-0.580901
-0.580234
-0.579446
-0.57865
-0.577847
-0.576961
-0.57603
-0.575054
-0.574034
-0.573008
-0.571901
-0.570714
-0.569448
-0.56818
-0.566872
-0.565525
-0.564142
-0.562838
-0.561425
-0.559942
-0.558466
-0.556962
-0.55547
-0.553876
-0.55226
-0.550697
-0.549077
-0.547363
-0.545709
-0.544041
-0.542361
-0.54067
-0.539007
-0.5373
-0.535511
-0.533793
-0.53211
-0.530388
-0.528666
-0.526983
-0.525265
-0.523513
-0.521804
-0.5201
-0.518366
-0.51664
-0.514959
-0.513326
-0.511741
-0.510052
-0.508375
-0.506747
-0.505168
-0.503602
-0.50201
-0.500393
-0.49879
-0.497199
-0.495697
-0.494208
-0.492696
-0.491273
-0.489787
-0.488315
-0.486895
-0.485413
-0.484019
-0.482564
-0.481198
-0.479769
-0.478354
-0.476876
-0.475525
-0.474073
-0.472785
-0.471473
-0.470172
-0.468886
-0.467612
-0.466351
-0.465179
-0.463944
-0.462684
-0.461513
-0.460354
-0.459171
-0.458
-0.456843
-0.455699
-0.454569
-0.453491
-0.452426
-0.451375
-0.450338
-0.449277
-0.448193
-0.447199
-0.446145
-0.445105
-0.444118
-0.443109
-0.442228
-0.441288
-0.440439
-0.43953
-0.438638
-0.437762
-0.436902
-0.436059
-0.435233
-0.434461
-0.433668
-0.432893
-0.432135
-0.43147
-0.430747
-0.43004
-0.429351
-0.428642
-0.427989
-0.427353
-0.426697
-0.426059
-0.425514
-0.424949
-0.424325
-0.423795
-0.42332
-0.422975
-0.422496
-0.421997
-0.421554
-0.42109
-0.420681
-0.420327
-0.419952
-0.419557
-0.419254
-0.418968
-0.41866
-0.418332
-0.418058
-0.417839
-0.417599
-0.417337
-0.41713
-0.416939
-0.416727
-0.416531
-0.416464
-0.416338
-0.41619
-0.416096
-0.416018
-0.415918
-0.415872
-0.41588
-0.415866
-0.415981
-0.415999
-0.416108
-0.416157
-0.416147
-0.416303
-0.416362
-0.416437
-0.416527
-0.41671
-0.416908
-0.41716
-0.417391
-0.417524
-0.417636
-0.417914
-0.41817
-0.418443
-0.418769
-0.419075
-0.419434
-0.419885
-0.4202
-0.420645
-0.421069
-0.421509
-0.421927
-0.422398
-0.422848
-0.423314
-0.423833
-0.42433
-0.424804
-0.425331
-0.425873
-0.426354
-0.426926
-0.427473
-0.428111
-0.428762
-0.429352
-0.429992
-0.430646
-0.43135
-0.432029
-0.432756
-0.433457
-0.43417
-0.434968
-0.435625
-0.436367
-0.43708
-0.437839
-0.438605
-0.439341
-0.440121
-0.440945
-0.441736
-0.442532
-0.443294
-0.444097
-0.444865
-0.445634
-0.44648
-0.447213
-0.448059
-0.448866
-0.449709
-0.450473
-0.45131
-0.452067
-0.452894
-0.453679
-0.454495
-0.455305
-0.456145
-0.456864
-0.457612
-0.458351
-0.459081
-0.459763
-0.460396
-0.461131
-0.46178
-0.462455
-0.463081
-0.463694
-0.464334
-0.464999
-0.465651
-0.46629
-0.466916
-0.467454
-0.468017
-0.468568
-0.469144
-0.469708
-0.470222
-0.470724
-0.471215
-0.471733
-0.472202
-0.472661
-0.47311
-0.47355
-0.47398
-0.474403
-0.474818
-0.475263
-0.475664
-0.476059
-0.47645
-0.476797
-0.477103
-0.477443
-0.477817
-0.47819
-0.47856
-0.47893
-0.479299
-0.47967
-0.480041
-0.480377
-0.480829
-0.481132
-0.481513
-0.481899
-0.482289
-0.482722
-0.483085
-0.483492
-0.483942
-0.484286
-0.484712
-0.485107
-0.485547
-0.486071
-0.486527
-0.486953
-0.487425
-0.487867
-0.488355
-0.488889
-0.489394
-0.489907
-0.490427
-0.490994
-0.49153
-0.492074
-0.492625
-0.493183
-0.493748
-0.49432
-0.494898
-0.495558
-0.496071
-0.496666
-0.497303
-0.497907
-0.498553
-0.499089
-0.499704
-0.500285
-0.500905
-0.501528
-0.502152
-0.502701
-0.50325
-0.5038
-0.504424
-0.505086
-0.505708
-0.506328
-0.506871
-0.507486
-0.50806
-0.508669
-0.509273
-0.509834
-0.51039
-0.511016
-0.511598
-0.512172
-0.512701
-0.513298
-0.513886
-0.514428
-0.514924
-0.515447
-0.515961
-0.516389
-0.516882
-0.517476
-0.517946
-0.518328
-0.518773
-0.519243
-0.519699
-0.520066
-0.520418
-0.520794
-0.521117
-0.5215
-0.521829
-0.522144
-0.522404
-0.522611
-0.522914
-0.523125
-0.523356
-0.523533
-0.523806
-0.523985
-0.524146
-0.524403
-0.524565
-0.524672
-0.524685
-0.524792
-0.524881
-0.524952
-0.524929
-0.524924
-0.52494
-0.524937
-0.524802
-0.524724
-0.52459
-0.524477
-0.524346
-0.524121
-0.523917
-0.52377
-0.523645
-0.523465
-0.52323
-0.523017
-0.522751
-0.522432
-0.522135
-0.521748
-0.521385
-0.521007
-0.520653
-0.520286
-0.519906
-0.519552
-0.51911
-0.518694
-0.518267
-0.517793
-0.517383
-0.516964
-0.516498
-0.516099
-0.515654
-0.515126
-0.514667
-0.514163
-0.513692
-0.513214
-0.512694
-0.512132
-0.511565
-0.51107
-0.510573
-0.509998
-0.509421
-0.50888
-0.508263
-0.507721
-0.507141
-0.506562
-0.505985
-0.505484
-0.504948
-0.504302
-0.503771
-0.503245
-0.502685
-0.502093
-0.501581
-0.501076
-0.500539
-0.500048
-0.499602
-0.499163
-0.498658
-0.498237
-0.497789
-0.497312
-0.496921
-0.496578
-0.496247
-0.495852
-0.495508
-0.495138
-0.494743
-0.4944
-0.494108
-0.493793
-0.493493
-0.493171
-0.492939
-0.492647
-0.492448
-0.492339
-0.492135
-0.492023
-0.49189
-0.491813
-0.491678
-0.491562
-0.491464
-0.491422
-0.491437
-0.491471
-0.49141
-0.491368
-0.491346
-0.491381
-0.491435
-0.491508
-0.49164
-0.491677
-0.491811
-0.491964
-0.492174
-0.492441
-0.492652
-0.492844
-0.493093
-0.493398
-0.493684
-0.493989
-0.494311
-0.494689
-0.495121
-0.495457
-0.495885
-0.496329
-0.496752
-0.497189
-0.497641
-0.498107
-0.498624
-0.499154
-0.499658
-0.500211
-0.500736
-0.50127
-0.501852
-0.502403
-0.503
-0.503565
-0.50406
-0.504635
-0.505214
-0.505757
-0.506339
-0.506923
-0.507545
-0.508166
-0.508672
-0.509212
-0.509824
-0.510394
-0.51092
-0.511516
-0.51199
-0.512533
-0.513028
-0.51359
-0.514141
-0.514606
-0.515097
-0.515613
-0.516117
-0.516569
-0.517009
-0.517509
-0.51792
-0.518278
-0.518696
-0.519061
-0.519373
-0.51963
-0.520023
-0.520249
-0.520534
-0.520803
-0.521056
-0.521255
-0.521476
-0.52172
-0.52191
-0.522085
-0.52217
-0.522316
-0.522371
-0.522526
-0.52263
-0.52272
-0.522835
-0.5229
-0.522916
-0.522957
-0.523025
0.257452
0.257432
0.257326
0.257169
0.257
0.25663
0.256285
0.255928
0.255482
0.254986
0.254477
0.253994
0.253384
0.252725
0.251978
0.251181
0.250335
0.249479
0.248574
0.247658
0.24662
0.245535
0.24444
0.243262
0.242113
0.240881
0.239643
0.238247
0.236807
0.235477
0.233953
0.232464
0.230972
0.22944
0.227831
0.22622
0.224496
0.222772
0.221012
0.219215
0.217383
0.215441
0.21354
0.211531
0.209527
0.207565
0.205573
0.203474
0.201345
0.199225
0.197114
0.194899
0.19262
0.190353
0.18806
0.185856
0.183591
0.181227
0.17888
0.176513
0.174126
0.171797
0.169375
0.166937
0.164522
0.162094
0.15973
0.157167
0.154596
0.152094
0.149548
0.147038
0.14445
0.141976
0.139504
0.137037
0.134503
0.132015
0.129541
0.127081
0.124714
0.122254
0.119855
0.117558
0.115253
0.112944
0.110708
0.108474
0.10632
0.104176
0.102118
0.100077
0.0980543
0.0961296
0.0942686
0.0924744
0.0908262
0.0892517
0.0876402
0.0861079
0.0846955
0.0833297
0.0820886
0.0808991
0.0798386
0.0789847
0.0780746
0.0772607
0.0766955
0.0760772
0.0755952
0.0752122
0.0749657
0.0747425
0.0746551
0.0747401
0.0748834
0.0750834
0.075452
0.0758741
0.076385
0.0769066
0.0775118
0.0782731
0.0790364
0.0799117
0.0808581
0.0817969
0.0829132
0.0841661
0.0854002
0.086649
0.0879084
0.0892878
0.0905947
0.0920138
0.0933902
0.094909
0.096453
0.0979434
0.0994137
0.100898
0.102429
0.104081
0.105736
0.107353
0.109004
0.110611
0.112208
0.113717
0.115247
0.116647
0.1181
0.119568
0.121123
0.122537
0.123959
0.125273
0.126628
0.127872
0.129116
0.130321
0.131485
0.132532
0.133612
0.134723
0.135752
0.136659
0.137596
0.138447
0.139212
0.140042
0.140748
0.141367
0.142051
0.142496
0.14308
0.1435
0.143869
0.144263
0.144645
0.144938
0.145105
0.145449
0.145518
0.145537
0.145583
0.145542
0.145454
0.145282
0.145177
0.145026
0.144792
0.144438
0.14404
0.143563
0.143081
0.142596
0.142071
0.141619
0.141092
0.140451
0.139811
0.139136
0.138351
0.137494
0.136643
0.13576
0.134771
0.133866
0.13297
0.132047
0.131023
0.129936
0.128977
0.127919
0.126801
0.125738
0.124617
0.123478
0.122397
0.121261
0.120072
0.118868
0.117687
0.116494
0.115213
0.113959
0.112732
0.111496
0.110253
0.108964
0.107706
0.106482
0.105139
0.103831
0.102557
0.101169
0.0998556
0.0985804
0.0972683
0.0960334
0.0946875
0.0933826
0.0920439
0.0906723
0.0893441
0.0880222
0.0867079
0.0853641
0.084067
0.0828172
0.0816155
0.0803869
0.0791701
0.0779655
0.0767737
0.0755952
0.0743929
0.0732431
0.0721465
0.0709908
0.0698521
0.0687307
0.0676644
0.0667296
0.0657761
0.0647661
0.0637376
0.062729
0.0617784
0.0608484
0.0599017
0.0589763
0.0580724
0.0573416
0.0565575
0.0557199
0.0549802
0.0541496
0.0534549
0.0526697
0.0520205
0.0513564
0.050791
0.050173
0.0494644
0.0488924
0.0483809
0.0478542
0.0473878
0.0468308
0.0464097
0.0458973
0.0454069
0.0450136
0.0446038
0.0442914
0.0439624
0.043654
0.0433656
0.0430591
0.0428859
0.0426185
0.0423699
0.042215
0.0420394
0.0418806
0.0417381
0.041611
0.0415365
0.0415149
0.0414322
0.0413622
0.0414178
0.0413716
0.0412983
0.0413105
0.041332
0.041211
0.0412864
0.0412926
0.04138
0.0414347
0.0414559
0.0414421
0.0414305
0.0414578
0.0414477
0.0414754
0.0415401
0.0416404
0.0416246
0.0416814
0.0417345
0.0417832
0.0417896
0.0417527
0.0417849
0.0417725
0.0417907
0.0416507
0.0415412
0.0414995
0.0414499
0.0414681
0.041403
0.041368
0.0413639
0.0412773
0.0411089
0.0410861
0.0409824
0.0408738
0.0408745
0.0406455
0.0404522
0.0403332
0.0402515
0.04017
0.040014
0.0398601
0.0397094
0.039601
0.0394225
0.0392509
0.0391251
0.0390462
0.0390532
0.038996
0.0389512
0.03892
0.0389036
0.0389029
0.0388816
0.0389539
0.0389695
0.0390807
0.0391375
0.0392167
0.0392434
0.0393691
0.0395564
0.0398059
0.0400051
0.04023
0.0405568
0.0407971
0.041102
0.0414339
0.0417554
0.0421797
0.0426311
0.0431853
0.043767
0.0443004
0.0448231
0.0454479
0.0460238
0.0466634
0.0473292
0.0479449
0.0486609
0.0493632
0.0500891
0.0508003
0.0515717
0.0522889
0.0531025
0.0540495
0.0549401
0.0558488
0.0567747
0.0577168
0.0587123
0.0597223
0.0606707
0.0616322
0.062606
0.0636665
0.0646994
0.0658169
0.0668671
0.0680002
0.0689887
0.0700204
0.0711322
0.0721345
0.0731397
0.0741845
0.0752305
0.0764662
0.0774752
0.078634
0.0797528
0.0807933
0.081868
0.0829382
0.0839653
0.0850241
0.0860758
0.0871197
0.0880799
0.0891067
0.0901239
0.0910552
0.0921267
0.0932248
0.094273
0.0953084
0.0962926
0.0973005
0.0981811
0.0990842
0.100009
0.100955
0.101733
0.102568
0.103384
0.104106
0.104885
0.105645
0.106384
0.107064
0.107723
0.108359
0.108935
0.109488
0.110054
0.110597
0.111191
0.111797
0.112301
0.11278
0.113269
0.113732
0.114129
0.114461
0.114765
0.115116
0.115362
0.115617
0.115728
0.115924
0.116127
0.116338
0.116405
0.116517
0.116485
0.116499
0.116596
0.116548
0.116433
0.11625
0.116037
0.115795
0.115599
0.115374
0.115159
0.114878
0.114495
0.114086
0.113651
0.113267
0.11286
0.112542
0.112127
0.111615
0.11112
0.110644
0.11015
0.109601
0.109036
0.108494
0.107938
0.107369
0.106676
0.106011
0.105375
0.104694
0.104007
0.103352
0.102731
0.102184
0.101485
0.100823
0.100124
0.0995037
0.0988103
0.0982723
0.0976643
0.0970243
0.0964282
0.0957632
0.0951809
0.0945684
0.0940017
0.0934435
0.092856
0.0923151
0.0917834
0.0912608
0.0907094
0.0901668
0.089633
0.0891075
0.0885899
0.0879292
0.0874271
0.0869697
0.0864807
0.0860729
0.0856703
0.0851966
0.0848401
0.0843731
0.0839084
0.0834074
0.0829069
0.0824436
0.0820549
0.0815134
0.0810826
0.0806481
0.0801339
0.0797283
0.0792414
0.0787856
0.0782465
0.0777365
0.0772929
0.0768018
0.0761868
0.0755982
0.0750356
0.0744605
0.0738724
0.0732704
0.0727299
0.0720992
0.0714152
0.0707911
0.0700377
0.0694195
0.0686717
0.0679448
0.0672007
0.0664767
0.0656977
0.0648639
0.0640506
0.063182
0.0622588
0.0613944
0.0605136
0.0596547
0.0587802
0.0578151
0.0569114
0.0560325
0.0549903
0.0539744
0.0529859
0.052026
0.0509824
0.0499321
0.0490277
0.0479696
0.0469099
0.0458496
0.0447906
0.0437726
0.0427595
0.0417535
0.0406812
0.0397331
0.0387978
0.0378018
0.0368228
0.0358249
0.0349235
0.0340075
0.0331544
0.032366
0.0316064
0.0308395
0.0300294
0.0293668
0.0286266
0.0280754
0.027563
0.0269769
0.0263555
0.0258509
0.0253883
0.0250436
0.0246287
0.024295
0.0240423
0.0238326
0.0237038
0.0235422
0.0235738
0.0235337
0.02361
0.0236508
0.023768
0.0239228
0.0241139
0.0243016
0.0244849
0.0247376
0.024982
0.0252921
0.0255904
0.0259128
0.0262575
0.0266602
0.0270813
0.0275189
0.0280084
0.0285862
0.0290995
0.0295459
0.0299994
0.0304583
0.0309209
0.0313859
0.0318892
0.0323538
0.0329294
0.0335015
0.0340691
0.0344799
0.0349595
0.0354314
0.0358947
0.0362734
0.0367181
0.0371907
0.0375398
0.037916
0.0382438
0.0386362
0.0389799
0.0392374
0.0396356
0.0399485
0.0402891
0.0405446
0.0408665
0.0412178
0.0415609
0.0418961
0.0421479
0.0424683
0.0428199
0.0430152
0.0432431
0.0435413
0.0437972
0.0440867
0.044259
0.0445034
0.0447826
0.0450593
0.0452208
0.0454558
0.0457261
0.0459562
0.0462974
0.046523
0.0467082
0.0470804
0.0472239
0.0473646
0.0476156
0.0478252
0.0479553
0.0480814
0.0482781
0.0484318
0.0485427
0.0487233
0.0489723
0.0491759
0.0493334
0.0494443
0.0496213
0.0497505
0.0498312
0.0500138
0.0501845
0.0503047
0.0502982
0.050278
0.0502812
0.0503074
0.050318
0.0503128
0.0503295
0.0503296
0.0502372
0.0500895
0.0500755
0.050006
0.0498805
0.0496989
0.0495744
0.0493934
0.0491559
0.0489376
0.0485877
0.0483329
0.0481355
0.0478824
0.0476873
0.0473609
0.0471301
0.0466931
0.0463903
0.0460329
0.0455831
0.045193
0.0447122
0.0442534
0.0438172
0.043366
0.0429008
0.0423465
0.0417787
0.0412355
0.0406795
0.0401113
0.0394935
0.0390536
0.0384899
0.0379161
0.0373327
0.0367024
0.0360636
0.0354172
0.0346506
0.033953
0.0333253
0.032693
0.0320184
0.0313021
0.030583
0.0298614
0.029138
0.0284894
0.0279165
0.0272689
0.0265474
0.0259039
0.0251879
0.0244754
0.0236919
0.0230273
0.0224069
0.0217555
0.0211116
0.020438
0.0198113
0.0191564
0.0185874
0.0180671
0.0175205
0.0169484
0.0163521
0.0157695
0.0152383
0.0147971
0.0142577
0.0137333
0.0132996
0.0128055
0.0123269
0.0118639
0.011492
0.0110224
0.01072
0.0103206
0.0100881
0.00983328
0.00963176
0.00940756
0.0091979
0.00888873
0.00863067
0.00834789
0.00815339
0.00800851
0.00768653
0.00748892
0.00730148
0.00716111
0.00695401
0.00671741
0.00656413
0.00638008
0.00624027
0.0060687
0.00586506
0.00570418
0.00562287
0.00562083
0.00550868
0.00536149
0.0052167
0.00511186
0.00497135
0.00490838
0.00473391
0.00459898
0.00450363
0.00441006
0.00435589
0.00426587
0.00417807
0.0041303
0.0040852
0.00408089
0.00404237
0.00400775
0.00390196
0.00383925
0.00378259
0.00373214
0.00361294
0.00365241
0.0035488
0.00345378
0.0034812
0.00355605
0.00356551
0.00358545
0.00365422
0.00369694
0.00375187
0.00381954
0.00386219
0.00399336
0.00409996
0.00418227
0.0043539
0.00450161
0.00470114
0.00491507
0.00510561
0.00527267
0.00549208
0.00572598
0.00597437
0.00619954
0.00651471
0.00673139
0.00700069
0.00736015
0.0076585
0.00797153
0.00833702
0.00871717
0.00914955
0.00955907
0.00998321
0.0104218
0.010875
0.0113427
0.0118248
0.0123592
0.0127954
0.0133219
0.0138254
0.0144194
0.0149524
0.0155001
0.0160249
0.016602
0.0172693
0.0179508
0.0185327
0.0192042
0.0199649
0.0207005
0.0214486
0.0221326
0.0228276
0.023533
0.0242485
0.0249352
0.025743
0.0264822
0.0273029
0.0280909
0.0288827
0.0297151
0.0304737
0.0312333
0.0320304
0.03294
0.0336964
0.0344487
0.0352334
0.036125
0.0368961
0.0376584
0.0383351
0.0391523
0.0398442
0.0405984
0.0412628
0.0419874
0.0426581
0.0432367
0.0437976
0.0444531
0.0450892
0.0456291
0.0462234
0.0467202
0.0472697
0.0476829
0.0481102
0.0485884
0.0489659
0.0493933
0.0497564
0.0500925
0.0504766
0.0507196
0.0510098
0.0512711
0.0514274
0.0515161
0.0516501
0.0517909
0.0518244
0.0518634
0.0518693
0.0518039
0.0517424
0.0516087
0.0515153
0.0513484
0.0511075
0.0509429
0.0506648
0.0503483
0.0500306
0.0495604
0.0492772
0.048803
0.048326
0.0477697
0.0471717
0.0464561
0.0457736
0.0450107
0.0442429
0.327705
0.326708
0.325635
0.324448
0.323297
0.321995
0.320655
0.31924
0.317749
0.316185
0.314549
0.31284
0.310985
0.309137
0.307221
0.305315
0.303268
0.301121
0.298914
0.296648
0.294326
0.292026
0.2896
0.287163
0.284681
0.282232
0.279706
0.277029
0.274509
0.271847
0.269158
0.266485
0.263793
0.261047
0.258251
0.255486
0.252792
0.250022
0.247255
0.244571
0.241822
0.239051
0.236336
0.233492
0.230865
0.228229
0.225552
0.222949
0.22035
0.21787
0.215475
0.21313
0.2108
0.20864
0.20654
0.204425
0.202335
0.200386
0.198391
0.196428
0.194497
0.192753
0.191119
0.18956
0.188038
0.186554
0.185184
0.183852
0.182598
0.181382
0.18028
0.179291
0.178415
0.177652
0.176887
0.176194
0.175573
0.17506
0.174579
0.174165
0.173817
0.17342
0.1732
0.173041
0.172979
0.172976
0.173066
0.173022
0.173143
0.173277
0.173496
0.173723
0.173957
0.174307
0.174698
0.17505
0.175551
0.176011
0.176502
0.177022
0.177645
0.178293
0.178965
0.179657
0.180332
0.181023
0.18173
0.182411
0.18318
0.18392
0.184742
0.185533
0.186289
0.187085
0.18788
0.188673
0.189424
0.190169
0.190945
0.191673
0.192392
0.193059
0.193752
0.19443
0.195129
0.195773
0.196359
0.196962
0.197619
0.198216
0.198715
0.199302
0.199865
0.200325
0.200758
0.2012
0.201577
0.201962
0.202205
0.202418
0.202678
0.202907
0.203144
0.203277
0.203456
0.203681
0.203916
0.20397
0.203959
0.204033
0.203966
0.203873
0.203868
0.203724
0.203479
0.203324
0.203146
0.202908
0.202611
0.202407
0.202109
0.20183
0.201534
0.201259
0.200932
0.200592
0.2002
0.199873
0.199611
0.199265
0.198872
0.198472
0.198178
0.197803
0.197385
0.197002
0.196577
0.196263
0.195873
0.195445
0.194978
0.194626
0.194201
0.193778
0.193358
0.192979
0.192566
0.192196
0.191869
0.191472
0.191082
0.190736
0.190397
0.189991
0.189555
0.189204
0.188901
0.188494
0.18825
0.187904
0.187571
0.187288
0.18698
0.186687
0.186447
0.186223
0.185978
0.185788
0.185542
0.185354
0.185225
0.185155
0.185109
0.18505
0.185054
0.185084
0.185105
0.185118
0.185199
0.185348
0.185493
0.185671
0.18596
0.186133
0.186381
0.186703
0.187063
0.187499
0.188012
0.188489
0.188968
0.189524
0.190157
0.190716
0.191427
0.192213
0.193036
0.193782
0.194562
0.195338
0.196336
0.197288
0.198269
0.199239
0.200234
0.20129
0.202366
0.203422
0.204531
0.205652
0.206708
0.207809
0.208913
0.210019
0.211199
0.2123
0.213431
0.214402
0.215511
0.216605
0.21768
0.218698
0.21973
0.220699
0.221677
0.222625
0.223579
0.224422
0.22519
0.225957
0.226683
0.227253
0.227778
0.228333
0.228879
0.22945
0.229819
0.23006
0.230399
0.230647
0.230838
0.231086
0.231164
0.23122
0.231142
0.231079
0.230956
0.230773
0.230642
0.230375
0.230046
0.229543
0.229054
0.228504
0.227968
0.227297
0.226528
0.2257
0.224889
0.224022
0.223062
0.222084
0.221014
0.219856
0.218684
0.217313
0.216047
0.214775
0.213423
0.212108
0.210756
0.209296
0.207806
0.206326
0.204823
0.203263
0.201685
0.200057
0.198496
0.196893
0.19529
0.193653
0.192026
0.19045
0.188892
0.187358
0.185852
0.184378
0.183017
0.181584
0.180198
0.178862
0.177506
0.176323
0.175203
0.174188
0.173207
0.172337
0.171507
0.170795
0.170204
0.169735
0.169203
0.168834
0.168442
0.168216
0.168118
0.168073
0.168156
0.168405
0.168667
0.16898
0.169417
0.1699
0.170464
0.171108
0.171866
0.172735
0.173636
0.174564
0.175555
0.176528
0.177593
0.178746
0.179945
0.181185
0.1825
0.183811
0.185112
0.1864
0.187822
0.18926
0.19071
0.192017
0.193404
0.194867
0.196214
0.197591
0.199034
0.200426
0.201802
0.203159
0.204533
0.205847
0.207135
0.208357
0.20955
0.210825
0.211918
0.21309
0.214267
0.215371
0.216403
0.217475
0.218436
0.219399
0.220291
0.221186
0.221973
0.222879
0.223679
0.224373
0.225114
0.225753
0.226366
0.22703
0.227636
0.228221
0.228749
0.229262
0.22976
0.230246
0.230797
0.231302
0.231876
0.23237
0.232935
0.233462
0.233989
0.234479
0.234971
0.23543
0.235854
0.236398
0.236909
0.237427
0.237952
0.238483
0.238982
0.239564
0.240114
0.240632
0.241269
0.241798
0.242406
0.243017
0.243593
0.244131
0.244706
0.245355
0.245925
0.246567
0.247165
0.247718
0.248225
0.248836
0.249361
0.249835
0.250296
0.250818
0.251286
0.251775
0.252208
0.252585
0.252979
0.253315
0.253743
0.254112
0.254382
0.254667
0.254966
0.255242
0.255418
0.255647
0.255777
0.255883
0.256003
0.256138
0.256175
0.256226
0.256218
0.256188
0.256138
0.256105
0.256054
0.255909
0.255937
0.255873
0.255758
0.255591
0.255451
0.2553
0.255102
0.254934
0.254836
0.254658
0.254477
0.254295
0.254112
0.253894
0.253755
0.253657
0.253491
0.253369
0.253144
0.253042
0.252913
0.252873
0.252695
0.252568
0.252381
0.252285
0.252243
0.252179
0.25217
0.252252
0.252276
0.252316
0.252448
0.252558
0.252759
0.252825
0.252981
0.253189
0.253334
0.253567
0.253736
0.25403
0.254144
0.254381
0.254625
0.254839
0.255057
0.255281
0.255547
0.255777
0.256046
0.256277
0.256546
0.256776
0.257003
0.257077
0.257298
0.25744
0.25769
0.25786
0.258023
0.258217
0.258328
0.258506
0.258676
0.258799
0.258838
0.258942
0.259074
0.259233
0.259305
0.259442
0.25953
0.259757
0.259746
0.259799
0.259916
0.259982
0.259959
0.259922
0.259908
0.259804
0.259723
0.259588
0.259438
0.259347
0.259239
0.259189
0.259008
0.258808
0.258588
0.258348
0.258089
0.257808
0.257582
0.257258
0.256948
0.256653
0.256296
0.255915
0.25551
0.255041
0.254622
0.254177
0.253629
0.253129
0.252564
0.252009
0.25135
0.250701
0.249909
0.249315
0.248656
0.247855
0.247138
0.246431
0.245583
0.244669
0.243727
0.242758
0.241798
0.240775
0.239876
0.238875
0.237812
0.236686
0.235612
0.234514
0.233355
0.232099
0.23105
0.229829
0.228626
0.22733
0.226092
0.224761
0.223452
0.222167
0.220791
0.219402
0.218078
0.216706
0.215363
0.213973
0.212612
0.211282
0.20987
0.208453
0.207031
0.205682
0.204255
0.202827
0.20155
0.200124
0.198738
0.197279
0.195862
0.19445
0.193082
0.19172
0.190329
0.188834
0.187425
0.186103
0.184756
0.183385
0.182066
0.18065
0.179365
0.178059
0.176772
0.175506
0.17426
0.173075
0.171913
0.170775
0.169662
0.168538
0.16748
0.166412
0.165525
0.164517
0.163541
0.162672
0.161835
0.160882
0.159925
0.15923
0.158533
0.157835
0.157212
0.156625
0.156039
0.155451
0.15494
0.154504
0.154069
0.153597
0.153278
0.153035
0.152755
0.152513
0.152309
0.152144
0.152017
0.151965
0.151874
0.15182
0.151802
0.151896
0.151986
0.152035
0.152156
0.152235
0.152421
0.152753
0.15304
0.153358
0.153705
0.154119
0.154562
0.154958
0.155381
0.155906
0.156419
0.156994
0.157557
0.158143
0.158602
0.159197
0.15989
0.160604
0.161227
0.161947
0.162687
0.16341
0.16419
0.164952
0.165734
0.166573
0.167357
0.168197
0.169132
0.169973
0.17087
0.171824
0.172646
0.173638
0.174687
0.175717
0.176765
0.177793
0.178878
0.180019
0.181104
0.182245
0.183405
0.184582
0.185702
0.18703
0.188262
0.189512
0.19074
0.192061
0.193359
0.194711
0.196002
0.197308
0.198629
0.200001
0.201424
0.202747
0.204082
0.205503
0.206896
0.208336
0.209709
0.211127
0.212665
0.214171
0.215606
0.217045
0.218524
0.220005
0.221374
0.22278
0.224261
0.225702
0.227177
0.228648
0.230113
0.231648
0.233101
0.234545
0.235905
0.237368
0.238745
0.240149
0.241615
0.242918
0.244246
0.245558
0.246894
0.248137
0.249402
0.250762
0.251992
0.253241
0.254433
0.255681
0.256872
0.258043
0.259269
0.260399
0.261509
0.262559
0.263513
0.264596
0.265506
0.266471
0.267451
0.268409
0.269345
0.270258
0.271188
0.272057
0.272942
0.273804
0.274644
0.275424
0.276105
0.27684
0.277552
0.278243
0.278987
0.279634
0.280258
0.280861
0.28148
0.282039
0.282539
0.283055
0.283512
0.283984
0.284473
0.284864
0.285234
0.285657
0.286059
0.286439
0.286721
0.286982
0.287183
0.287475
0.287707
0.287841
0.287991
0.288232
0.288374
0.288531
0.288588
0.288622
0.288556
0.288655
0.288691
0.288626
0.288536
0.288419
0.288429
0.28826
0.288103
0.287917
0.287591
0.287388
0.28712
0.28686
0.286571
0.286253
0.285868
0.285492
0.285047
0.284572
0.284067
0.283569
0.283004
0.282446
0.281782
0.281201
0.280477
0.279722
0.27905
0.278198
0.277353
0.276517
0.275727
0.27487
0.273909
0.272958
0.271979
0.270973
0.269939
0.268767
0.267721
0.266574
0.265405
0.264174
0.262996
0.261834
0.260613
0.259334
0.258036
0.256756
0.255535
0.254221
0.252892
0.25151
0.250076
0.248706
0.247286
0.245932
0.244682
0.243311
0.241857
0.240435
0.239006
0.237574
0.236176
0.234776
0.233451
0.232011
0.230572
0.229172
0.227737
0.22638
0.224952
0.223528
0.222147
0.220734
0.219215
0.217779
0.216352
0.215046
0.213561
0.212199
0.210847
0.209543
0.208175
0.206894
0.205586
0.204253
0.203044
0.201773
0.200513
0.199304
0.198032
0.196885
0.1956
0.194404
0.19326
0.192089
0.190894
0.189749
0.18873
0.18761
0.186541
0.185447
0.184326
0.183293
0.182234
0.181186
0.18015
0.179011
0.177959
0.176881
0.175888
0.174982
0.17401
0.172972
0.172058
0.171116
0.17026
0.169376
0.168388
0.167485
0.166591
0.165744
0.164907
0.16408
0.163263
0.162457
0.161698
0.160874
0.160136
0.159334
0.158544
0.157765
0.156999
0.156284
0.155544
0.154893
0.154182
0.153335
0.152504
0.151841
0.151195
0.150566
0.149956
0.149366
0.148758
0.148209
0.147682
0.14714
0.146661
0.146168
0.14574
0.145377
0.145005
0.144662
0.14435
0.143994
0.143746
0.143533
0.143241
0.143062
0.142996
0.390382
0.390334
0.390266
0.390256
0.390267
0.390262
0.390243
0.390286
0.390392
0.390563
0.390762
0.390839
0.390948
0.391202
0.39145
0.391694
0.392009
0.392436
0.392822
0.39332
0.393817
0.394389
0.394961
0.395533
0.396181
0.39679
0.397513
0.398273
0.398996
0.399869
0.400815
0.401722
0.402588
0.403601
0.404608
0.405685
0.406869
0.408006
0.409132
0.41036
0.411574
0.41281
0.413951
0.415223
0.416436
0.417737
0.419049
0.420331
0.421694
0.423023
0.424315
0.425567
0.426853
0.42813
0.42936
0.430615
0.431894
0.433079
0.434281
0.435537
0.436691
0.437816
0.43891
0.439971
0.440959
0.441984
0.442893
0.443836
0.444697
0.445549
0.44624
0.446919
0.447509
0.448197
0.44868
0.449106
0.449703
0.45009
0.450418
0.450687
0.450895
0.45108
0.451203
0.451151
0.451114
0.451053
0.450968
0.450784
0.45054
0.450161
0.449836
0.449416
0.448939
0.448367
0.447665
0.447023
0.446253
0.44547
0.444677
0.443799
0.442914
0.441949
0.440942
0.43986
0.43878
0.437666
0.436445
0.43531
0.434072
0.43285
0.431569
0.430385
0.429072
0.427785
0.426489
0.425225
0.423919
0.422576
0.42131
0.420012
0.418645
0.417364
0.416097
0.414882
0.413647
0.41247
0.411315
0.410071
0.408892
0.407703
0.406582
0.405493
0.404513
0.403567
0.402619
0.401708
0.400873
0.400076
0.399319
0.398564
0.397812
0.397137
0.396504
0.395798
0.395284
0.394773
0.394264
0.393794
0.393364
0.393048
0.392694
0.392452
0.392171
0.391962
0.391749
0.391682
0.39157
0.391526
0.391511
0.391523
0.391562
0.391588
0.391674
0.391783
0.391723
0.391834
0.391962
0.392183
0.392268
0.392443
0.392631
0.392868
0.393041
0.393261
0.393528
0.393766
0.393935
0.394111
0.39452
0.394821
0.394975
0.395247
0.39556
0.395839
0.396196
0.39648
0.396804
0.397017
0.397307
0.397637
0.397855
0.398264
0.398561
0.398899
0.399201
0.399468
0.399774
0.400082
0.400355
0.400744
0.401022
0.40134
0.401662
0.401987
0.402277
0.402608
0.40298
0.403355
0.403695
0.404077
0.404387
0.40474
0.405059
0.405457
0.405898
0.406267
0.406639
0.407092
0.407474
0.407861
0.408252
0.408573
0.409126
0.409494
0.409943
0.41032
0.410665
0.411014
0.41148
0.411913
0.412312
0.412753
0.413234
0.413718
0.414205
0.414656
0.415222
0.415676
0.416169
0.416662
0.417117
0.41757
0.418021
0.418507
0.418952
0.419353
0.419787
0.420212
0.420667
0.421075
0.421547
0.421895
0.422267
0.422624
0.423003
0.423402
0.423706
0.423991
0.424254
0.424608
0.424825
0.425055
0.425219
0.425318
0.425387
0.425502
0.425547
0.425635
0.425538
0.425482
0.425391
0.425262
0.425096
0.424854
0.424498
0.424217
0.423821
0.42346
0.423096
0.422729
0.422283
0.421834
0.421229
0.420584
0.419935
0.419245
0.418478
0.417707
0.416971
0.416159
0.415269
0.414191
0.413263
0.412261
0.411222
0.410185
0.409113
0.40797
0.406831
0.405622
0.404382
0.403111
0.401849
0.40052
0.39924
0.397858
0.396376
0.394907
0.393416
0.391979
0.390559
0.389007
0.387513
0.386001
0.384398
0.382856
0.381149
0.379468
0.377814
0.376149
0.374513
0.372794
0.371067
0.369486
0.3679
0.366197
0.364567
0.362936
0.361266
0.359484
0.35778
0.356078
0.35438
0.35265
0.351003
0.3494
0.34777
0.346148
0.344501
0.342904
0.341359
0.339679
0.338167
0.336636
0.335238
0.333787
0.33217
0.330767
0.329353
0.32793
0.326612
0.325364
0.323923
0.322707
0.321492
0.320354
0.31922
0.31813
0.317161
0.316202
0.315219
0.31425
0.313412
0.312481
0.311835
0.311176
0.310731
0.310164
0.30974
0.309348
0.309028
0.308705
0.308533
0.308438
0.30842
0.308406
0.308511
0.308659
0.30889
0.30928
0.309791
0.310424
0.31099
0.311716
0.312487
0.313341
0.314315
0.315333
0.316469
0.317721
0.319088
0.320493
0.321895
0.323445
0.325026
0.32671
0.328458
0.330153
0.331944
0.333752
0.335763
0.337708
0.339735
0.341842
0.343948
0.346088
0.348335
0.350535
0.35272
0.355001
0.357261
0.359533
0.361816
0.364105
0.366322
0.368539
0.370867
0.37315
0.375425
0.377688
0.379975
0.382283
0.384421
0.386575
0.388781
0.390998
0.393189
0.395274
0.397327
0.399347
0.401294
0.403279
0.405151
0.407059
0.408887
0.410824
0.412491
0.414264
0.415955
0.417523
0.41908
0.420702
0.422161
0.423606
0.424925
0.426228
0.427593
0.428866
0.430047
0.431098
0.432093
0.43307
0.434029
0.434893
0.4357
0.436412
0.437029
0.437777
0.438317
0.438874
0.439337
0.439818
0.440206
0.440499
0.440697
0.44084
0.440926
0.44092
0.440971
0.440969
0.440913
0.440766
0.44053
0.440243
0.439981
0.439557
0.439199
0.438793
0.438265
0.43777
0.437269
0.436613
0.435878
0.435178
0.434402
0.433625
0.432812
0.431926
0.431081
0.430203
0.429256
0.428279
0.42731
0.426238
0.425215
0.42409
0.423016
0.421881
0.420723
0.419544
0.418383
0.417128
0.415893
0.414641
0.41345
0.412093
0.410647
0.40934
0.408021
0.406691
0.405351
0.403927
0.402533
0.40117
0.399726
0.398315
0.39694
0.395524
0.394144
0.392651
0.391235
0.389858
0.38856
0.387304
0.385941
0.384583
0.38327
0.381891
0.38056
0.37924
0.377971
0.37664
0.375285
0.373948
0.372665
0.371476
0.370231
0.368969
0.367729
0.366625
0.365545
0.364453
0.363462
0.36231
0.361261
0.360242
0.359289
0.358403
0.357473
0.356573
0.355742
0.355018
0.354287
0.353625
0.352995
0.352358
0.351675
0.351174
0.350589
0.350071
0.349506
0.349043
0.348605
0.348118
0.347653
0.347325
0.346904
0.346616
0.34627
0.34594
0.345662
0.345397
0.345067
0.344746
0.344509
0.344277
0.343974
0.34375
0.343527
0.343229
0.342967
0.342702
0.342546
0.342272
0.341991
0.341665
0.341331
0.341025
0.340785
0.340459
0.340197
0.339847
0.339561
0.339187
0.338763
0.338403
0.338105
0.337644
0.337247
0.3368
0.336342
0.335911
0.335432
0.334905
0.334407
0.333788
0.333237
0.33268
0.332117
0.331587
0.331016
0.330403
0.329903
0.329288
0.328748
0.328248
0.327599
0.327104
0.326539
0.326016
0.3255
0.325028
0.324526
0.32407
0.32351
0.323036
0.322573
0.322121
0.321681
0.321177
0.3208
0.320437
0.320051
0.319678
0.31932
0.3189
0.318533
0.31818
0.317916
0.317666
0.317355
0.317132
0.316808
0.316573
0.31631
0.316096
0.315891
0.315656
0.315505
0.315322
0.315182
0.31497
0.314761
0.314553
0.31442
0.314323
0.314185
0.31408
0.313778
0.313506
0.3133
0.313081
0.312886
0.312525
0.312298
0.312015
0.311711
0.311384
0.310997
0.310623
0.31026
0.309833
0.309301
0.308779
0.308226
0.307681
0.307105
0.306497
0.305858
0.305187
0.304484
0.303713
0.302949
0.302118
0.301296
0.30037
0.299493
0.298517
0.297516
0.296532
0.295605
0.294736
0.293815
0.292805
0.291785
0.29072
0.289688
0.288692
0.287621
0.286592
0.285569
0.284519
0.283595
0.282649
0.281722
0.280779
0.27986
0.279005
0.27818
0.277348
0.276552
0.275754
0.275069
0.274274
0.273633
0.272998
0.272445
0.271899
0.2714
0.270986
0.270619
0.270299
0.270028
0.269804
0.269667
0.269501
0.269457
0.269384
0.269357
0.269412
0.269549
0.26969
0.269836
0.270096
0.27032
0.270581
0.27084
0.271171
0.271572
0.272005
0.272505
0.272958
0.273437
0.273978
0.274541
0.275202
0.275921
0.276506
0.277108
0.277799
0.278428
0.279106
0.279718
0.280453
0.281119
0.281941
0.282654
0.283408
0.284238
0.28488
0.285671
0.286385
0.286982
0.287687
0.28831
0.289039
0.289759
0.290432
0.291132
0.291783
0.292497
0.293159
0.293846
0.294555
0.295136
0.295738
0.296323
0.296852
0.297288
0.297781
0.298254
0.298745
0.299179
0.299593
0.299986
0.300435
0.300788
0.301121
0.301397
0.301652
0.301926
0.302143
0.302417
0.302673
0.30291
0.303017
0.303106
0.303293
0.303539
0.303581
0.303684
0.303735
0.303848
0.303873
0.303962
0.303964
0.304031
0.304012
0.303984
0.303949
0.303943
0.303931
0.303913
0.303777
0.303675
0.303759
0.303726
0.303767
0.303731
0.30377
0.303733
0.303734
0.303812
0.303628
0.30356
0.30357
0.303509
0.303567
0.303668
0.303624
0.30351
0.303517
0.303455
0.303364
0.303432
0.30351
0.303559
0.303657
0.303615
0.303736
0.30387
0.303979
0.304027
0.304165
0.304205
0.304375
0.304525
0.304617
0.304841
0.305123
0.305311
0.305634
0.305941
0.306308
0.30666
0.307037
0.307515
0.307943
0.308396
0.308914
0.309346
0.309919
0.310444
0.311111
0.311731
0.31238
0.313095
0.313764
0.314424
0.315263
0.316018
0.316952
0.317839
0.318753
0.319694
0.320622
0.321574
0.322588
0.323587
0.32457
0.325648
0.326746
0.327862
0.328956
0.330101
0.331296
0.332426
0.333565
0.33471
0.335973
0.337165
0.338357
0.33951
0.340699
0.341806
0.342982
0.344073
0.34519
0.346293
0.34742
0.348492
0.349469
0.350464
0.351473
0.352345
0.353266
0.354198
0.3551
0.356048
0.356926
0.357847
0.35862
0.359397
0.360138
0.360804
0.361508
0.36206
0.362762
0.363274
0.363745
0.364176
0.364566
0.364915
0.365262
0.36553
0.365795
0.365981
0.366204
0.36635
0.366419
0.366412
0.366403
0.366318
0.36627
0.366072
0.365913
0.365681
0.365451
0.365223
0.364924
0.364592
0.364226
0.363828
0.363398
0.362938
0.362523
0.362003
0.361492
0.360953
0.360386
0.359754
0.359132
0.358447
0.357736
0.357039
0.356318
0.355537
0.354696
0.353795
0.352873
0.352006
0.351195
0.350326
0.349401
0.348421
0.347501
0.346451
0.345463
0.34446
0.343407
0.342342
0.341343
0.34026
0.339206
0.338147
0.337197
0.336131
0.335103
0.334037
0.333012
0.331955
0.330866
0.329861
0.32883
0.327774
0.326771
0.325786
0.324784
0.323841
0.322999
0.322185
0.321362
0.320533
0.319776
0.319094
0.318299
0.317659
0.316986
0.316434
0.315816
0.315284
0.416751
0.4163
0.415893
0.415606
0.415289
0.41502
0.414875
0.414703
0.414543
0.41451
0.414602
0.414633
0.41483
0.414851
0.415074
0.415348
0.415671
0.416006
0.416465
0.416934
0.417449
0.418008
0.418611
0.419256
0.419941
0.420664
0.421423
0.422217
0.423006
0.423863
0.424747
0.425658
0.426629
0.427507
0.428519
0.429472
0.430513
0.431376
0.432437
0.433428
0.434535
0.435529
0.436559
0.437622
0.438678
0.439649
0.440609
0.441593
0.442521
0.443469
0.444357
0.445261
0.446026
0.446877
0.447737
0.448565
0.449361
0.450124
0.450812
0.451463
0.452077
0.452613
0.453146
0.453599
0.454047
0.454451
0.454771
0.455122
0.455425
0.455644
0.45574
0.455862
0.455861
0.455886
0.455899
0.455824
0.455586
0.455412
0.455188
0.454875
0.454588
0.454102
0.453716
0.453168
0.452722
0.452113
0.45153
0.450861
0.450218
0.449377
0.448639
0.447779
0.446872
0.445881
0.444808
0.443841
0.44268
0.441552
0.440457
0.439207
0.437878
0.436584
0.435252
0.433806
0.432362
0.430958
0.429521
0.42805
0.426471
0.424861
0.423221
0.421591
0.41986
0.418255
0.416588
0.414899
0.413153
0.411426
0.409644
0.407847
0.405961
0.404102
0.402271
0.400396
0.398629
0.396783
0.3949
0.393056
0.391141
0.389307
0.387519
0.385742
0.383902
0.382154
0.380385
0.378561
0.376986
0.375285
0.373612
0.371928
0.370314
0.368845
0.367261
0.365828
0.364359
0.362931
0.361545
0.360166
0.35887
0.357696
0.356534
0.355308
0.35421
0.353164
0.352133
0.351233
0.350313
0.349487
0.348755
0.348081
0.347427
0.346831
0.346408
0.345893
0.345514
0.345157
0.344783
0.344581
0.344438
0.34424
0.344138
0.344131
0.344143
0.344249
0.34441
0.344625
0.344858
0.345181
0.345633
0.3461
0.346619
0.347189
0.347771
0.348439
0.34908
0.349807
0.350579
0.351397
0.352223
0.353093
0.354045
0.355002
0.356077
0.357156
0.358314
0.359476
0.360677
0.361955
0.363273
0.364591
0.365984
0.367453
0.368846
0.370312
0.371852
0.373465
0.375226
0.37687
0.378434
0.380107
0.381811
0.383584
0.385349
0.387143
0.388965
0.390814
0.392614
0.394554
0.396442
0.398428
0.400435
0.402385
0.404317
0.406264
0.40834
0.41039
0.412452
0.414522
0.416599
0.418719
0.420765
0.422848
0.424892
0.427005
0.429074
0.43102
0.433105
0.435175
0.43719
0.439185
0.441158
0.443032
0.444955
0.446887
0.448712
0.450617
0.452449
0.454093
0.45581
0.457524
0.459196
0.460861
0.462328
0.463862
0.465197
0.466597
0.467946
0.469244
0.470603
0.471837
0.47298
0.474071
0.475034
0.475983
0.476955
0.477839
0.478671
0.479528
0.480261
0.480983
0.481543
0.482209
0.482753
0.483214
0.483745
0.48412
0.484491
0.484898
0.485228
0.48552
0.485776
0.48592
0.48603
0.486106
0.486188
0.486277
0.486259
0.486287
0.486249
0.486258
0.486127
0.485932
0.485786
0.485615
0.485344
0.485088
0.484845
0.484504
0.48414
0.483944
0.483688
0.483412
0.482964
0.482647
0.482274
0.481882
0.481471
0.481043
0.480523
0.480062
0.479547
0.479018
0.478475
0.477957
0.477427
0.476887
0.476299
0.475741
0.475252
0.474643
0.47403
0.473414
0.472759
0.472142
0.471489
0.47084
0.470311
0.469713
0.469125
0.468548
0.467835
0.467327
0.466876
0.466331
0.465885
0.465464
0.465109
0.464671
0.464379
0.463969
0.463672
0.463337
0.463044
0.462793
0.462699
0.462613
0.462575
0.462547
0.462608
0.46272
0.462809
0.463065
0.4633
0.463627
0.46401
0.464411
0.464867
0.465417
0.466023
0.466759
0.467437
0.468244
0.469028
0.469825
0.470785
0.471718
0.472773
0.473834
0.474862
0.475968
0.477149
0.478291
0.479503
0.480745
0.482053
0.483422
0.4847
0.485996
0.487384
0.48882
0.490266
0.491679
0.492981
0.494359
0.495808
0.497213
0.498608
0.500028
0.501357
0.502818
0.504071
0.505338
0.506616
0.50794
0.509083
0.51023
0.511379
0.512527
0.51356
0.51459
0.515463
0.516368
0.51734
0.518188
0.519064
0.519738
0.520324
0.520972
0.521566
0.522107
0.522593
0.522986
0.5234
0.523719
0.523907
0.524189
0.524302
0.524396
0.524471
0.524451
0.524374
0.524353
0.524239
0.523916
0.523651
0.52329
0.522836
0.522363
0.521909
0.521323
0.520682
0.520023
0.51946
0.518729
0.517829
0.516913
0.515942
0.514956
0.513877
0.512783
0.511636
0.510398
0.509109
0.507767
0.506375
0.504894
0.503402
0.501824
0.500275
0.498679
0.497077
0.495318
0.493518
0.491677
0.489797
0.487919
0.486044
0.484137
0.482199
0.480159
0.478206
0.476119
0.474012
0.471927
0.469753
0.467683
0.465606
0.463487
0.461407
0.459443
0.457335
0.455124
0.453079
0.451012
0.448967
0.446907
0.444836
0.442833
0.4409
0.43904
0.437179
0.435319
0.433538
0.4318
0.430105
0.428418
0.426815
0.425334
0.423862
0.4224
0.420985
0.419616
0.418293
0.417015
0.415781
0.414552
0.413402
0.412215
0.411143
0.410106
0.40918
0.408211
0.407385
0.406437
0.405591
0.404619
0.403822
0.403046
0.402213
0.401548
0.400787
0.400078
0.399383
0.398661
0.397913
0.397213
0.396562
0.395919
0.395287
0.394551
0.393863
0.393223
0.392632
0.391976
0.391409
0.390893
0.390393
0.389872
0.389294
0.388773
0.388199
0.387761
0.38735
0.386966
0.386574
0.386213
0.385848
0.385558
0.38523
0.385133
0.385004
0.384882
0.384693
0.384631
0.384694
0.384697
0.38483
0.385019
0.385304
0.38561
0.3859
0.386364
0.386814
0.387364
0.388015
0.388804
0.389542
0.390305
0.391055
0.392056
0.393043
0.394127
0.395232
0.396358
0.397615
0.398964
0.400403
0.40178
0.403206
0.404677
0.406229
0.407861
0.409494
0.4112
0.412865
0.414485
0.416245
0.418068
0.419799
0.421586
0.42335
0.425278
0.427102
0.428856
0.430613
0.432521
0.434388
0.43621
0.438061
0.439899
0.441722
0.443451
0.445122
0.446807
0.448466
0.450097
0.451698
0.453304
0.454874
0.456407
0.457864
0.459242
0.460579
0.461948
0.463309
0.464549
0.465855
0.466963
0.468248
0.469296
0.470333
0.471319
0.472254
0.473139
0.473975
0.474723
0.475534
0.476336
0.47709
0.477683
0.47823
0.478732
0.479265
0.479793
0.480203
0.480497
0.480751
0.480892
0.481072
0.481216
0.481363
0.481439
0.481598
0.481651
0.481637
0.481632
0.481451
0.481283
0.481241
0.481063
0.480863
0.48064
0.480359
0.480171
0.479923
0.479731
0.479519
0.479287
0.479034
0.478649
0.478319
0.477931
0.477637
0.477247
0.476911
0.476441
0.475986
0.47551
0.475048
0.474488
0.473941
0.473371
0.472775
0.472193
0.471586
0.470878
0.470144
0.469423
0.468638
0.467829
0.467145
0.466475
0.465555
0.464687
0.463722
0.462811
0.461804
0.460856
0.459891
0.458913
0.457922
0.456884
0.455876
0.454939
0.453849
0.452837
0.451868
0.450869
0.449921
0.448989
0.448002
0.447076
0.44614
0.445349
0.444558
0.443769
0.442987
0.442291
0.441611
0.441063
0.440538
0.440077
0.439683
0.439321
0.439107
0.438931
0.43887
0.438964
0.438951
0.439057
0.439322
0.439593
0.439948
0.440422
0.440978
0.441652
0.442404
0.443157
0.44406
0.444959
0.446002
0.44711
0.448278
0.449579
0.45082
0.452147
0.453479
0.454812
0.456216
0.457726
0.459184
0.460699
0.462189
0.463611
0.465112
0.46665
0.468106
0.46959
0.471097
0.472623
0.474013
0.475301
0.476634
0.477972
0.479271
0.480569
0.481822
0.483068
0.484152
0.485224
0.486206
0.487134
0.488006
0.488822
0.48958
0.490355
0.491032
0.491536
0.492168
0.49274
0.493137
0.49351
0.493859
0.494185
0.494299
0.494465
0.494533
0.494579
0.494453
0.494381
0.494289
0.493989
0.493746
0.493411
0.493097
0.492654
0.492006
0.491457
0.490856
0.490167
0.48958
0.488793
0.487997
0.487191
0.486302
0.485482
0.484505
0.483525
0.482467
0.481295
0.480274
0.479065
0.477897
0.476695
0.475462
0.474236
0.472793
0.471473
0.470016
0.468686
0.467335
0.465851
0.464349
0.462906
0.461374
0.459831
0.458277
0.456717
0.455227
0.453583
0.452015
0.450411
0.448887
0.447332
0.445786
0.44429
0.442845
0.441342
0.439895
0.438471
0.437108
0.43581
0.434504
0.433193
0.431916
0.430638
0.429439
0.428205
0.427129
0.426061
0.424967
0.423961
0.423009
0.422148
0.421458
0.42075
0.420063
0.419398
0.418868
0.418325
0.417958
0.417577
0.417259
0.416928
0.416735
0.416642
0.416572
0.416601
0.41654
0.416651
0.416896
0.417122
0.417364
0.417774
0.418161
0.418561
0.419046
0.419653
0.420267
0.420922
0.421466
0.422237
0.423005
0.423769
0.424603
0.425389
0.426164
0.427077
0.428013
0.429006
0.429981
0.430933
0.431863
0.43288
0.433833
0.434833
0.435764
0.436739
0.437755
0.438811
0.43983
0.440962
0.441978
0.443029
0.444075
0.445001
0.445997
0.446946
0.447961
0.448889
0.44988
0.450821
0.451671
0.452618
0.453473
0.454386
0.455242
0.456115
0.45693
0.457722
0.458453
0.459311
0.460068
0.460684
0.461347
0.46198
0.46258
0.463185
0.463681
0.464141
0.464526
0.464911
0.465293
0.465595
0.465892
0.466143
0.466423
0.466616
0.466684
0.466662
0.466701
0.466646
0.466573
0.466443
0.466102
0.465813
0.465424
0.465045
0.464564
0.464015
0.46336
0.462637
0.461957
0.461132
0.460237
0.459308
0.458231
0.457083
0.455863
0.454609
0.453247
0.451778
0.450278
0.44875
0.447157
0.445538
0.443821
0.442122
0.440255
0.43845
0.436447
0.434476
0.432503
0.430457
0.428344
0.426169
0.423977
0.421847
0.419635
0.417461
0.415332
0.413217
0.411198
0.409132
0.407138
0.405227
0.403405
0.401528
0.399792
0.398092
0.396435
0.394828
0.393316
0.391981
0.390717
0.389566
0.388536
0.387708
0.387012
0.386414
0.385917
0.385641
0.385473
0.38538
0.385552
0.385765
0.386209
0.386771
0.387525
0.388397
0.389385
0.390562
0.391851
0.393289
0.394833
0.396594
0.398492
0.400561
0.402758
0.404964
0.407365
0.483342
0.487434
0.488981
0.491355
0.496949
0.504394
0.508707
0.505382
0.494898
0.479614
0.462704
0.447014
0.433759
0.424468
0.421834
0.428981
0.445171
0.466378
0.487656
0.50604
0.521713
0.536676
0.55203
0.567129
0.580859
0.591781
0.59918
0.603298
0.604597
0.603733
0.60005
0.59329
0.583171
0.570116
0.555583
0.541367
0.529369
0.52128
0.517032
0.516271
0.517588
0.519075
0.517618
0.511198
0.499282
0.482401
0.462889
0.443844
0.4289
0.418936
0.413744
0.410703
0.40828
0.404372
0.398193
0.390468
0.382443
0.375986
0.372502
0.373213
0.378833
0.389186
0.404164
0.422209
0.441232
0.460013
0.477113
0.490974
0.501131
0.507783
0.510967
0.51165
0.510571
0.509573
0.507781
0.504812
0.500202
0.492844
0.482874
0.471801
0.460826
0.45142
0.443771
0.438354
0.43563
0.435448
0.438053
0.443204
0.449172
0.454445
0.457722
0.459604
0.461246
0.463807
0.46707
0.469649
0.469977
0.467609
0.462697
0.456292
0.44947
0.443692
0.439899
0.438432
0.43853
0.439225
0.439146
0.438044
0.435718
0.434287
0.435259
0.437998
0.441988
0.444752
0.445148
0.443254
0.441001
0.440023
0.441483
0.444936
0.44881
0.450784
0.450457
0.4485
0.447313
0.448414
0.453368
0.462306
0.474486
0.489082
0.503608
0.516972
0.527679
0.534595
0.537895
0.537144
0.532915
0.524864
0.512412
0.49704
0.479999
0.462617
0.44702
0.434506
0.427878
0.430064
0.442043
0.462202
0.485992
0.508538
0.526155
0.536949
0.540176
0.535858
0.525479
0.510124
0.492078
0.472617
0.452406
0.432603
0.414161
0.398357
0.387627
0.382369
0.382656
0.387685
0.395037
0.403104
0.410844
0.417939
0.426635
0.439292
0.457108
0.477192
0.49514
0.508044
0.513472
0.512475
0.506884
0.499162
0.49202
0.488235
0.488706
0.494543
0.504064
0.51487
0.523531
0.528494
0.528714
0.525483
0.520034
0.513963
0.507251
0.500185
0.492116
0.482682
0.471785
0.460818
0.452833
0.451945
0.460843
0.479059
0.503129
0.527579
0.547498
0.561269
0.568219
0.568896
0.563755
0.554182
0.541772
0.527239
0.513411
0.500903
0.490512
0.481214
0.47078
0.455808
0.434523
0.406228
0.37253
0.336398
0.301482
0.273341
0.257185
0.256411
0.271175
0.298471
0.332915
0.369961
0.404954
0.434845
0.45695
0.470624
0.475741
0.474548
0.470653
0.467784
0.469224
0.476705
0.490442
0.508432
0.527745
0.545234
0.559426
0.568639
0.571791
0.56846
0.558848
0.543862
0.524561
0.502128
0.478819
0.456727
0.438443
0.424834
0.416613
0.414547
0.41876
0.428613
0.441511
0.456163
0.470623
0.484012
0.496426
0.50782
0.516921
0.523174
0.525769
0.524392
0.518478
0.509809
0.498508
0.486971
0.476558
0.468194
0.462604
0.459807
0.460659
0.465881
0.474742
0.485953
0.497591
0.507197
0.51488
0.520029
0.523437
0.525177
0.523851
0.517876
0.50777
0.494624
0.480426
0.467104
0.45542
0.445756
0.437765
0.43124
0.42545
0.42037
0.416135
0.414198
0.414604
0.416184
0.415955
0.411426
0.402186
0.390262
0.379289
0.373156
0.37475
0.383976
0.4001
0.420856
0.443471
0.464819
0.482535
0.494328
0.499186
0.497081
0.488931
0.47649
0.462377
0.448825
0.437492
0.429072
0.424212
0.421879
0.42174
0.423612
0.427333
0.432492
0.438334
0.443541
0.445646
0.443674
0.438006
0.430536
0.423365
0.41807
0.41521
0.415518
0.418305
0.424753
0.435189
0.449407
0.465963
0.481728
0.493454
0.497114
0.490792
0.474209
0.449747
0.420698
0.391879
0.367297
0.349462
0.339721
0.337202
0.3404
0.346368
0.352033
0.3552
0.35519
0.353407
0.352761
0.355188
0.36019
0.364324
0.36591
0.365359
0.365607
0.369676
0.380715
0.399515
0.424718
0.453667
0.481094
0.503271
0.515218
0.515151
0.502781
0.481015
0.454603
0.429257
0.411255
0.404455
0.409819
0.423972
0.44254
0.461307
0.477512
0.489224
0.496057
0.498078
0.496347
0.49254
0.487896
0.484145
0.482658
0.483965
0.488256
0.494022
0.499925
0.504782
0.506963
0.506384
0.50171
0.493098
0.479252
0.460665
0.439201
0.416946
0.397291
0.381788
0.37105
0.364506
0.361486
0.361732
0.36561
0.373949
0.387933
0.4054
0.424182
0.441481
0.455013
0.463674
0.468233
0.468846
0.465303
0.457928
0.448162
0.437399
0.428497
0.424033
0.425535
0.433827
0.447432
0.463957
0.482555
0.501298
0.520397
0.53985
0.559722
0.578871
0.59679
0.611976
0.623453
0.630059
0.63218
0.629957
0.625255
0.620424
0.616172
0.612667
0.607944
0.600824
0.590202
0.575249
0.555328
0.530555
0.501943
0.471434
0.443563
0.421576
0.40803
0.403335
0.406135
0.414413
0.425163
0.437601
0.450151
0.462329
0.474049
0.484529
0.492617
0.496377
0.494854
0.487022
0.474405
0.459394
0.445866
0.436264
0.431334
0.430546
0.433365
0.437967
0.443159
0.448387
0.452939
0.456587
0.458543
0.458057
0.454348
0.447468
0.437724
0.426205
0.41581
0.408867
0.407764
0.412797
0.423201
0.4374
0.455669
0.477129
0.50177
0.527645
0.552451
0.574621
0.592631
0.606364
0.615512
0.620279
0.620322
0.615377
0.606168
0.592686
0.576165
0.557133
0.537722
0.519519
0.503435
0.490219
0.480181
0.473159
0.46862
0.466493
0.4664
0.467642
0.470135
0.474152
0.478648
0.483376
0.487135
0.489021
0.486933
0.480413
0.469099
0.455103
0.441773
0.433385
0.432787
0.440489
0.454065
0.469376
0.482127
0.489378
0.491568
0.489077
0.482613
0.473625
0.46391
0.457781
0.458043
0.465053
0.476129
0.486855
0.494043
0.49726
0.496035
0.489811
0.47863
0.465166
0.455461
0.453654
0.45781
0.46227
0.461961
0.456518
0.448694
0.44121
0.435991
0.432385
0.429555
0.427527
0.427795
0.430887
0.436967
0.445016
0.454001
0.462672
0.469179
0.472408
0.472062
0.468352
0.463228
0.458287
0.455461
0.456247
0.46091
0.469216
0.478453
0.486836
0.491195
0.489869
0.481639
0.466052
0.443787
0.416666
0.387621
0.359674
0.336475
0.321309
0.315518
0.320149
0.333412
0.352857
0.375975
0.39985
0.422484
0.441002
0.454539
0.463905
0.470216
0.474284
0.475309
0.47362
0.469978
0.46575
0.463876
0.464893
0.467694
0.47104
0.4737
0.475964
0.478722
0.482673
0.488585
0.496367
0.504586
0.510858
0.513587
0.511665
0.504951
0.494956
0.483944
0.47436
0.46577
0.458793
0.452612
0.448208
0.445571
0.443979
0.441495
0.436511
0.429668
0.422108
0.417368
0.415859
0.415495
0.4137
0.409318
0.404258
0.401229
0.402786
0.409997
0.42263
0.438331
0.45411
0.466519
0.47329
0.473183
0.466083
0.453409
0.436969
0.41993
0.405724
0.395867
0.391864
0.393119
0.398872
0.406152
0.412782
0.417265
0.418882
0.417848
0.416626
0.418439
0.425484
0.438341
0.456062
0.475258
0.492237
0.503791
0.507893
0.503508
0.490619
0.470422
0.445869
0.421939
0.40315
0.393071
0.391488
0.397446
0.407741
0.420012
0.431563
0.440829
0.447541
0.451919
0.455417
0.460628
0.470241
0.483896
0.500711
0.518078
0.534851
0.551371
0.566967
0.581082
0.59223
0.599136
0.60062
0.595909
0.586051
0.57184
0.555028
0.536746
0.517331
0.496728
0.475248
0.453082
0.431206
0.410277
0.391975
0.378179
0.369704
0.368399
0.373217
0.3819
0.392666
0.402615
0.409968
0.413653
0.413802
0.410681
0.405778
0.400175
0.394879
0.39084
0.388824
0.388676
0.391046
0.39591
0.402769
0.412618
0.425106
0.438975
0.453003
0.465087
0.473882
0.477774
0.477043
0.472607
0.466553
0.460789
0.457364
0.457516
0.460924
0.466642
0.474693
0.485157
0.498282
0.51276
0.526751
0.537346
0.543593
0.544537
0.541195
0.535181
0.528444
0.522222
0.517617
0.514056
0.511141
0.507878
0.50274
0.494889
0.483603
0.469928
0.454974
0.440421
0.428289
0.420449
0.419056
0.423873
0.43384
0.445691
0.456398
0.462862
0.464314
0.461306
0.456164
0.452113
0.451504
0.45564
0.463857
0.473954
0.483249
0.489457
0.492282
0.492638
0.490641
0.48754
0.483552
0.478692
0.472733
0.466028
0.459168
0.452475
0.447057
0.442321
0.437898
0.433689
0.428522
0.422734
0.416271
0.40929
0.402452
0.396116
0.390072
0.384635
0.380411
0.379132
0.383364
0.39293
0.406796
0.422239
0.436345
0.447631
0.455654
0.460652
0.462903
0.462796
0.460933
0.457996
0.454106
0.45036
0.447507
0.445935
0.445007
0.443817
0.441492
0.437829
0.433124
0.428857
0.426209
0.425409
0.426313
0.428231
0.430771
0.435048
0.441937
0.45267
0.466394
0.481448
0.495239
0.504965
0.508583
0.506473
0.498253
0.48492
0.46838
0.449566
0.430528
0.412181
0.393966
0.377233
0.362323
0.349837
0.341741
0.339429
0.342321
0.35013
0.361943
0.375733
0.390452
0.404823
0.418525
0.43143
0.442537
0.451086
0.456537
0.45936
0.459468
0.456733
0.450867
0.441449
0.428775
0.414771
0.400926
0.388676
0.379386
0.373157
0.368523
0.363438
0.357856
0.350854
0.344043
0.339423
0.338058
0.341781
0.349507
0.359917
0.370567
0.378987
0.383134
0.382705
0.377182
0.367325
0.353906
0.33947
0.326619
0.319486
0.320025
0.32911
0.34528
0.366207
0.388781
0.410345
0.429358
0.445332
0.458057
0.468276
0.476616
0.484674
0.494447
0.506631
0.521444
0.535636
0.546196
0.550511
0.548077
0.539368
0.527793
0.515048
0.502968
0.4926
0.484625
0.479387
0.476909
0.476955
0.476777
0.474891
0.469041
0.45988
0.448605
0.437445
0.427883
0.420505
0.415732
0.413473
0.412222
0.411834
0.412289
0.413597
0.417066
0.423802
0.434725
0.449883
0.469089
0.49188
0.515446
0.538533
0.55806
0.572162
0.579139
0.579543
0.574543
0.566188
0.556933
0.547449
0.537149
0.5259
0.513198
0.50001
0.488727
0.481751
0.480397
0.483878
0.490387
0.497469
0.50264
0.504335
0.501623
0.495048
0.485664
0.47483
0.465879
0.459726
0.457055
0.456904
0.457967
0.459871
0.462565
0.466314
0.470077
0.47237
0.471892
0.469838
0.46805
0.468828
0.47361
0.4817
0.492439
0.503726
0.51384
0.520653
0.522938
0.520212
0.512758
0.502087
0.489936
0.478108
0.468133
0.460133
0.452598
0.444492
0.434269
0.421871
0.409394
0.399009
0.394275
0.395778
0.403373
0.416014
0.431431
0.448366
0.464527
0.478066
0.487441
0.491644
0.490018
0.482414
0.46921
0.452873
0.436694
0.425408
0.424295
0.434073
0.451334
0.47177
0.489624
0.502337
0.508333
0.507838
0.501482
0.490684
0.478496
0.468189
0.460343
0.454755
0.449675
0.443383
0.434836
0.424167
0.412813
0.404049
0.399398
0.398475
0.399678
0.401426
0.403226
0.406895
0.415608
0.43229
0.458292
0.491622
0.52687
0.558791
0.58305
0.597478
0.601033
0.594732
0.580208
0.559978
0.537944
0.518697
0.508203
0.508993
0.519763
0.535613
0.551396
0.563032
0.568422
0.566777
0.557445
0.540821
0.518785
0.493823
0.469565
0.449304
0.435427
0.428445
0.426523
0.427048
0.428761
0.429877
0.430427
0.43082
0.43121
0.432287
0.43469
0.439899
0.448081
0.458592
0.468857
0.476167
0.478183
0.473724
0.463692
0.450562
0.436657
0.425635
0.420864
0.42478
0.438123
0.459028
0.483957
0.50953
0.531827
0.548808
0.559606
0.564985
0.566027
0.563995
0.559261
0.550828
0.53917
0.523949
0.505803
0.485203
0.464958
0.449827
0.446112
0.456054
0.47684
0.499858
0.519085
0.532103
0.538654
0.53979
0.536769
0.530821
0.522282
0.512491
0.502153
0.492143
0.48248
0.472973
0.463251
0.454182
0.44734
0.443367
0.44219
0.442353
0.442829
0.441878
0.439105
0.434208
0.428111
0.421404
0.41523
0.41143
0.410283
0.412614
0.417755
0.42456
0.430176
0.433759
0.435136
0.436525
0.440752
0.45021
0.465945
0.485154
0.50458
0.520962
0.532773
0.539156
0.540241
0.536308
0.527968
0.516544
0.503189
0.489796
0.478344
0.470152
0.46539
0.464788
0.467997
0.47427
0.48351
0.493748
0.504142
0.513553
0.520986
0.525201
0.525628
0.522635
0.515936
0.507061
0.497559
0.489142
0.483787
0.481468
0.482544
0.485879
0.489605
0.491561
0.489376
0.481797
0.467685
0.446828
0.420682
0.392609
0.365513
0.344233
0.333934
0.335978
0.349935
0.371085
0.39417
0.415352
0.432032
0.443953
0.451477
0.45658
0.460909
0.466392
0.47427
0.484533
0.496208
0.506672
0.514403
0.517757
0.516065
0.509223
0.497887
0.482788
0.46567
0.448883
0.434129
0.423426
0.417465
0.416551
0.420677
0.427718
0.436095
0.443926
0.450715
0.457376
0.46438
0.472495
0.480364
0.487517
0.493923
0.499785
0.504903
0.509659
0.513806
0.517412
0.519514
0.520129
0.519704
0.518761
0.516805
0.513231
0.506631
0.494984
0.477627
0.454089
0.425961
0.396242
0.368554
0.347006
0.33595
0.33733
0.351139
0.374185
0.401951
0.431165
0.458273
0.482429
0.502491
0.517671
0.527566
0.532464
0.532444
0.528967
0.523346
0.517565
0.513223
0.512107
0.513689
0.517072
0.521212
0.524038
0.523269
0.517288
0.504987
0.487197
0.4648
0.44216
0.421185
0.404218
0.391712
0.384511
0.383067
0.389738
0.40388
0.42433
0.44808
0.471299
0.492119
0.508603
0.520807
0.528555
0.532614
0.533381
0.531483
0.527712
0.522344
0.515159
0.506343
0.495868
0.48519
0.475862
0.470261
0.469035
0.471662
0.476831
0.483927
0.491112
0.497057
0.500269
0.500382
0.497056
0.491049
0.483617
0.475132
0.466977
0.460243
0.45466
0.450684
0.447147
0.443472
0.440199
0.438243
0.438772
0.442321
0.448043
0.45441
0.460639
0.465805
0.468545
0.467266
0.459711
0.446135
0.426987
0.406436
0.39101
0.386761
0.396091
0.416644
0.444522
0.47446
0.503119
0.527945
0.548355
0.564278
0.575941
0.583569
0.587863
0.588536
0.58575
0.579587
0.570545
0.560136
0.549737
0.540507
0.531511
0.522444
0.513075
0.504519
0.498269
0.493846
0.490629
0.487081
0.482117
0.47597
0.469158
0.463096
0.460672
0.462057
0.467141
0.475626
0.486117
0.497292
0.507807
0.516653
0.522313
0.52388
0.520605
0.513648
0.50491
0.497189
0.493743
0.496116
0.505449
0.520225
0.538207
0.557088
0.574717
0.58864
0.597864
0.600403
0.595213
0.582256
0.563005
0.540172
0.518768
0.502133
0.491496
0.485985
0.483953
0.484363
0.486126
0.489486
0.494757
0.501137
0.508827
0.516749
0.524437
0.531906
0.538941
0.546099
0.552099
0.554914
0.553362
0.546408
0.535529
0.524158
0.514863
0.510372
0.510889
0.516269
0.525134
0.535905
0.546525
0.555716
0.560181
0.558685
0.55133
0.539277
0.524654
0.511022
0.500991
0.496376
0.497883
0.504832
0.51604
0.530277
0.54576
0.561089
0.57458
0.584258
0.588769
0.587169
0.580485
0.569972
0.557804
0.545669
0.534845
0.525433
0.518256
0.51213
0.506348
0.500221
0.49307
0.484744
0.476995
0.470491
0.466185
0.463468
0.462122
0.46134
0.460645
0.459756
0.457958
0.455967
0.453738
0.451414
0.449422
0.448745
0.450538
0.455381
0.462933
0.47163
0.47903
0.484036
0.484821
0.48276
0.479059
0.476181
0.474892
0.473868
0.470405
0.462378
0.447751
0.427435
0.404474
0.383069
0.367421
0.361068
0.365294
0.379861
0.402867
0.430378
0.458189
0.480805
0.495112
0.49855
0.491481
0.476116
0.456452
0.436745
0.419299
0.404786
0.3924
0.381938
0.372862
0.365136
0.359013
0.354482
0.351177
0.350208
0.349975
0.350696
0.35245
0.355454
0.360087
0.366143
0.373278
0.381823
0.391212
0.401272
0.411839
0.421238
0.427759
0.429828
0.426887
0.418935
0.407306
0.394021
0.381946
0.373046
0.369028
0.370484
0.377764
0.390364
0.406799
0.424852
0.442309
0.457096
0.468163
0.475225
0.47948
0.481547
0.482056
0.481386
0.480115
0.477733
0.474122
0.46928
0.462843
0.454363
0.444351
0.433838
0.424091
0.416852
0.41293
0.412824
0.417415
0.425896
0.437531
0.452359
0.469905
0.490665
0.513299
0.5371
0.559687
0.578829
0.59247
0.598603
0.596637
0.58655
0.569464
0.547585
0.524111
0.502507
0.484685
0.47148
0.461732
0.453544
0.445465
0.43661
0.427157
0.418206
0.411318
0.407334
0.406078
0.407198
0.409443
0.41114
0.41127
0.409428
0.40649
0.403651
0.402446
0.403496
0.40758
0.414867
0.425054
0.43736
0.44997
0.460252
0.465611
0.464146
0.454166
0.436134
0.413268
0.391072
0.376566
0.374797
0.387906
0.412796
0.444623
0.478627
0.512669
0.545264
0.575218
0.60051
0.620236
0.632376
0.636429
0.632988
0.624246
0.612203
0.598387
0.585567
0.575184
0.569122
0.567303
0.569044
0.57321
0.578278
0.582087
0.581684
0.575618
0.561823
0.539607
0.50999
0.476843
0.44707
0.427319
0.420546
0.425405
0.437005
0.451511
0.466758
0.481444
0.4952
0.50723
0.516236
0.520937
0.521378
0.516844
0.508837
0.499509
0.492131
0.487428
0.486374
0.48851
0.492938
0.499211
0.50616
0.514015
0.522111
0.529642
0.535668
0.53863
0.537034
0.529519
0.515451
0.496016
0.472826
0.4488
0.427658
0.412663
0.407508
0.414315
0.432891
0.460667
0.493272
0.525206
0.551153
0.569011
0.579335
0.58362
0.585108
0.585425
0.585218
0.584339
0.582281
0.578268
0.572663
0.566623
0.560958
0.556507
0.553327
0.551793
0.551595
0.552749
0.554925
0.557423
0.560071
0.562076
0.562176
0.56043
0.557481
0.555433
0.55507
0.557358
0.562381
0.568584
0.574477
0.57847
0.577932
0.571923
0.558969
0.538561
0.51196
0.481994
0.452406
0.425782
0.403646
0.387076
0.37729
0.374671
0.379352
0.39162
0.409787
0.431022
0.451981
0.469732
0.483961
0.495288
0.504866
0.513808
0.522767
0.531369
0.538421
0.542597
0.54295
0.539708
0.534419
0.529162
0.524204
0.517221
0.504907
0.486364
0.462678
0.439622
0.424219
0.421843
0.433263
0.454154
0.477603
0.497137
0.508743
0.510023
0.501693
0.485555
0.464225
0.441826
0.422505
0.410128
0.40767
0.415461
0.432309
0.453926
0.475028
0.490721
0.497783
0.494957
0.483305
0.465456
0.444166
0.423776
0.406569
0.393905
0.385365
0.381025
0.380109
0.381591
0.384181
0.386531
0.387774
0.389013
0.392464
0.400347
0.414101
0.433444
0.457066
0.482802
0.507714
0.528687
0.543746
0.551437
0.551151
0.543358
0.52982
0.51247
0.493672
0.475249
0.458015
0.441984
0.427466
0.414643
0.404278
0.397528
0.39506
0.396504
0.400431
0.405668
0.410843
0.416089
0.421635
0.427537
0.433617
0.438927
0.442759
0.443911
0.440986
0.43319
0.421289
0.406152
0.389976
0.375874
0.365258
0.359195
0.357282
0.359684
0.366264
0.376333
0.388193
0.400281
0.410326
0.417151
0.419717
0.418874
0.416009
0.411608
0.406492
0.401355
0.397288
0.395664
0.397745
0.402736
0.407846
0.410579
0.411334
0.412419
0.41764
0.428244
0.44181
0.453441
0.458616
0.456003
0.44628
0.432575
0.418962
0.409552
0.404389
0.401974
0.398813
0.392502
0.38254
0.370635
0.358636
0.350141
0.346771
0.351471
0.365673
0.388192
0.414947
0.440418
0.458852
0.468004
0.468218
0.461916
0.453826
0.448773
0.448707
0.453138
0.459698
0.465993
0.469806
0.468961
0.462658
0.451701
0.438568
0.425849
0.417449
0.41443
0.418448
0.429108
0.445432
0.465128
0.483809
0.498034
0.504523
0.501563
0.489631
0.469077
0.44251
0.412314
0.382358
0.356506
0.337661
0.327531
0.327406
0.338013
0.359302
0.389718
0.425257
0.460897
0.491535
0.513972
0.526725
0.530839
0.5281
0.520282
0.509859
0.498875
0.488894
0.48061
0.475557
0.473356
0.47344
0.475046
0.477394
0.480585
0.484241
0.489297
0.494753
0.499362
0.502115
0.503231
0.502568
0.501148
0.499121
0.495497
0.489661
0.479835
0.467072
0.453533
0.442268
0.436647
0.439163
0.449026
0.463848
0.480538
0.495762
0.507028
0.512248
0.511322
0.504777
0.494083
0.48086
0.468122
0.458312
0.454013
0.456956
0.466463
0.480882
0.498162
0.516219
0.533175
0.547586
0.558068
0.564632
0.56741
0.566853
0.563885
0.560304
0.556521
0.552398
0.548102
0.543071
0.537109
0.53056
0.524428
0.519198
0.515691
0.51247
0.508375
0.501785
0.491867
0.47975
0.466362
0.453103
0.442071
0.436297
0.43768
0.447814
0.464512
0.483927
0.500895
0.512239
0.516494
0.515035
0.510555
0.505348
0.500939
0.497193
0.493623
0.49025
0.487215
0.483897
0.480398
0.477127
0.47645
0.479957
0.48759
0.498159
0.509888
0.522229
0.53466
0.547298
0.558687
0.567497
0.571761
0.569633
0.560275
0.543519
0.521448
0.496185
0.471163
0.449673
0.433836
0.423369
0.415777
0.408804
0.401395
0.394597
0.388865
0.385718
0.385851
0.38879
0.393481
0.399511
0.405834
0.411773
0.416426
0.419679
0.421601
0.422025
0.42104
0.419274
0.41662
0.413844
0.411692
0.411505
0.413633
0.416906
0.420204
0.422138
0.421833
0.419768
0.414921
0.40845
0.400974
0.393118
0.386491
0.383346
0.385449
0.393416
0.406397
0.423295
0.442181
0.460845
0.478278
0.493565
0.505505
0.513653
0.517576
0.517375
0.513697
0.507733
0.50084
0.494282
0.490084
0.488763
0.490597
0.494511
0.49973
0.504937
0.508944
0.511363
0.512562
0.512497
0.512072
0.511802
0.512618
0.51482
0.517872
0.519923
0.519948
0.516977
0.510348
0.500377
0.4874
0.472377
0.456052
0.441022
0.431548
0.431163
0.44058
0.45561
0.470363
0.481732
0.489876
0.496636
0.503845
0.511531
0.519108
0.525686
0.531041
0.535325
0.539481
0.542555
0.545302
0.547716
0.550091
0.552525
0.555534
0.559241
0.563031
0.567144
0.570565
0.572617
0.571548
0.567305
0.559701
0.549075
0.535855
0.520674
0.505089
0.491461
0.482605
0.481797
0.490088
0.506285
0.526138
0.545304
0.560293
0.569645
0.572836
0.571699
0.569047
0.567489
0.567107
0.567089
0.564921
0.558713
0.546921
0.529849
0.508971
0.486449
0.464606
0.444642
0.426618
0.409345
0.392777
0.378553
0.368004
0.362415
0.361988
0.36688
0.376049
0.389555
0.405835
0.424849
0.446573
0.469956
0.493556
0.515226
0.533379
0.547329
0.557429
0.564139
0.568537
0.570239
0.569131
0.563671
0.552482
0.534083
0.50744
0.473887
0.436616
0.399682
0.367113
0.341567
0.323161
0.311826
0.306489
0.308801
0.319202
0.338163
0.363686
0.393919
0.426438
0.458574
0.487645
0.511504
0.528481
0.53806
0.539358
0.532894
0.519764
0.50107
0.478363
0.454153
0.430249
0.408474
0.391046
0.378569
0.371866
0.369602
0.369355
0.369534
0.371974
0.382239
0.405362
0.441638
0.484074
0.522301
0.549793
0.566545
0.575163
0.579073
0.580543
0.579314
0.57554
0.56843
0.558938
0.547967
0.53688
0.526785
0.517193
0.508217
0.500018
0.494145
0.491612
0.493926
0.500408
0.50724
0.510452
0.507119
0.497191
0.482783
0.466625
0.452896
0.444091
0.441478
0.445407
0.454644
0.466466
0.477901
0.486772
0.493901
0.501626
0.512306
0.526202
0.541169
0.555307
0.566566
0.573596
0.575855
0.571672
0.56167
0.547482
0.531523
0.516108
0.50475
0.497602
0.493979
0.49373
0.495276
0.497394
0.498825
0.498478
0.495315
0.490143
0.484586
0.479956
0.477947
0.478099
0.47895
0.47871
0.477015
0.474541
0.472719
0.473234
0.475841
0.479842
0.483781
0.486514
0.487961
0.488068
0.487962
0.488393
0.491098
0.496926
0.50609
0.516333
0.524837
0.529278
0.529334
0.525904
0.521545
0.518278
0.517069
0.518228
0.520591
0.522659
0.522931
0.520684
0.515013
0.505495
0.49213
0.474638
0.452896
0.428033
0.403691
0.383615
0.371074
0.365565
0.364778
0.363815
0.359216
0.349978
0.337951
0.3258
0.316858
0.313814
0.317054
0.326106
0.339729
0.355203
0.370056
0.382853
0.39306
0.401934
0.411075
0.422297
0.434321
0.445218
0.451809
0.452419
0.444768
0.429311
0.40755
0.382036
0.356651
0.336157
0.324265
0.322243
0.327107
0.334921
0.34253
0.349019
0.355661
0.363779
0.375127
0.389666
0.407732
0.427444
0.447218
0.464965
0.478667
0.487466
0.489832
0.485688
0.474849
0.457928
0.437715
0.418623
0.404903
0.400949
0.407157
0.421341
0.438227
0.453705
0.465016
0.471312
0.473146
0.471883
0.469034
0.466334
0.465698
0.466573
0.467387
0.466024
0.46109
0.450549
0.43594
0.419525
0.403836
0.390312
0.378714
0.370199
0.364546
0.361994
0.361382
0.36187
0.361739
0.361895
0.36457
0.37212
0.385965
0.405452
0.428405
0.452005
0.473352
0.489915
0.501406
0.507834
0.509723
0.508162
0.503223
0.496191
0.4866
0.475177
0.462635
0.449603
0.43632
0.426074
0.421369
0.425877
0.441344
0.466052
0.496188
0.525773
0.548361
0.560936
0.563198
0.556799
0.543163
0.525425
0.505094
0.485209
0.467912
0.456055
0.449498
0.447295
0.449696
0.456775
0.467577
0.480723
0.494188
0.504876
0.511064
0.512252
0.508628
0.500196
0.488304
0.472545
0.455062
0.437068
0.420824
0.408492
0.401832
0.402539
0.410714
0.424959
0.443672
0.463217
0.481563
0.494608
0.501249
0.500262
0.492378
0.479656
0.465006
0.451433
0.4413
0.434373
0.429935
0.426434
0.423659
0.422595
0.425312
0.433825
0.448452
0.467197
0.486255
0.502756
0.514115
0.518275
0.516392
0.510698
0.503686
0.498339
0.496832
0.498876
0.50371
0.509536
0.513624
0.514337
0.509971
0.500282
0.485164
0.46582
0.443873
0.42321
0.406768
0.39734
0.397061
0.406637
0.423674
0.445977
0.470424
0.494603
0.51748
0.537358
0.553629
0.56527
0.571949
0.572515
0.567364
0.55752
0.544072
0.529615
0.516408
0.506853
0.501769
0.501197
0.504392
0.509886
0.517075
0.525526
0.534189
0.541759
0.546424
0.548207
0.547302
0.545552
0.544405
0.54468
0.546626
0.549176
0.551031
0.550092
0.545451
0.53688
0.525253
0.511905
0.497439
0.48237
0.466015
0.448413
0.432609
0.425781
0.435175
0.458168
0.485677
0.508614
0.524451
0.533283
0.536269
0.533947
0.52749
0.517921
0.508197
0.50038
0.496839
0.49897
0.507969
0.52224
0.538279
0.551052
0.555978
0.549503
0.532285
0.507423
0.480754
0.457582
0.439005
0.426214
0.421896
0.429486
0.449096
0.476597
0.504891
0.528444
0.545086
0.555643
0.562513
0.568086
0.574465
0.582257
0.590235
0.596659
0.599544
0.597627
0.589781
0.576077
0.557321
0.53468
0.509008
0.482274
0.456678
0.435072
0.419768
0.412948
0.414869
0.424199
0.438938
0.45732
0.477448
0.496854
0.513803
0.527072
0.535457
0.538777
0.537197
0.531475
0.522049
0.510117
0.497417
0.48583
0.4779
0.47516
0.478678
0.486064
0.495215
0.504024
0.511025
0.517677
0.524167
0.531814
0.538967
0.544643
0.54785
0.548455
0.546802
0.543795
0.539527
0.533782
0.52791
0.52235
0.517177
0.51253
0.508095
0.503885
0.500216
0.496855
0.494817
0.494588
0.495965
0.498547
0.501628
0.504632
0.5066
0.505932
0.502177
0.494969
0.485292
0.473084
0.45884
0.441921
0.421426
0.397562
0.372292
0.348109
0.327609
0.312092
0.300835
0.293699
0.290872
0.292823
0.299453
0.310589
0.324329
0.339918
0.356172
0.372653
0.387931
0.401061
0.410965
0.416246
0.416786
0.413175
0.40712
0.401101
0.39802
0.400171
0.408287
0.421232
0.435966
0.448747
0.456752
0.458207
0.453144
0.443147
0.430284
0.415963
0.402088
0.391056
0.385191
0.386991
0.397553
0.416058
0.439618
0.46456
0.487438
0.506222
0.519612
0.527727
0.529884
0.526612
0.519094
0.508239
0.495588
0.482835
0.472124
0.464607
0.46039
0.457254
0.453494
0.446425
0.435757
0.423744
0.41587
0.416906
0.427454
0.443747
0.460428
0.473423
0.482807
0.488698
0.491808
0.493042
0.492869
0.491101
0.488895
0.48701
0.487024
0.490204
0.496712
0.504875
0.51323
0.520091
0.524137
0.524567
0.520804
0.512842
0.501723
0.488829
0.47564
0.463052
0.451983
0.443175
0.436927
0.433598
0.434144
0.43809
0.443991
0.450189
0.454324
0.457193
0.460576
0.46599
0.473452
0.482032
0.489303
0.493582
0.494314
0.492203
0.489065
0.485736
0.484046
0.48382
0.483699
0.482208
0.477341
0.468461
0.455015
0.437978
0.418614
0.400452
0.385532
0.376571
0.373674
0.37683
0.384937
0.397034
0.410788
0.424258
0.436326
0.44511
0.450394
0.452639
0.452646
0.450559
0.447048
0.441648
0.433371
0.423008
0.412177
0.401927
0.394311
0.390168
0.389879
0.392159
0.395627
0.398542
0.400724
0.400793
0.4002
0.39968
0.401046
0.407081
0.419192
0.435876
0.453865
0.471071
0.485259
0.495629
0.501726
0.503567
0.501684
0.497785
0.492427
0.486847
0.48165
0.477337
0.473876
0.470454
0.466915
0.464226
0.464741
0.470756
0.483552
0.501783
0.522652
0.542722
0.559622
0.571909
0.578674
0.579444
0.573683
0.562061
0.544979
0.523936
0.500567
0.476997
0.455516
0.437241
0.423066
0.413387
0.408614
0.409583
0.414757
0.422923
0.43212
0.438826
0.4411
0.435983
0.423308
0.404026
0.381651
0.361344
0.347026
0.34175
0.345577
0.356797
0.37273
0.391904
0.412583
0.433583
0.4541
0.474259
0.49459
0.515275
0.536304
0.555962
0.571887
0.581062
0.580589
0.56872
0.544592
0.510203
0.469485
0.426961
0.386882
0.352213
0.325125
0.307732
0.302628
0.311231
0.33223
0.361404
0.393194
0.421949
0.443037
0.454634
0.456274
0.451665
0.447254
0.447858
0.453669
0.459987
0.463985
0.46541
0.466235
0.466861
0.466657
0.463742
0.457481
0.448656
0.438194
0.4276
0.415987
0.402719
0.388833
0.376793
0.372199
0.380955
0.404375
0.436032
0.46818
0.495097
0.514991
0.528682
0.539307
0.549242
0.560605
0.574053
0.588549
0.603054
0.6151
0.622728
0.623749
0.617441
0.602688
0.579567
0.548688
0.511294
0.470143
0.427425
0.386536
0.349679
0.319021
0.296521
0.284008
0.283542
0.295706
0.320207
0.353216
0.390072
0.425681
0.455713
0.47749
0.490323
0.493071
0.485591
0.468895
0.444428
0.416565
0.389893
0.369891
0.361341
0.364748
0.377503
0.394546
0.411782
0.425715
0.434588
0.439178
0.44154
0.445153
0.452521
0.463175
0.474219
0.482558
0.486207
0.48526
0.4802
0.471873
0.460598
0.446713
0.430739
0.414139
0.399071
0.387851
0.382568
0.382795
0.386974
0.392502
0.39716
0.399459
0.399563
0.397938
0.39643
0.396425
0.399148
0.404429
0.4113
0.418279
0.424872
0.431172
0.43736
0.444396
0.452135
0.459531
0.465909
0.470132
0.471298
0.469162
0.463792
0.456708
0.449236
0.443847
0.441671
0.443733
0.449922
0.45828
0.468159
0.477915
0.487425
0.497494
0.508197
0.519856
0.531646
0.542458
0.550695
0.554908
0.554153
0.549422
0.541636
0.533766
0.527379
0.523432
0.520698
0.51684
0.509478
0.4992
0.490855
0.490886
0.500188
0.512356
0.519207
0.517442
0.507335
0.491304
0.472286
0.451834
0.432287
0.415341
0.403051
0.396578
0.395441
0.398275
0.402992
0.408805
0.414269
0.41945
0.424616
0.428802
0.43168
0.432973
0.434414
0.439931
0.450261
0.46192
0.468709
0.467417
0.458771
0.447625
0.440185
0.44075
0.448434
0.459929
0.470525
0.476722
0.476958
0.472186
0.464059
0.454797
0.445949
0.439187
0.435431
0.435282
0.437182
0.440687
0.444371
0.446381
0.445964
0.442219
0.43603
0.428113
0.421002
0.41623
0.414673
0.415617
0.418026
0.42148
0.42457
0.427458
0.430412
0.433165
0.436116
0.439713
0.444054
0.449945
0.457013
0.464568
0.47171
0.476999
0.480553
0.482814
0.48558
0.490518
0.499256
0.511692
0.525772
0.53909
0.548358
0.551511
0.547612
0.536099
0.519253
0.498633
0.478112
0.459686
0.4451
0.434211
0.426331
0.420934
0.417101
0.414827
0.415078
0.418919
0.427881
0.44156
0.458452
0.477434
0.496428
0.514635
0.530379
0.542002
0.548988
0.551173
0.548854
0.542031
0.531537
0.51906
0.507261
0.498719
0.494375
0.494029
0.495412
0.495662
0.492079
0.482982
0.468795
0.450982
0.430894
0.409823
0.389551
0.372186
0.359067
0.351839
0.350038
0.352644
0.359035
0.369241
0.38357
0.400906
0.419717
0.437295
0.450818
0.45884
0.460569
0.456629
0.448314
0.437413
0.427414
0.420491
0.418536
0.421011
0.426565
0.432557
0.438671
0.443949
0.448223
0.451284
0.45377
0.456235
0.459837
0.465696
0.4753
0.488603
0.504906
0.522935
0.541172
0.558245
0.572816
0.584431
0.592828
0.598687
0.60208
0.602823
0.600917
0.596621
0.590844
0.583891
0.577119
0.57127
0.566326
0.563168
0.562019
0.562765
0.563969
0.563831
0.561549
0.55586
0.546428
0.53366
0.517987
0.500178
0.47902
0.45409
0.427425
0.39947
0.371433
0.343436
0.316114
0.290461
0.267339
0.248499
0.235784
0.232091
0.241888
0.269481
0.313472
0.367499
0.422629
0.47144
0.510399
0.537739
0.554876
0.56239
0.562309
0.556624
0.547713
0.539055
0.532703
0.530734
0.532985
0.538186
0.544549
0.550245
0.553366
0.553387
0.549022
0.540461
0.527841
0.512436
0.496134
0.481658
0.471304
0.466813
0.467581
0.473028
0.480681
0.489295
0.497971
0.506644
0.513624
0.517739
0.517347
0.511708
0.500703
0.485953
0.469693
0.45432
0.441373
0.431555
0.424801
0.420274
0.416796
0.413189
0.409846
0.407519
0.407944
0.413185
0.423855
0.440177
0.46125
0.484288
0.50681
0.526942
0.542566
0.552735
0.556383
0.553018
0.54269
0.526338
0.505657
0.482111
0.457894
0.435256
0.415989
0.399631
0.386539
0.377366
0.371843
0.371598
0.376018
0.384539
0.395349
0.406326
0.416057
0.423456
0.429038
0.432721
0.435508
0.439387
0.446699
0.458559
0.475148
0.495027
0.516124
0.53519
0.549277
0.556555
0.55653
0.548537
0.533423
0.512465
0.487904
0.461966
0.437561
0.416903
0.401537
0.390244
0.381123
0.371871
0.361357
0.349938
0.339379
0.331125
0.324562
0.319679
0.316604
0.316651
0.320894
0.329364
0.341853
0.357671
0.375123
0.391954
0.406591
0.418591
0.428738
0.438729
0.449972
0.461968
0.473396
0.483528
0.491956
0.499989
0.507777
0.516712
0.52656
0.536447
0.545861
0.553082
0.557318
0.556298
0.549207
0.53678
0.520313
0.501455
0.482589
0.465209
0.449865
0.437738
0.429904
0.427478
0.431939
0.443801
0.462314
0.484722
0.507514
0.527161
0.54148
0.549846
0.552749
0.552853
0.552542
0.554442
0.560187
0.56988
0.582469
0.596181
0.607813
0.61466
0.614916
0.608377
0.596078
0.581471
0.567842
0.557627
0.550029
0.543749
0.538354
0.534941
0.534474
0.536923
0.540205
0.542761
0.544609
0.545711
0.546801
0.54732
0.546466
0.54461
0.541045
0.536291
0.52995
0.521836
0.511807
0.500633
0.489617
0.479388
0.471963
0.467404
0.465069
0.464405
0.465094
0.46594
0.466307
0.465038
0.461503
0.455229
0.446005
0.434108
0.420002
0.405224
0.392674
0.384313
0.382307
0.386998
0.396938
0.410063
0.424231
0.438167
0.451565
0.464971
0.478361
0.491084
0.501812
0.509566
0.51279
0.510678
0.502624
0.489992
0.473527
0.455084
0.436494
0.420516
0.408136
0.401137
0.400503
0.405734
0.416326
0.43087
0.448423
0.467051
0.483915
0.497528
0.507879
0.514916
0.520502
0.526069
0.53167
0.538465
0.546415
0.555671
0.564806
0.572661
0.577811
0.578764
0.574932
0.566029
0.552415
0.535206
0.515054
0.493097
0.469891
0.446634
0.424545
0.405604
0.391404
0.382907
0.379271
0.381252
0.38828
0.397914
0.407961
0.416056
0.420131
0.421122
0.420522
0.421312
0.425792
0.435085
0.450011
0.469114
0.489597
0.50912
0.525288
0.53629
0.541695
0.541597
0.536821
0.52718
0.51404
0.498251
0.481467
0.465905
0.452975
0.444221
0.440925
0.442601
0.448955
0.457851
0.467848
0.476889
0.484775
0.490437
0.493826
0.493636
0.489342
0.480165
0.465376
0.4443
0.41772
0.387289
0.356112
0.327939
0.306829
0.295645
0.294609
0.302111
0.316615
0.335794
0.356994
0.378566
0.397942
0.412036
0.418872
0.416739
0.405503
0.387108
0.365866
0.347088
0.33563
0.332947
0.338726
0.349986
0.363658
0.377282
0.389776
0.400887
0.410673
0.419946
0.428949
0.437967
0.446494
0.453366
0.458396
0.460889
0.462143
0.463369
0.465992
0.468422
0.469418
0.467589
0.464188
0.460358
0.45816
0.457658
0.458247
0.459397
0.459751
0.45779
0.452967
0.445181
0.435209
0.424345
0.414911
0.408564
0.40727
0.41139
0.420509
0.433344
0.448919
0.465348
0.481555
0.495758
0.507419
0.516392
0.523718
0.53028
0.535852
0.540252
0.543194
0.543946
0.541755
0.53694
0.530836
0.524371
0.518913
0.514958
0.511972
0.509012
0.505179
0.499333
0.490631
0.478964
0.465742
0.452821
0.442884
0.436777
0.436778
0.442535
0.453366
0.466971
0.481421
0.494476
0.50468
0.513147
0.520287
0.52731
0.533094
0.535697
0.53298
0.523253
0.505166
0.47904
0.445417
0.407049
0.3681
0.334149
0.309587
0.297731
0.298519
0.309506
0.327673
0.349438
0.372194
0.394383
0.413632
0.428604
0.438853
0.445054
0.447776
0.448263
0.44757
0.445607
0.441958
0.437508
0.434615
0.436795
0.447053
0.464044
0.482906
0.499682
0.512857
0.522334
0.52974
0.536227
0.54265
0.549934
0.55731
0.563861
0.568833
0.57182
0.572211
0.569924
0.563711
0.55386
0.539474
0.520706
0.4984
0.473789
0.450832
0.433435
0.426591
0.43178
0.44851
0.473299
0.502127
0.531393
0.558937
0.582908
0.601853
0.613887
0.617309
0.611289
0.596994
0.576378
0.554062
0.534446
0.520403
0.511105
0.504325
0.497246
0.487107
0.471681
0.452304
0.431052
0.412262
0.399348
0.395079
0.400903
0.416462
0.439286
0.466318
0.494177
0.519921
0.540553
0.552874
0.55393
0.542691
0.520692
0.492118
0.462622
0.437725
0.420116
0.410118
0.405785
0.404456
0.404308
0.404324
0.404231
0.403034
0.4008
0.396617
0.392046
0.388979
0.390486
0.396528
0.405748
0.414199
0.418954
0.419346
0.418302
0.42062
0.430345
0.448224
0.471076
0.495297
0.517652
0.535735
0.548758
0.555786
0.555735
0.548289
0.532977
0.51065
0.483186
0.45236
0.421195
0.393085
0.372987
0.364342
0.369586
0.387402
0.412847
0.440867
0.466664
0.48692
0.501611
0.510809
0.515909
0.51746
0.514594
0.507082
0.495414
0.480719
0.465136
0.451198
0.439884
0.431694
0.426183
0.422338
0.420039
0.419214
0.421177
0.427117
0.438554
0.455642
0.476111
0.497371
0.516624
0.531358
0.540132
0.541676
0.53622
0.524378
0.50844
0.491425
0.476933
0.467912
0.465325
0.466481
0.467328
0.463584
0.455245
0.447909
0.445483
0.447201
0.448046
0.44346
0.433657
0.423322
0.418842
0.424787
0.439105
0.455066
0.467281
0.47406
0.47662
0.4763
0.473831
0.470168
0.46623
0.462177
0.458837
0.455188
0.450475
0.443156
0.43273
0.419459
0.405434
0.392234
0.382262
0.377415
0.377994
0.384241
0.395693
0.411838
0.431318
0.453755
0.477719
0.502655
0.526229
0.545737
0.558303
0.562287
0.557536
0.545159
0.528004
0.509321
0.492961
0.482715
0.481055
0.48976
0.507697
0.532535
0.558689
0.581329
0.597194
0.603461
0.600546
0.588361
0.567626
0.539392
0.506112
0.47076
0.437348
0.409702
0.390784
0.381375
0.381548
0.389608
0.403266
0.420164
0.43823
0.45636
0.473604
0.489403
0.503138
0.513592
0.520214
0.5213
0.517857
0.51073
0.502321
0.493901
0.486351
0.480874
0.478473
0.480393
0.487844
0.499471
0.514184
0.528549
0.5393
0.543988
0.540308
0.528367
0.509112
0.484557
0.458418
0.433938
0.412891
0.395782
0.382132
0.370388
0.361066
0.354093
0.349422
0.347433
0.347341
0.34883
0.351724
0.35683
0.363903
0.372805
0.382286
0.390605
0.395654
0.396218
0.392357
0.385573
0.380191
0.380278
0.387593
0.401404
0.417957
0.434722
0.449389
0.461118
0.469693
0.475439
0.479196
0.480174
0.478954
0.474365
0.467303
0.459218
0.452074
0.44844
0.449476
0.453896
0.46098
0.469729
0.478787
0.487323
0.494195
0.498904
0.500838
0.500659
0.498583
0.494553
0.488361
0.480459
0.472562
0.466973
0.46704
0.473594
0.485583
0.499293
0.510676
0.516106
0.514795
0.507494
0.496885
0.485456
0.475722
0.468201
