0	0	0
0.0128248	0	0
0.0256496	0	0
0.0384745	0	0
0.0512993	0	0
0.0641241	0	0
0.0769489	0	0
0.0897737	0	0
0.102599	0	0
0.115423	0	0
0.128248	0	0
0.141073	0	0
0.153898	0	0
0.166723	0	0
0.179547	0	0
0.192372	0	0
0.205197	0	0
0.218022	0	0
0.230847	0	0
0.243672	0	0
0.256496	0	0
0.269321	0	0
0.282146	0	0
0.294971	0	0
0.307796	0	0
0.32062	0	0
0.333445	0	0
0.34627	0	0
0.359095	0	0
0.37192	0	0
0.384745	0	0
0.397569	0	0
0.410394	0	0
0.423219	0	0
0.436044	0	0
0.448869	0	0
0.461694	0	0
0.474518	0	0
0.487343	0	0
0.500168	0	0
0.512993	0	0
0.525818	0	0
0.538642	0	0
0.551467	0	0
0.564292	0	0
0.577117	0	0
0.589942	0	0
0.602767	0	0
0.615591	0	0
0.628416	0	0
0.641241	0	0
0.654066	0	0
0.666891	0	0
0.679715	0	0
0.69254	0	0
0.705365	0	0
0.71819	0	0
0.731015	0	0
0.74384	0	0
0.756664	0	0
0.769489	0	0
0.782314	0	0
0.795139	0	0
0.807964	0	0
0.820788	0	0
0.833613	0	0
0.846438	0	0
0.859263	9.58312e-06	9.58312e-06
0.872088	0.000307077	8.72794e-05
0.884913	0.0022418	0.000206823
0.897737	0.0111832	0.000532753
0.910562	0.0396383	0.000878061
0.923387	0.101535	0.00144909
0.936212	0.226954	0.00280784
0.949037	0.420816	0.00406364
0.961861	0.697065	0.00585749
0.974686	1.02451	0.00634594
0.987511	1.38796	0.00776095
1.00034	1.7122	0.00839297
1.01316	2.00718	0.00876528
1.02599	2.25521	0.00770145
1.03881	2.43089	0.00759685
1.05164	2.53528	0.00770396
1.06446	2.56712	0.00688179
1.07728	2.57165	0.00654543
1.09011	2.52383	0.00482093
1.10293	2.45448	0.00598245
1.11576	2.35948	0.00530423
1.12858	2.26453	0.00562809
1.14141	2.1329	0.00580181
1.15423	2.02648	0.00546693
1.16706	1.91367	0.00581607
1.17988	1.79873	0.00611531
1.19271	1.69821	0.00503821
1.20553	1.60823	0.00525173
1.21836	1.50882	0.00512899
1.23118	1.42789	0.00524638
1.24401	1.34925	0.00540918
1.25683	1.27337	0.00397988
1.26966	1.20945	0.00399597
1.28248	1.1507	0.00471291
1.29531	1.09358	0.00436563
1.30813	1.03921	0.00468212
1.32096	1.00018	0.00430713
1.33378	0.957918	0.00429797
1.34661	0.919814	0.00312633
1.35943	0.890406	0.00409936
1.37226	0.858151	0.00349515
1.38508	0.828018	0.0034588
1.39791	0.804588	0.00289691
1.41073	0.788504	0.00281896
1.42355	0.762539	0.00311129
1.43638	0.746148	0.00262826
1.4492	0.73113	0.00208552
1.46203	0.718768	0.00318046
1.47485	0.708519	0.00306926
1.48768	0.694507	0.00240936
1.5005	0.691781	0.00216073
1.51333	0.682527	0.00249464
1.52615	0.680857	0.00265936
1.53898	0.671904	0.00238306
1.5518	0.676769	0.00314302
1.56463	0.671806	0.00305599
1.57745	0.675333	0.0026926
1.59028	0.676441	0.00302549
1.6031	0.676241	0.00304405
1.61593	0.683161	0.00272201
1.62875	0.690435	0.00326887
1.64158	0.699418	0.00309795
1.6544	0.70932	0.00248774
1.66723	0.716928	0.00259862
1.68005	0.731776	0.00256301
1.69288	0.744468	0.00317639
1.7057	0.757656	0.00308613
1.71853	0.772707	0.00308186
1.73135	0.788419	0.00229526
1.74418	0.80553	0.00281481
1.757	0.824477	0.0024101
1.76983	0.848393	0.00281976
1.78265	0.861093	0.00264408
1.79547	0.878853	0.00297968
1.8083	0.905434	0.00260865
1.82112	0.924565	0.00254086
1.83395	0.945487	0.00211097
1.84677	0.9669	0.00306838
1.8596	0.985329	0.00295467
1.87242	1.00845	0.00280186
1.88525	1.02569	0.00290894
1.89807	1.04985	0.00277512
1.9109	1.0654	0.00178605
1.92372	1.087	0.0028542
1.93655	1.10549	0.00181639
1.94937	1.12224	0.00241883
1.9622	1.14179	0.00276251
1.97502	1.15333	0.00229264
1.98785	1.16864	0.00236014
2.00067	1.1761	0.0024384
2.0135	1.1908	0.00216467
2.02632	1.20156	0.00263928
2.03915	1.20524	0.00252762
2.05197	1.21398	0.00240574
2.0648	1.21478	0.0025153
2.07762	1.21674	0.00265912
2.09045	1.21438	0.00241042
2.10327	1.21127	0.0023094
2.1161	1.20534	0.00261982
2.12892	1.20138	0.00222751
2.14174	1.18618	0.00233568
2.15457	1.17923	0.0030548
2.16739	1.16723	0.00275014
2.18022	1.15623	0.00287361
2.19304	1.1482	0.00294894
2.20587	1.12926	0.00265059
2.21869	1.11745	0.00285757
2.23152	1.10131	0.00251069
2.24434	1.08653	0.00314061
2.25717	1.07228	0.00292385
2.26999	1.06038	0.00300337
2.28282	1.04483	0.00277257
2.29564	1.03404	0.00288217
2.30847	1.0195	0.00252167
2.32129	1.00456	0.0025764
2.33412	0.992069	0.0023298
2.34694	0.980181	0.00258182
2.35977	0.972259	0.00286363
2.37259	0.957285	0.00230148
2.38542	0.952039	0.0023963
2.39824	0.944316	0.0023091
2.41107	0.933613	0.0020023
2.42389	0.926087	0.00197161
2.43672	0.921088	0.00217912
2.44954	0.917199	0.00195127
2.46237	0.910367	0.00162844
2.47519	0.9082	0.00174068
2.48802	0.901954	0.00205871
2.50084	0.886203	0.00239477
2.51366	0.887734	0.00251017
2.52649	0.883261	0.00229046
2.53931	0.887505	0.0020705
