1	-9.1312e-21	-9.1312e-21	0
2	-9.0875e-21	-9.10935e-21	2.18489e-23
3	-9.00116e-21	-9.07329e-21	3.82075e-23
4	-9.03081e-21	-9.06267e-21	2.90292e-23
5	-9.02881e-21	-9.0559e-21	2.34832e-23
6	-9.0614e-21	-9.05681e-21	1.91959e-23
7	-9.07198e-21	-9.05898e-21	1.63674e-23
8	-9.07521e-21	-9.06101e-21	1.43191e-23
9	-9.08121e-21	-9.06325e-21	1.28261e-23
10	-9.00611e-21	-9.05754e-21	1.28163e-23
11	-9.01702e-21	-9.05385e-21	1.2164e-23
12	-9.0671e-21	-9.05496e-21	1.11589e-23
13	-9.0211e-21	-9.05235e-21	1.059e-23
14	-9.0877e-21	-9.05488e-21	1.01242e-23
15	-9.06756e-21	-9.05572e-21	9.46297e-24
16	-8.96817e-21	-9.05025e-21	1.04067e-23
17	-9.02242e-21	-9.04861e-21	9.91162e-24
18	-9.1013e-21	-9.05154e-21	9.79251e-24
19	-8.99633e-21	-9.04864e-21	9.70783e-24
20	-9.06114e-21	-9.04926e-21	9.23087e-24
21	-9.08067e-21	-9.05076e-21	8.90678e-24
22	-8.98105e-21	-9.04759e-21	9.06405e-24
23	-9.07247e-21	-9.04867e-21	8.72829e-24
24	-9.06233e-21	-9.04924e-21	8.37606e-24
25	-9.06195e-21	-9.04975e-21	8.0501e-24
26	-9.063e-21	-9.05026e-21	7.75105e-24
27	-9.02424e-21	-9.04929e-21	7.52044e-24
28	-9.11266e-21	-9.05156e-21	7.59208e-24
29	-9.12167e-21	-9.05397e-21	7.71426e-24
30	-9.07447e-21	-9.05466e-21	7.48393e-24
31	-9.0519e-21	-9.05457e-21	7.23904e-24
32	-9.0089e-21	-9.05314e-21	7.15297e-24
33	-9.0249e-21	-9.05229e-21	6.98544e-24
34	-9.06169e-21	-9.05256e-21	6.78252e-24
35	-8.99687e-21	-9.05097e-21	6.77535e-24
36	-9.04188e-21	-9.05072e-21	6.5893e-24
37	-9.02211e-21	-9.04995e-21	6.45523e-24
38	-9.00888e-21	-9.04886e-21	6.37534e-24
39	-9.14956e-21	-9.05145e-21	6.7251e-24
40	-8.93761e-21	-9.0486e-21	7.14597e-24
