1	4.97209e-20	4.97209e-20	0
2	5.38277e-20	5.17743e-20	2.05339e-21
3	6.66636e-20	5.67374e-20	5.10273e-21
4	6.36776e-20	5.84724e-20	4.00366e-21
5	6.24853e-20	5.9275e-20	3.20339e-21
6	5.47508e-20	5.8521e-20	2.72208e-21
7	5.49948e-20	5.80172e-20	2.35508e-21
8	5.45993e-20	5.759e-20	2.08383e-21
9	5.41621e-20	5.72091e-20	1.87682e-21
10	6.49141e-20	5.79796e-20	1.84706e-21
11	6.36474e-20	5.84949e-20	1.74837e-21
12	5.51458e-20	5.82158e-20	1.62026e-21
13	6.20506e-20	5.85108e-20	1.51933e-21
14	5.30498e-20	5.81207e-20	1.45971e-21
15	5.85907e-20	5.8152e-20	1.35928e-21
16	7.03736e-20	5.89159e-20	1.48329e-21
17	6.42715e-20	5.92309e-20	1.42848e-21
18	5.17276e-20	5.88141e-20	1.40982e-21
19	6.78103e-20	5.92875e-20	1.41512e-21
20	5.68626e-20	5.91663e-20	1.34796e-21
21	5.44211e-20	5.89403e-20	1.30193e-21
22	7.01472e-20	5.94497e-20	1.34179e-21
23	5.52293e-20	5.92662e-20	1.29519e-21
24	5.65583e-20	5.91534e-20	1.24517e-21
25	5.82903e-20	5.91189e-20	1.19483e-21
26	5.91963e-20	5.91219e-20	1.14796e-21
27	6.09892e-20	5.9191e-20	1.10679e-21
28	5.13254e-20	5.89101e-20	1.1029e-21
29	4.89344e-20	5.85661e-20	1.11841e-21
30	5.53699e-20	5.84596e-20	1.08572e-21
31	5.95474e-20	5.84947e-20	1.0507e-21
32	6.64317e-20	5.87427e-20	1.04714e-21
33	6.13882e-20	5.88229e-20	1.01807e-21
34	5.68227e-20	5.8764e-20	9.89424e-22
35	6.66051e-20	5.89881e-20	9.86514e-22
36	5.87337e-20	5.8981e-20	9.58745e-22
37	6.2344e-20	5.90719e-20	9.36892e-22
38	6.4063e-20	5.92032e-20	9.21315e-22
39	4.50068e-20	5.88392e-20	9.68398e-22
40	7.39121e-20	5.92161e-20	1.01632e-21
