1	-6.80469e-22	-6.80469e-22	0
2	-6.91428e-22	-6.85948e-22	5.47922e-24
3	-6.73102e-22	-6.81666e-22	5.3239e-24
4	-6.83999e-22	-6.82249e-22	3.80946e-24
5	-6.82609e-22	-6.82321e-22	2.95167e-24
6	-6.78471e-22	-6.8168e-22	2.49402e-24
7	-6.78863e-22	-6.81277e-22	2.14588e-24
8	-6.77267e-22	-6.80776e-22	1.92479e-24
9	-7.00326e-22	-6.82948e-22	2.75686e-24
10	-6.91254e-22	-6.83779e-22	2.60194e-24
11	-7.02557e-22	-6.85486e-22	2.90749e-24
12	-6.765e-22	-6.84737e-22	2.75778e-24
13	-6.95936e-22	-6.85599e-22	2.67908e-24
14	-6.71429e-22	-6.84586e-22	2.6789e-24
15	-6.87363e-22	-6.84772e-22	2.50078e-24
16	-6.87173e-22	-6.84922e-22	2.34408e-24
17	-7.11082e-22	-6.86461e-22	2.68631e-24
18	-6.83812e-22	-6.86313e-22	2.53695e-24
19	-6.99598e-22	-6.87013e-22	2.4995e-24
20	-6.93035e-22	-6.87314e-22	2.39028e-24
21	-6.94482e-22	-6.87655e-22	2.29909e-24
22	-6.75565e-22	-6.87105e-22	2.25993e-24
23	-6.83121e-22	-6.86932e-22	2.16637e-24
24	-6.91819e-22	-6.87136e-22	2.08412e-24
25	-6.84227e-22	-6.8702e-22	2.0024e-24
26	-6.78458e-22	-6.8669e-22	1.95182e-24
27	-6.87648e-22	-6.86726e-22	1.87847e-24
28	-6.79464e-22	-6.86466e-22	1.82863e-24
29	-6.83455e-22	-6.86363e-22	1.7675e-24
30	-6.63192e-22	-6.8559e-22	1.87412e-24
31	-6.79146e-22	-6.85382e-22	1.82453e-24
32	-7.02005e-22	-6.85902e-22	1.84139e-24
33	-6.75451e-22	-6.85585e-22	1.81259e-24
34	-6.75716e-22	-6.85295e-22	1.78227e-24
35	-6.94945e-22	-6.8557e-22	1.75243e-24
36	-6.92583e-22	-6.85765e-22	1.71416e-24
37	-6.967e-22	-6.86061e-22	1.69318e-24
38	-6.85435e-22	-6.86044e-22	1.6481e-24
39	-6.85657e-22	-6.86034e-22	1.60532e-24
40	-6.94477e-22	-6.86245e-22	1.57884e-24
