0.486353   -0.491621   0.489697
-0.318544   -0.331756   0.494504
-0.488926   -0.337498   -0.331354
-0.324814   -0.490352   -0.336031
-0.164209   0.498923   -0.49148
0.00474321   -0.334697   -0.487717
-0.157885   -0.330053   -0.324196
0.00276326   -0.497076   -0.308973
0.168865   -0.483547   -0.481005
0.342003   -0.327015   -0.492731
0.170296   -0.323216   -0.325623
0.340453   -0.495648   -0.333268
-0.484799   -0.166914   -0.493618
-0.328383   -0.0021139   0.486162
-0.499462   -0.0011433   -0.331494
-0.344911   -0.153147   -0.329064
-0.170042   -0.15998   -0.493148
-0.00564773   0.0100858   -0.495169
-0.170469   0.00284694   -0.342023
0.00162369   -0.165569   -0.327187
0.1657   -0.16954   -0.491988
0.334498   -0.0243402   -0.499036
0.169868   0.00139067   -0.332245
0.354343   -0.177429   -0.318319
0.493639   0.173819   0.493499
-0.34465   0.341996   0.497535
-0.497479   0.34507   -0.334135
-0.323773   0.148968   -0.336241
-0.171405   0.177817   0.494916
0.00712771   0.35277   -0.486412
-0.189001   0.329232   -0.334205
0.00350474   0.173498   -0.332456
0.164401   0.165354   0.498126
0.33942   0.339045   0.497068
0.1771   0.332548   -0.331748
0.353222   0.182769   -0.335532
-0.499268   -0.496159   -0.173087
-0.327221   -0.32509   -0.157971
0.490731   -0.34956   0.00863427
-0.339498   -0.498733   -0.0214332
-0.170404   0.486392   -0.174879
0.00688711   -0.347442   -0.154835
-0.172864   -0.334866   -0.000921538
-0.0018181   0.487108   -0.0107681
0.1748   -0.495592   -0.167937
0.329703   -0.336345   -0.159892
0.163821   -0.355204   -0.000310622
0.330428   0.485889   0.00817293
-0.496768   -0.175818   -0.154153
-0.342514   0.00049677   -0.17003
0.499666   0.0102775   -0.00663791
-0.342216   -0.168908   0.0130165
-0.187776   -0.164386   -0.172378
-0.00292997   0.00220828   -0.173224
-0.165682   0.00518306   -0.00887929
0.0125113   -0.159477   -0.0116084
0.174052   -0.156821   -0.18024
0.333963   0.00872338   -0.167976
0.167852   -0.00193253   -0.00514539
0.317639   -0.172144   0.00913496
0.48743   0.173594   -0.166045
-0.335467   0.326905   -0.1659
0.488614   0.340357   -0.0116599
-0.340975   0.168061   -0.00711723
-0.162893   0.169265   -0.170731
0.00564978   0.326187   -0.170819
-0.162672   0.337987   -0.0106208
0.0103642   0.169609   0.00251143
0.167718   0.170001   -0.154172
0.337368   0.343594   -0.173215
0.170398   0.331498   -0.00328918
0.332513   0.17968   -0.00376634
-0.498562   -0.495823   0.165262
-0.332192   -0.342687   0.175326
-0.486287   -0.336819   0.332879
-0.304999   -0.497032   0.338215
-0.156556   0.49672   0.159958
-0.00220539   -0.319761   0.162724
-0.153558   -0.329085   0.340257
-0.00791628   0.485013   0.335698
0.152925   0.494549   0.174607
0.318952   -0.334094   0.172036
0.157923   -0.329952   0.332353
0.328596   -0.494726   0.337333
0.494386   -0.182566   0.175866
-0.344543   0.0107228   0.174311
0.485296   -0.00708704   0.326383
-0.324536   -0.180175   0.320064
-0.162362   -0.174531   0.162388
0.00345377   0.00567523   0.176074
-0.172128   -0.00401132   0.320903
-0.012158   -0.16844   0.349774
0.156413   -0.166509   0.16133
0.332198   -0.00982529   0.163499
0.162901   -0.0285011   0.328205
0.33742   -0.17688   0.335584
0.4832   0.172036   0.15719
-0.347373   0.335854   0.157342
0.496418   0.348723   0.313615
-0.34916   0.16708   0.331341
-0.17137   0.164871   0.151223
0.0164837   0.322867   0.166206
-0.168222   0.319871   0.31696
0.00068031   0.165411   0.331901
0.176762   0.156906   0.178127
0.322358   0.338803   0.168175
0.182674   0.3451   0.345789
0.338421   0.150287   0.334165
