-0.497508   0.496646   0.484581
-0.335084   -0.339879   0.498273
0.490564   -0.327954   -0.319525
-0.34059   0.490741   -0.335608
-0.169099   -0.498247   -0.493335
0.00989485   -0.336537   -0.493034
-0.18219   -0.325156   -0.341139
0.00922661   0.490986   -0.327873
0.185483   -0.499996   -0.495053
0.323823   -0.319253   -0.492938
0.159474   -0.338761   -0.316457
0.340479   0.499145   -0.334826
-0.492578   -0.156225   -0.496933
-0.34195   -0.000886756   -0.49522
0.499875   0.00632995   -0.322534
-0.337192   -0.168108   -0.343885
-0.190234   -0.1675   0.48438
0.0139995   0.00556278   0.498668
-0.145878   -0.00942334   -0.343848
0.00569896   -0.172847   -0.341718
0.171732   -0.168062   -0.494803
0.342324   -0.00597125   -0.488929
0.165427   -0.00627536   -0.325947
0.327959   -0.181247   -0.295138
0.485298   0.162834   -0.481637
-0.352118   0.313092   -0.495175
0.495392   0.335042   -0.334659
-0.314382   0.145549   -0.327663
-0.167606   0.17486   0.496599
0.00833877   0.333166   0.499492
-0.164312   0.335246   -0.328463
-0.000599467   0.181062   -0.336609
0.178851   0.161819   -0.496024
0.334276   0.327668   -0.494613
0.174832   0.349795   -0.331445
0.33755   0.166827   -0.315046
0.498022   0.499308   -0.182859
-0.344824   -0.331475   -0.163222
0.493345   -0.335272   0.0107774
-0.353172   0.485917   -0.0201388
-0.17396   -0.484403   -0.175256
-0.0106188   -0.348241   -0.174009
-0.193328   -0.353627   -0.00628749
0.0137055   -0.490611   0.00445775
0.166406   0.498928   -0.157157
0.329396   -0.34934   -0.167804
0.168905   -0.348412   0.00285341
0.32952   0.49416   0.0147498
0.491909   -0.170098   -0.157613
-0.323183   -0.00815299   -0.172349
-0.489597   0.0201355   -0.00380489
-0.347475   -0.180296   0.000198615
-0.164629   -0.179869   -0.166273
0.00228643   -0.0154315   -0.175294
-0.16653   -0.00239971   -0.0049835
-0.0120746   -0.183569   -0.00843208
0.16608   -0.154234   -0.156977
0.337703   -0.0101206   -0.155213
0.177688   -0.00541977   0.0117956
0.320322   -0.185293   -0.00479095
-0.477213   0.16036   -0.18218
-0.33947   0.329842   -0.190252
0.496009   0.331783   -0.01738
-0.323121   0.166641   -0.00986241
-0.166595   0.158486   -0.163304
0.00570274   0.332718   -0.155016
-0.158167   0.328092   -0.00733372
0.0106862   0.158531   -0.0068895
0.163861   0.163622   -0.174486
0.321133   0.360049   -0.169779
0.173203   0.321607   0.00142038
0.333658   0.180584   -0.0168811
0.481062   -0.493974   0.175175
-0.329041   -0.331622   0.186092
-0.481739   -0.343642   0.339137
-0.323572   -0.495986   0.3179
-0.166408   -0.499881   0.153826
-0.00556824   -0.330837   0.166049
-0.161124   -0.346392   0.320199
0.00800229   -0.490451   0.350774
0.17508   0.487981   0.170075
0.324684   -0.325477   0.163855
0.165516   -0.324339   0.334844
0.330691   -0.486843   0.33585
0.481341   -0.168101   0.164154
-0.326202   -0.00409404   0.158445
0.494122   0.0207211   0.34123
-0.35168   -0.142874   0.333336
-0.17322   -0.165211   0.162966
0.0147027   -0.00312487   0.165046
-0.152247   0.0162952   0.341455
-0.00226702   -0.152797   0.327861
0.164947   -0.173688   0.174795
0.337728   0.0200861   0.177515
0.174102   0.000957503   0.345039
0.33362   -0.164341   0.329022
-0.499175   0.177006   0.142217
-0.325548   0.343906   0.13805
0.498591   0.319475   0.320986
-0.322372   0.179368   0.3244
-0.16482   0.178109   0.165653
-0.00408477   0.346823   0.163332
-0.167096   0.351234   0.331215
-0.0130417   0.17597   0.3315
0.176295   0.178042   0.17061
0.33706   0.333755   0.183488
0.164668   0.336831   0.336858
0.322232   0.168578   0.334709
