-6.68339
-6.6823
-6.6797
-6.66841
-6.65258
-6.6373
-6.62179
-6.6072
-6.59693
-6.59506
-6.6031
-6.62343
-6.6514
-6.68845
-6.72579
-6.76219
-6.79648
-6.81618
-6.82336
-6.82076
-6.8064
-6.78312
-6.75636
-6.7226
-6.68562
-6.64914
-6.61623
-6.58676
-6.56216
-6.54624
-6.54068
-6.54237
-6.55263
-6.56993
-6.59392
-6.61904
-6.65117
-6.68331
-6.70905
-6.73253
-6.74468
-6.74933
-6.74153
-6.72899
-6.70914
-6.68465
-6.66232
-6.64372
-6.6336
-6.6327
-6.63621
-6.64678
-6.66352
-6.6847
-6.70684
-6.72974
-6.74891
-6.76084
-6.76404
-6.75795
-6.74469
-6.72726
-6.7085
-6.69372
-6.68286
-6.67836
-6.67903
-6.68501
-6.69035
-6.69616
-6.69768
-6.69443
-6.68585
-6.6729
-6.65883
-6.64815
-6.64133
-6.63688
-6.63354
-6.62922
-6.61798
-6.61424
-6.61528
-6.62736
-6.65465
-6.68985
-6.72571
-6.75982
-6.78443
-6.80084
-6.81034
-6.80731
-6.80144
-6.79015
-6.77877
-6.76406
-6.75388
-6.74494
-6.73711
-6.72786
-6.71813
-6.70379
-6.69013
-6.67598
-6.66051
-6.64498
-6.62883
-6.613
-6.59527
-6.57744
-6.55876
-6.53966
-6.52168
-6.50251
-6.48418
-6.47134
-6.46654
-6.46846
-6.48049
-6.50241
-6.53177
-6.56749
-6.60316
-6.63712
-6.66802
-6.69725
-6.72234
-6.74638
-6.76381
-6.77249
-6.77519
-6.77025
-6.75756
-6.74245
-6.72447
-6.7082
-6.69206
-6.68001
-6.66952
-6.6628
-6.66097
-6.66303
-6.66536
-6.67009
-6.67406
-6.67954
-6.68306
-6.68787
-6.69343
-6.70162
-6.713
-6.72483
-6.7376
-6.74657
-6.75247
-6.75326
-6.75009
-6.74199
-6.73246
-6.722
-6.7115
-6.70391
-6.69919
-6.69735
-6.69694
-6.6979
-6.69691
-6.68967
-6.68081
-6.66382
-6.64496
-6.6223
-6.60063
-6.58104
-6.56966
-6.56233
-6.56258
-6.57141
-6.58741
-6.61116
-6.63753
-6.66071
-6.68378
-6.69856
-6.71116
-6.7199
-6.7269
-6.73147
-6.73203
-6.72513
-6.71236
-6.69181
-6.66539
-6.6395
-6.61588
-6.59619
-6.58385
-6.58255
-6.5874
-6.60018
-6.61842
-6.63961
-6.66296
-6.6862
-6.70654
-6.72046
-6.73063
-6.73809
-6.73823
-6.74
-6.73538
-6.72859
-6.72246
-6.71407
-6.7039
-6.69394
-6.68498
-6.67326
-6.6651
-6.65267
-6.6434
-6.63537
-6.62868
-6.62713
-6.62719
-6.62879
-6.63201
-6.63537
-6.63615
-6.63162
-6.62436
-6.61413
-6.60457
-6.59614
-6.59649
-6.60573
-6.62483
-6.65391
-6.68998
-6.72737
-6.76171
-6.79256
-6.81341
-6.82573
-6.82477
-6.81145
-6.78775
-6.76023
-6.72999
-6.70286
-6.68105
-6.66518
-6.65501
-6.64513
-6.63525
-6.62463
-6.61493
-6.60632
-6.59726
-6.58895
-6.58273
-6.58046
-6.58312
-6.58863
-6.59511
-6.6078
-6.62499
-6.64292
-6.66556
-6.68853
-6.71452
-6.7411
-6.76712
-6.79127
-6.80979
-6.82099
-6.82123
-6.81068
-6.78626
-6.75254
-6.71623
-6.67795
-6.64386
-6.61898
-6.60848
-6.60914
-6.62478
-6.64617
-6.66768
-6.68593
-6.69948
-6.70977
-6.71218
-6.7115
-6.7056
-6.69503
-6.68241
-6.66977
-6.65769
-6.64587
-6.63825
-6.6344
-6.63207
-6.63551
-6.6399
-6.64112
-6.6384
-6.63411
-6.62556
-6.61779
-6.60911
-6.59931
-6.59498
-6.59136
-6.59224
-6.59997
-6.61023
-6.6236
-6.63996
-6.65482
-6.6683
-6.67847
-6.68827
-6.69582
-6.70269
-6.70908
-6.71449
-6.72015
-6.72591
-6.72781
-6.7303
-6.73051
-6.72979
-6.72711
-6.72373
-6.71502
-6.70245
-6.68744
-6.67287
-6.65706
-6.64243
-6.62762
-6.61733
-6.60332
-6.59522
-6.59603
-6.60096
-6.6121
-6.62239
-6.6325
-6.63929
-6.64331
-6.64165
-6.64175
-6.64514
-6.65236
-6.6688
-6.69201
-6.71807
-6.74629
-6.77032
-6.78786
-6.79766
-6.79796
-6.79133
-6.77413
-6.74975
-6.71811
-6.68451
-6.64899
-6.6199
-6.59431
-6.57877
-6.56993
-6.57224
-6.58278
-6.59489
-6.60988
-6.62894
-6.64505
-6.66027
-6.67455
-6.68575
-6.69167
-6.69665
-6.69659
-6.69139
-6.68272
-6.67068
-6.65735
-6.64333
-6.63365
-6.62672
-6.62777
-6.63785
-6.65784
-6.68206
-6.70218
-6.71548
-6.72259
-6.72276
-6.71527
-6.70148
-6.68532
-6.66817
-6.65007
-6.63747
-6.63162
-6.63585
-6.65434
-6.68144
-6.71235
-6.74117
-6.76448
-6.77772
-6.78081
-6.77068
-6.75056
-6.72257
-6.69178
-6.65698
-6.62772
-6.61182
-6.60426
-6.60562
-6.61629
-6.62776
-6.64256
-6.65493
-6.66405
-6.67115
-6.67158
-6.66941
-6.66649
-6.66914
-6.67236
-6.67922
-6.6838
-6.68435
-6.68331
-6.6816
-6.67643
-6.66629
-6.66157
-6.65418
-6.64985
-6.65149
-6.65346
-6.65407
-6.65614
-6.65723
-6.65516
-6.65107
-6.64836
-6.64353
-6.64539
-6.65319
-6.66845
-6.68834
-6.71064
-6.73144
-6.7479
-6.7603
-6.76167
-6.75516
-6.73957
-6.71782
-6.68703
-6.65278
-6.61483
-6.58059
-6.55162
-6.53555
-6.53374
-6.54971
-6.58139
-6.62176
-6.66446
-6.70398
-6.73448
-6.75973
-6.77715
-6.79085
-6.80004
-6.80595
-6.80761
-6.8035
-6.79565
-6.7806
-6.76587
-6.74923
-6.73507
-6.7221
-6.71233
-6.70817
-6.7028
-6.68976
-6.67122
-6.64852
-6.62339
-6.5972
-6.57728
-6.5635
-6.56154
-6.5677
-6.5795
-6.59915
-6.6185
-6.63499
-6.64632
-6.65259
-6.65236
-6.64756
-6.64016
-6.63114
-6.62688
-6.62261
-6.62233
-6.63003
-6.63895
-6.64693
-6.6509
-6.64735
-6.63592
-6.62073
-6.60491
-6.59621
-6.59761
-6.61579
-6.64255
-6.6791
-6.71935
-6.75709
-6.78622
-6.805
-6.81179
-6.8071
-6.78961
-6.7632
-6.73211
-6.69888
-6.66735
-6.64188
-6.6247
-6.62251
-6.63198
-6.65317
-6.68352
-6.71831
-6.74994
-6.77663
-6.79212
-6.79873
-6.79122
-6.77263
-6.74745
-6.71149
-6.67464
-6.63848
-6.60484
-6.57516
-6.55653
-6.54552
-6.54838
-6.56371
-6.58908
-6.62361
-6.65982
-6.69168
-6.71761
-6.7298
-6.73018
-6.71663
-6.69358
-6.67055
-6.65031
-6.63654
-6.62984
-6.62727
-6.62993
-6.63861
-6.6502
-6.66684
-6.68233
-6.69924
-6.71396
-6.72768
-6.73346
-6.73758
-6.73569
-6.7323
-6.72822
-6.72362
-6.71609
-6.70558
-6.6955
-6.68511
-6.67531
-6.66422
-6.65763
-6.64897
-6.64281
-6.63442
-6.62528
-6.61277
-6.602
-6.59123
-6.58373
-6.5781
-6.57756
-6.58148
-6.59069
-6.61005
-6.63221
-6.65447
-6.67873
-6.70459
-6.72499
-6.74462
-6.76156
-6.77307
-6.78058
-6.78907
-6.79186
-6.78971
-6.78697
-6.78084
-6.77144
-6.76221
-6.75436
-6.74848
-6.74042
-6.72554
-6.70383
-6.67902
-6.65291
-6.62441
-6.59697
-6.57056
-6.54795
-6.53703
-6.53713
-6.54562
-6.56271
-6.58512
-6.61285
-6.64037
-6.67206
-6.70056
-6.72793
-6.74877
-6.76471
-6.77319
-6.76958
-6.75856
-6.74566
-6.72881
-6.7115
-6.69389
-6.67765
-6.66733
-6.65928
-6.65355
-6.65217
-6.65068
-6.64791
-6.64484
-6.63815
-6.62958
-6.61938
-6.60375
-6.59164
-6.58221
-6.58258
-6.588
-6.6005
-6.61711
-6.63489
-6.65118
-6.66732
-6.67757
-6.68578
-6.69066
-6.69498
-6.69845
-6.70622
-6.7129
-6.71789
-6.7225
-6.72243
-6.72245
-6.71711
-6.70706
-6.693
-6.67449
-6.65208
-6.6279
-6.60529
-6.5855
-6.57177
-6.56704
-6.5777
-6.59438
-6.62349
-6.65859
-6.69795
-6.72856
-6.75122
-6.76317
-6.76605
-6.7615
-6.75072
-6.73493
-6.71538
-6.69845
-6.68181
-6.66298
-6.64764
-6.63101
-6.61649
-6.60404
-6.58991
-6.57879
-6.57032
-6.56403
-6.56313
-6.56602
-6.57515
-6.59082
-6.61092
-6.63647
-6.6672
-6.69732
-6.7252
-6.7506
-6.76635
-6.77558
-6.77536
-6.7708
-6.76035
-6.7448
-6.72818
-6.71058
-6.69342
-6.67638
-6.66103
-6.64818
-6.63628
-6.62736
-6.62099
-6.61956
-6.62074
-6.62526
-6.63327
-6.64617
-6.65789
-6.66786
-6.67347
-6.67547
-6.67536
-6.67574
-6.67895
-6.68709
-6.69813
-6.70823
-6.7169
-6.72158
-6.72174
-6.72182
-6.71571
-6.70888
-6.69968
-6.68791
-6.67674
-6.65786
-6.63851
-6.61815
-6.59798
-6.58325
-6.57441
-6.57378
-6.58614
-6.60773
-6.63894
-6.67432
-6.71026
-6.74184
-6.76786
-6.78221
-6.78703
-6.78209
-6.7688
-6.75129
-6.72471
-6.69754
-6.67224
-6.65565
-6.6452
-6.64959
-6.66238
-6.68285
-6.70418
-6.72233
-6.73301
-6.73325
-6.72719
-6.71498
-6.70383
-6.69799
-6.69572
-6.69793
-6.70557
-6.71115
-6.71298
-6.71293
-6.70747
-6.70117
-6.69254
-6.68232
-6.67329
-6.66516
-6.65988
-6.65389
-6.65151
-6.64671
-6.6422
-6.63745
-6.62818
-6.61895
-6.611
-6.60507
-6.59884
-6.59609
-6.58927
-6.58167
-6.57523
-6.56862
-6.57058
-6.57979
-6.5965
-6.62019
-6.64849
-6.67467
-6.7015
-6.7216
-6.73403
-6.74244
-6.74284
-6.73701
-6.72836
-6.71776
-6.70822
-6.69836
-6.68777
-6.67768
-6.67442
-6.67272
-6.67403
-6.67805
-6.68277
-6.6904
-6.69509
-6.69949
-6.70095
-6.69935
-6.6934
-6.68502
-6.67411
-6.66026
-6.65039
-6.64626
-6.64573
-6.64674
-6.64697
-6.65036
-6.6514
-6.64826
-6.63779
-6.62513
-6.60877
-6.58774
-6.57339
-6.56739
-6.57303
-6.58964
-6.61471
-6.64362
-6.67291
-6.69725
-6.71632
-6.72857
-6.73385
-6.73539
-6.73346
-6.72838
-6.72049
-6.71071
-6.69978
-6.69201
-6.68875
-6.68757
-6.69417
-6.70543
-6.72047
-6.73523
-6.74624
-6.74841
-6.74683
-6.73515
-6.71887
-6.70153
-6.68563
-6.67093
-6.66079
-6.65719
-6.65916
-6.66637
-6.68204
-6.69728
-6.71153
-6.71934
-6.7262
-6.72917
-6.72916
-6.72507
-6.71653
-6.70606
-6.69319
-6.67654
-6.66434
-6.65336
-6.64346
-6.63607
-6.62961
-6.61999
-6.60806
-6.59316
-6.57925
-6.56402
-6.54957
-6.5392
-6.53436
-6.54081
-6.55232
-6.57276
-6.59726
-6.62513
-6.65111
-6.67694
-6.69616
-6.71028
-6.71908
-6.72448
-6.72839
-6.72837
-6.72152
-6.71495
-6.7132
-6.7135
-6.71164
-6.71004
-6.70407
-6.69824
-6.6901
-6.68206
-6.6743
-6.66694
-6.66241
-6.65913
-6.65794
-6.65573
-6.65297
-6.65254
-6.64662
-6.63976
-6.62984
-6.61825
-6.60373
-6.58961
-6.58097
-6.57718
-6.5747
-6.58171
-6.59748
-6.61996
-6.64831
-6.67298
-6.69065
-6.70358
-6.71214
-6.71362
-6.71292
-6.71024
-6.70751
-6.70507
-6.70919
-6.71361
-6.72137
-6.73367
-6.74715
-6.75959
-6.77006
-6.77495
-6.77553
-6.76551
-6.74659
-6.72177
-6.68961
-6.65698
-6.62546
-6.59823
-6.57465
-6.55723
-6.55388
-6.5583
-6.5675
-6.58031
-6.59445
-6.60847
-6.6236
-6.63291
-6.64052
-6.64703
-6.6539
-6.6598
-6.66203
-6.66445
-6.66634
-6.66907
-6.66986
-6.67502
-6.67714
-6.67637
-6.67493
-6.67225
-6.66759
-6.6628
-6.66113
-6.66208
-6.66878
-6.67879
-6.68946
-6.69902
-6.7083
-6.71922
-6.7249
-6.73406
-6.74031
-6.74651
-6.74772
-6.73975
-6.72922
-6.71142
-6.68765
-6.66306
-6.63917
-6.6184
-6.59911
-6.58319
-6.5721
-6.57081
-6.57746
-6.59624
-6.6236
-6.65787
-6.69421
-6.72733
-6.75579
-6.775
-6.78593
-6.78508
-6.77646
-6.75875
-6.73637
-6.70818
-6.68177
-6.65796
-6.64039
-6.63465
-6.63753
-6.64677
-6.66006
-6.67576
-6.68816
-6.69933
-6.71044
-6.7174
-6.71355
-6.7033
-6.68708
-6.66563
-6.64357
-6.62299
-6.60579
-6.59514
-6.58861
-6.58774
-6.59052
-6.59611
-6.6102
-6.63261
-6.65919
-6.68911
-6.71881
-6.74606
-6.76637
-6.77883
-6.78535
-6.78355
-6.77965
-6.76625
-6.7463
-6.72002
-6.68662
-6.6424
-6.59673
-6.5543
-6.52418
-6.51615
-6.53139
-6.5668
-6.61113
-6.65897
-6.70714
-6.7439
-6.7674
-6.77872
-6.77805
-6.7693
-6.75606
-6.73859
-6.72257
-6.70482
-6.68446
-6.66463
-6.64478
-6.62601
-6.61008
-6.59928
-6.60106
-6.609
-6.62685
-6.64848
-6.67142
-6.691
-6.70151
-6.70295
-6.69404
-6.67893
-6.66002
-6.63809
-6.62436
-6.617
-6.61369
-6.61864
-6.62994
-6.64406
-6.66153
-6.67696
-6.69219
-6.70362
-6.71091
-6.71201
-6.71279
-6.70938
-6.7044
-6.70134
-6.70003
-6.69795
-6.69579
-6.69304
-6.6917
-6.68613
-6.67592
-6.66349
-6.65546
-6.64853
-6.64592
-6.65079
-6.66342
-6.67875
-6.69185
-6.6982
-6.70025
-6.69531
-6.68441
-6.67598
-6.66973
-6.66524
-6.66013
-6.65137
-6.64052
-6.62821
-6.61265
-6.59734
-6.58428
-6.57339
-6.56834
-6.57143
-6.58091
-6.59292
-6.61556
-6.64125
-6.67225
-6.7071
-6.73869
-6.76266
-6.77754
-6.78424
-6.78523
-6.77411
-6.75752
-6.73512
-6.70824
-6.68265
-6.65915
-6.63605
-6.62076
-6.6131
-6.6087
-6.60839
-6.61602
-6.62884
-6.64331
-6.65942
-6.67082
-6.68097
-6.68455
-6.68218
-6.67489
-6.66922
-6.66486
-6.66416
-6.66994
-6.68235
-6.70194
-6.72071
-6.7374
-6.75216
-6.76533
-6.77147
-6.76995
-6.76015
-6.74436
-6.7223
-6.69727
-6.67211
-6.65574
-6.6481
-6.64656
-6.65429
-6.66333
-6.6694
-6.67032
-6.66335
-6.65145
-6.63367
-6.61508
-6.59868
-6.5821
-6.5763
-6.57498
-6.57902
-6.58684
-6.59779
-6.60462
-6.61173
-6.62091
-6.62743
-6.63409
-6.64287
-6.6529
-6.66601
-6.68245
-6.69831
-6.71318
-6.72526
-6.73282
-6.73183
-6.727
-6.7138
-6.69835
-6.6803
-6.66483
-6.65166
-6.64113
-6.63046
-6.62549
-6.62097
-6.61682
-6.61113
-6.60603
-6.60569
-6.60543
-6.60852
-6.61744
-6.629
-6.64136
-6.65605
-6.67107
-6.6858
-6.70092
-6.71195
-6.71977
-6.72574
-6.7316
-6.73684
-6.73879
-6.73813
-6.73551
-6.73036
-6.72432
-6.71654
-6.70819
-6.69635
-6.6853
-6.67505
-6.6663
-6.6655
-6.66564
-6.66576
-6.66845
-6.6648
-6.65775
-6.64541
-6.63259
-6.62078
-6.61221
-6.61063
-6.61692
-6.62838
-6.64452
-6.65805
-6.66771
-6.67209
-6.67185
-6.67055
-6.66581
-6.65499
-6.64135
-6.62421
-6.60686
-6.58666
-6.56946
-6.55458
-6.54717
-6.55157
-6.56259
-6.58773
-6.61757
-6.65132
-6.68649
-6.71901
-6.74639
-6.76901
-6.78655
-6.79573
-6.802
-6.8045
-6.80081
-6.79251
-6.78614
-6.77254
-6.76309
-6.75254
-6.74206
-6.7304
-6.71813
-6.7028
-6.68657
-6.67078
-6.65557
-6.64217
-6.6308
-6.62159
-6.60976
-6.60083
-6.5939
-6.5906
-6.5896
-6.59478
-6.60307
-6.61647
-6.62973
-6.64162
-6.65437
-6.66469
-6.67364
-6.68449
-6.69198
-6.69866
-6.69936
-6.69713
-6.68972
-6.68073
-6.67373
-6.66459
-6.662
-6.66335
-6.66732
-6.67823
-6.69091
-6.70643
-6.72186
-6.74086
-6.75529
-6.7672
-6.77144
-6.77102
-6.76045
-6.74221
-6.71751
-6.68515
-6.64887
-6.61522
-6.58521
-6.56037
-6.54939
-6.55219
-6.56596
-6.59068
-6.6214
-6.65299
-6.67958
-6.69795
-6.70862
-6.70895
-6.69983
-6.6864
-6.67446
-6.66237
-6.6599
-6.66556
-6.68438
-6.70742
-6.73459
-6.76035
-6.77926
-6.78764
-6.78932
-6.78188
-6.76792
-6.74734
-6.72504
-6.70228
-6.67649
-6.65376
-6.63078
-6.61036
-6.59326
-6.58235
-6.57499
-6.57881
-6.58612
-6.6001
-6.61716
-6.63372
-6.64912
-6.66232
-6.67119
-6.67296
-6.67176
-6.66249
-6.65434
-6.64604
-6.64209
-6.64389
-6.6549
-6.66648
-6.67697
-6.68817
-6.69636
-6.70348
-6.71049
-6.71403
-6.7197
-6.72827
-6.73228
-6.73149
-6.72702
-6.71601
-6.70283
-6.69015
-6.67922
-6.66919
-6.66175
-6.6564
-6.65096
-6.64492
-6.6386
-6.63774
-6.64017
-6.6522
-6.67102
-6.69403
-6.71611
-6.7332
-6.74533
-6.75476
-6.75739
-6.75181
-6.7399
-6.72555
-6.71179
-6.69821
-6.68997
-6.68162
-6.67788
-6.67397
-6.6733
-6.67454
-6.67551
-6.67641
-6.6756
-6.67335
-6.67133
-6.66628
-6.65786
-6.64587
-6.6325
-6.62195
-6.61564
-6.61303
-6.61972
-6.63252
-6.64664
-6.66433
-6.67831
-6.68632
-6.69044
-6.69111
-6.69117
-6.69548
-6.70397
-6.71284
-6.72351
-6.73546
-6.74879
-6.75411
-6.75401
-6.74267
-6.72619
-6.70196
-6.67623
-6.65053
-6.62775
-6.61202
-6.60745
-6.61678
-6.63573
-6.65882
-6.68364
-6.70312
-6.71184
-6.71121
-6.70177
-6.68651
-6.67066
-6.65807
-6.64873
-6.64308
-6.64109
-6.64578
-6.64991
-6.66126
-6.67078
-6.68307
-6.68985
-6.69381
-6.68945
-6.67908
-6.66331
-6.63747
-6.61068
-6.58084
-6.55564
-6.53829
-6.5266
-6.52631
-6.53707
-6.55642
-6.58268
-6.61856
-6.65438
-6.68915
-6.72169
-6.74719
-6.76869
-6.77912
-6.77965
-6.77573
-6.76523
-6.75106
-6.73668
-6.71773
-6.6983
-6.6769
-6.65556
-6.63466
-6.61414
-6.59719
-6.58071
-6.56554
-6.55611
-6.55298
-6.55841
-6.57679
-6.60669
-6.64728
-6.69091
-6.73082
-6.76732
-6.79266
-6.81061
-6.82114
-6.82265
-6.80948
-6.78878
-6.763
-6.73785
-6.71288
-6.68873
-6.67182
-6.6627
-6.65871
-6.65797
-6.66218
-6.66459
-6.66656
-6.66765
-6.66569
-6.66875
-6.67597
-6.68447
-6.69169
-6.69402
-6.68953
-6.67663
-6.66239
-6.64406
-6.63091
-6.62278
-6.61866
-6.62319
-6.63413
-6.64698
-6.65474
-6.66294
-6.66928
-6.67223
-6.67623
-6.67934
-6.67745
-6.67162
-6.66223
-6.65262
-6.64365
-6.63944
-6.64632
-6.66293
-6.68975
-6.71936
-6.74946
-6.77221
-6.78776
-6.79378
-6.78895
-6.77296
-6.7457
-6.71202
-6.67277
-6.63429
-6.5989
-6.5753
-6.5661
-6.56861
-6.58691
-6.6103
-6.6385
-6.66394
-6.68815
-6.70742
-6.7142
-6.70854
-6.69488
-6.67015
-6.63897
-6.61052
-6.58286
-6.56478
-6.55465
-6.55421
-6.56183
-6.57182
-6.5873
-6.59948
-6.61242
-6.61957
-6.62804
-6.63579
-6.64614
-6.65778
-6.67151
-6.68638
-6.70202
-6.71434
-6.72559
-6.72916
-6.73078
-6.7255
-6.71816
-6.7057
-6.69327
-6.68516
-6.67877
-6.67719
-6.6811
-6.68688
-6.69677
-6.70699
-6.71252
-6.72026
-6.72642
-6.72715
-6.7263
-6.72803
-6.72671
-6.72519
-6.72332
-6.71985
-6.71089
-6.69658
-6.67712
-6.65498
-6.63551
-6.62278
-6.61483
-6.6159
-6.61965
-6.62832
-6.63815
-6.64589
-6.65163
-6.6577
-6.66081
-6.65732
-6.65028
-6.63975
-6.63092
-6.61655
-6.60404
-6.59692
-6.59362
-6.59507
-6.6014
-6.61446
-6.62901
-6.64734
-6.65997
-6.66999
-6.6745
-6.67221
-6.66493
-6.65313
-6.63932
-6.62789
-6.62386
-6.62228
-6.63
-6.64619
-6.66488
-6.68493
-6.70558
-6.71946
-6.72426
-6.72385
-6.71403
-6.70401
-6.69629
-6.69024
-6.68717
-6.68905
-6.69619
-6.7002
-6.70622
-6.71179
-6.71603
-6.71345
-6.71196
-6.70732
-6.70288
-6.70002
-6.6995
-6.70178
-6.70343
-6.70915
-6.71267
-6.71466
-6.71232
-6.70518
-6.69323
-6.67917
-6.66371
-6.65445
-6.64989
-6.64916
-6.65316
-6.66111
-6.66952
-6.67462
-6.67602
-6.67341
-6.66996
-6.66219
-6.65718
-6.64729
-6.63961
-6.63311
-6.62515
-6.62258
-6.61656
-6.61572
-6.61414
-6.61452
-6.61455
-6.61884
-6.62724
-6.64025
-6.65978
-6.68466
-6.70589
-6.72822
-6.74116
-6.75219
-6.75319
-6.74465
-6.73289
-6.71941
-6.70299
-6.68903
-6.67676
-6.66768
-6.66224
-6.65925
-6.66171
-6.66653
-6.66919
-6.67171
-6.67054
-6.66863
-6.66525
-6.66759
-6.67688
-6.68926
-6.70782
-6.72435
-6.74016
-6.75259
-6.75229
-6.74201
-6.71955
-6.69252
-6.66321
-6.63208
-6.60292
-6.58303
-6.56565
-6.5535
-6.54934
-6.55026
-6.56283
-6.57656
-6.59474
-6.61576
-6.63444
-6.65294
-6.67055
-6.68426
-6.69631
-6.70546
-6.71331
-6.72058
-6.7219
-6.72326
-6.72206
-6.72221
-6.7274
-6.73317
-6.73397
-6.72863
-6.71401
-6.68928
-6.6574
-6.62244
-6.59075
-6.56406
-6.54545
-6.53872
-6.54512
-6.56041
-6.58445
-6.61496
-6.64715
-6.67641
-6.70018
-6.7158
-6.72212
-6.72248
-6.71865
-6.71646
-6.71393
-6.71333
-6.71807
-6.72048
-6.72168
-6.7213
-6.72001
-6.71741
-6.71456
-6.71308
-6.71037
-6.70442
-6.70181
-6.69662
-6.68689
-6.67535
-6.66211
-6.64546
-6.63036
-6.6194
-6.60912
-6.60083
-6.59092
-6.58332
-6.57495
-6.57025
-6.57191
-6.58223
-6.60057
-6.62839
-6.65842
-6.69062
-6.72012
-6.74537
-6.76651
-6.77976
-6.78985
-6.79687
-6.80024
-6.79863
-6.79542
-6.78922
-6.78367
-6.77951
-6.77498
-6.77107
-6.76226
-6.74811
-6.73213
-6.71079
-6.68534
-6.66353
-6.64582
-6.62608
-6.60474
-6.58548
-6.56699
-6.55261
-6.5436
-6.54085
-6.54738
-6.55728
-6.57042
-6.58461
-6.59432
-6.60269
-6.60887
-6.61211
-6.61558
-6.62305
-6.63195
-6.64517
-6.66142
-6.68099
-6.69947
-6.71539
-6.72821
-6.73738
-6.74009
-6.74328
-6.74215
-6.74005
-6.73735
-6.73267
-6.72648
-6.71385
-6.69339
-6.67348
-6.65403
-6.64225
-6.63714
-6.64066
-6.64624
-6.65435
-6.65818
-6.6574
-6.65312
-6.64915
-6.64202
-6.63296
-6.62624
-6.62134
-6.62087
-6.62555
-6.63295
-6.6407
-6.649
-6.6594
-6.66746
-6.67728
-6.68568
-6.69709
-6.70555
-6.7119
-6.71977
-6.72697
-6.73782
-6.74546
-6.75088
-6.75173
-6.75156
-6.74689
-6.74073
-6.73021
-6.71483
-6.69474
-6.67237
-6.65166
-6.63565
-6.62805
-6.62801
-6.63338
-6.64396
-6.66343
-6.68435
-6.70403
-6.71757
-6.72427
-6.72113
-6.71135
-6.69459
-6.67225
-6.64386
-6.61447
-6.59134
-6.57664
-6.57331
-6.57904
-6.59056
-6.60716
-6.62885
-6.64795
-6.66579
-6.67877
-6.68925
-6.69374
-6.69651
-6.69779
-6.69856
-6.70152
-6.70425
-6.71043
-6.71857
-6.73278
-6.75097
-6.76955
-6.78423
-6.79815
-6.80573
-6.80897
-6.80681
-6.79952
-6.78967
-6.77597
-6.7588
-6.73892
-6.7197
-6.69961
-6.67863
-6.65723
-6.6347
-6.6138
-6.59499
-6.58186
-6.57548
-6.5747
-6.581
-6.59334
-6.60384
-6.61157
-6.61236
-6.60554
-6.59869
-6.59409
-6.59518
-6.60008
-6.60631
-6.61919
-6.63256
-6.64162
-6.65331
-6.66122
-6.66687
-6.66982
-6.66965
-6.66203
-6.65341
-6.64541
-6.63958
-6.63656
-6.63834
-6.64639
-6.65384
-6.66461
-6.67841
-6.69043
-6.70192
-6.70934
-6.71865
-6.72847
-6.73671
-6.74643
-6.75696
-6.766
-6.77143
-6.76857
-6.76029
-6.74362
-6.72102
-6.6957
-6.66747
-6.64605
-6.63364
-6.62953
-6.63579
-6.65075
-6.67142
-6.69243
-6.71657
-6.73631
-6.74764
-6.75401
-6.74948
-6.73395
-6.70924
-6.67736
-6.64162
-6.60336
-6.56654
-6.53589
-6.51483
-6.50318
-6.50025
-6.50495
-6.51752
-6.53551
-6.55361
-6.57427
-6.59733
-6.6193
-6.64447
-6.66589
-6.68928
-6.70511
-6.71451
-6.72396
-6.72622
-6.71977
-6.70965
-6.70077
-6.68978
-6.67983
-6.67117
-6.66893
-6.67021
-6.67848
-6.69264
-6.70987
-6.72731
-6.74292
-6.75216
-6.75501
-6.74693
-6.73525
-6.71753
-6.70312
-6.68872
-6.67433
-6.65964
-6.6462
-6.63241
-6.62221
-6.61511
-6.6143
-6.61756
-6.62685
-6.63731
-6.6486
-6.65367
-6.6556
-6.64992
-6.63872
-6.6212
-6.60343
-6.58733
-6.57907
-6.57713
-6.5843
-6.60024
-6.62341
-6.65024
-6.67747
-6.70306
-6.72389
-6.74386
-6.75469
-6.75971
-6.75996
-6.75212
-6.73808
-6.71806
-6.69452
-6.66828
-6.64678
-6.62464
-6.60633
-6.59453
-6.58886
-6.58801
-6.59603
-6.60796
-6.6259
-6.64455
-6.66375
-6.68346
-6.70753
-6.73173
-6.75401
-6.77588
-6.79313
-6.80673
-6.8111
-6.80736
-6.79738
-6.77945
-6.75548
-6.72668
-6.69731
-6.67183
-6.65002
-6.63435
-6.62558
-6.62517
-6.63229
-6.64978
-6.66772
-6.68421
-6.69561
-6.70344
-6.70622
-6.69878
-6.68926
-6.68085
-6.67134
-6.66504
-6.6594
-6.66011
-6.6581
-6.6525
-6.64559
-6.63557
-6.62431
-6.61508
-6.60758
-6.60398
-6.59995
-6.59762
-6.59651
-6.59647
-6.60233
-6.61248
-6.62838
-6.65034
-6.67509
-6.69822
-6.71833
-6.73403
-6.74461
-6.74858
-6.74887
-6.74604
-6.73939
-6.7301
-6.71557
-6.69975
-6.68802
-6.68216
-6.68759
-6.7047
-6.72916
-6.75708
-6.7775
-6.78824
-6.78919
-6.77588
-6.75338
-6.72092
-6.68346
-6.6435
-6.60513
-6.57136
-6.5455
-6.53169
-6.53046
-6.54022
-6.56133
-6.59386
-6.63308
-6.66905
-6.70145
-6.72192
-6.73327
-6.73537
-6.73017
-6.72215
-6.7145
-6.70832
-6.70615
-6.70125
-6.69736
-6.68734
-6.6735
-6.66102
-6.64639
-6.63635
-6.62885
-6.62752
-6.63481
-6.64751
-6.66748
-6.69069
-6.71464
-6.73414
-6.74132
-6.73858
-6.72602
-6.70009
-6.66555
-6.62679
-6.58283
-6.53982
-6.50139
-6.46938
-6.451
-6.44318
-6.45165
-6.47278
-6.5042
-6.54375
-6.58528
-6.62467
-6.66415
-6.69983
-6.73336
-6.76231
-6.7858
-6.80657
-6.81733
-6.8215
-6.81422
-6.79724
-6.77269
-6.74218
-6.70718
-6.67787
-6.65485
-6.64027
-6.63868
-6.64317
-6.65464
-6.67137
-6.68944
-6.71002
-6.72718
-6.73721
-6.74662
-6.74944
-6.74395
-6.73696
-6.72244
-6.70314
-6.68355
-6.66847
-6.65628
-6.6464
-6.63991
-6.63395
-6.62804
-6.6232
-6.61646
-6.61263
-6.61326
-6.62175
-6.63501
-6.64846
-6.66506
-6.68105
-6.69455
-6.70328
-6.70933
-6.70328
-6.69156
-6.67028
-6.64208
-6.60933
-6.57879
-6.55264
-6.53795
-6.53775
-6.55301
-6.58066
-6.61837
-6.65679
-6.69253
-6.72361
-6.74749
-6.76582
-6.77982
-6.78818
-6.79187
-6.79034
-6.78073
-6.76725
-6.74488
-6.71872
-6.68799
-6.65421
-6.62539
-6.59834
-6.57893
-6.56079
-6.5467
-6.53581
-6.52878
-6.5306
-6.53773
-6.55358
-6.57897
-6.60767
-6.64243
-6.67927
-6.71577
-6.74661
-6.76979
-6.78525
-6.78933
-6.78649
-6.77235
-6.75761
-6.73589
-6.71508
-6.69438
-6.67555
-6.65748
-6.64058
-6.62434
-6.61252
-6.60253
-6.59631
-6.59801
-6.60423
-6.6191
-6.63837
-6.66045
-6.67977
-6.69485
-6.70137
-6.69804
-6.68758
-6.66863
-6.6433
-6.61484
-6.59295
-6.57624
-6.57341
-6.58457
-6.60285
-6.62938
-6.65587
-6.68009
-6.70332
-6.71715
-6.72899
-6.73492
-6.73893
-6.74288
-6.74315
-6.74537
-6.75056
-6.75682
-6.7597
-6.76073
-6.75758
-6.7528
-6.74043
-6.72619
-6.71212
-6.697
-6.6815
-6.6672
-6.65597
-6.64684
-6.64121
-6.63774
-6.63819
-6.64258
-6.64819
-6.65696
-6.65993
-6.66058
-6.65568
-6.64534
-6.63137
-6.61256
-6.59209
-6.57336
-6.55893
-6.54564
-6.54252
-6.55039
-6.56934
-6.59933
-6.63763
-6.67741
-6.71942
-6.75464
-6.78241
-6.80194
-6.80662
-6.80218
-6.78858
-6.76627
-6.73991
-6.71293
-6.69167
-6.67488
-6.67056
-6.67138
-6.67995
-6.6884
-6.69934
-6.70423
-6.70237
-6.69316
-6.67851
-6.66275
-6.65147
-6.6387
-6.62629
-6.61583
-6.60555
-6.59432
-6.58728
-6.58244
-6.58388
-6.58967
-6.60165
-6.61887
-6.64074
-6.66875
-6.69356
-6.71925
-6.73912
-6.75279
-6.75584
-6.75438
-6.746
-6.72925
-6.70935
-6.69335
-6.67957
-6.66989
-6.66344
-6.65693
-6.64683
-6.63526
-6.62201
-6.61003
-6.60524
-6.61139
-6.62737
-6.64828
-6.67717
-6.70686
-6.73293
-6.7529
-6.76316
-6.76329
-6.75707
-6.748
-6.73492
-6.72121
-6.70864
-6.69798
-6.68794
-6.67752
-6.66551
-6.65132
-6.63846
-6.62616
-6.61338
-6.59948
-6.58446
-6.5716
-6.55958
-6.55016
-6.54031
-6.53827
-6.5455
-6.56092
-6.5809
-6.6073
-6.632
-6.6543
-6.67817
-6.69881
-6.72053
-6.73714
-6.75151
-6.76696
-6.7793
-6.79098
-6.80135
-6.80572
-6.80643
-6.80318
-6.7981
-6.78566
-6.77491
-6.76326
-6.74728
-6.73019
-6.71112
-6.68807
-6.66531
-6.64242
-6.62246
-6.61245
-6.6093
-6.61118
-6.61757
-6.6217
-6.62414
-6.62431
-6.61837
-6.60875
-6.59625
-6.58362
-6.57361
-6.56602
-6.56394
-6.56765
-6.5769
-6.5892
-6.60406
-6.62131
-6.6396
-6.65465
-6.66898
-6.67943
-6.68953
-6.69861
-6.70852
-6.72486
-6.74287
-6.75942
-6.77557
-6.784
-6.79157
-6.79036
-6.78395
-6.77257
-6.76282
-6.74954
-6.7381
-6.72379
-6.71094
-6.69657
-6.68199
-6.66783
-6.65106
-6.63516
-6.62069
-6.60345
-6.59121
-6.58273
-6.57969
-6.58174
-6.59035
-6.60377
-6.61876
-6.63454
-6.64818
-6.65976
-6.66904
-6.67927
-6.68381
-6.68512
-6.68797
-6.68734
-6.68775
-6.68924
-6.69189
-6.69372
-6.69532
-6.69744
-6.69565
-6.69185
-6.68544
-6.67547
-6.6663
-6.66005
-6.65597
-6.66015
-6.67055
-6.68769
-6.70225
-6.71331
-6.72017
-6.72124
-6.71449
-6.70123
-6.68203
-6.65874
-6.637
-6.61703
-6.60254
-6.58952
-6.58049
-6.57784
-6.58107
-6.58911
-6.60219
-6.61966
-6.6352
-6.65044
-6.66393
-6.67691
-6.69326
-6.71104
-6.72791
-6.74368
-6.75441
-6.76296
-6.7632
-6.75531
-6.73932
-6.71667
-6.68683
-6.65634
-6.62371
-6.59459
-6.5733
-6.55975
-6.55532
-6.55783
-6.56808
-6.58133
-6.59886
-6.61719
-6.63438
-6.64637
-6.65475
-6.65886
-6.66261
-6.66799
-6.67473
-6.68533
-6.69512
-6.70302
-6.70922
-6.70984
-6.70923
-6.70918
-6.71315
-6.72228
-6.7336
-6.74684
-6.75881
-6.76295
-6.76115
-6.75359
-6.74397
-6.72693
-6.70879
-6.68754
-6.66743
-6.64907
-6.63294
-6.62404
-6.61693
-6.61037
-6.60961
-6.61234
-6.61979
-6.63075
-6.64308
-6.65531
-6.6659
-6.66875
-6.66806
-6.66139
-6.65215
-6.64323
-6.63146
-6.61959
-6.61111
-6.60556
-6.60734
-6.61737
-6.63549
-6.65805
-6.6857
-6.70916
-6.73386
-6.75546
-6.77229
-6.78709
-6.79635
-6.80251
-6.79801
-6.78338
-6.75868
-6.72878
-6.69383
-6.65639
-6.62298
-6.60116
-6.59277
-6.59405
-6.60406
-6.62224
-6.64271
-6.66252
-6.68262
-6.69786
-6.70963
-6.71211
-6.71065
-6.70489
-6.69541
-6.68712
-6.67938
-6.67384
-6.67304
-6.67707
-6.68072
-6.67968
-6.67701
-6.6706
-6.66162
-6.64928
-6.6369
-6.62639
-6.61851
-6.61291
-6.60589
-6.6023
-6.60319
-6.60871
-6.6178
-6.62593
-6.64226
-6.65952
-6.6775
-6.69312
-6.70484
-6.71192
-6.71495
-6.71087
-6.70252
-6.69068
-6.67806
-6.66472
-6.65215
-6.6469
-6.6487
-6.65977
-6.67793
-6.70309
-6.7287
-6.75386
-6.76629
-6.77043
-6.75971
-6.739
-6.70913
-6.67602
-6.64714
-6.62746
-6.61791
-6.61643
-6.62076
-6.62761
-6.63857
-6.65051
-6.65865
-6.66466
-6.66704
-6.66675
-6.65768
-6.64693
-6.6294
-6.61019
-6.59152
-6.58454
-6.58092
-6.59098
-6.6125
-6.64196
-6.67558
-6.71263
-6.74309
-6.76918
-6.78815
-6.80285
-6.81048
-6.81125
-6.79858
-6.78023
-6.75375
-6.72439
-6.69278
-6.66174
-6.63044
-6.60667
-6.58856
-6.57302
-6.56199
-6.55536
-6.55388
-6.55588
-6.56158
-6.56776
-6.57766
-6.59035
-6.59991
-6.60984
-6.61608
-6.62211
-6.62518
-6.62904
-6.63194
-6.63097
-6.62874
-6.62493
-6.62164
-6.624
-6.62921
-6.63797
-6.65032
-6.66513
-6.68144
-6.69815
-6.71154
-6.72007
-6.7271
-6.72944
-6.73198
-6.73404
-6.73556
-6.73672
-6.73896
-6.743
-6.75034
-6.7557
-6.76394
-6.77478
-6.78436
-6.79193
-6.79391
-6.79123
-6.78264
-6.76554
-6.74128
-6.70816
-6.67557
-6.64625
-6.61889
-6.59951
-6.58564
-6.57819
-6.57089
-6.56898
-6.57053
-6.57327
-6.57694
-6.58278
-6.59031
-6.60399
-6.61868
-6.6354
-6.65696
-6.67803
-6.70075
-6.72136
-6.73783
-6.74879
-6.75129
-6.75223
-6.74726
-6.74175
-6.73129
-6.72096
-6.71299
-6.70241
-6.69244
-6.68396
-6.67603
-6.66417
-6.65098
-6.64324
-6.63784
-6.63157
-6.62806
-6.63191
-6.63744
-6.64487
-6.65925
-6.67406
-6.68418
-6.69167
-6.69633
-6.69297
-6.6858
-6.67585
-6.66269
-6.64825
-6.6324
-6.61631
-6.60264
-6.59245
-6.59156
-6.60138
-6.62724
-6.66371
-6.7032
-6.74142
-6.77047
-6.7894
-6.79894
-6.80404
-6.80365
-6.79829
-6.78775
-6.77526
-6.76174
-6.74242
-6.72219
-6.70296
-6.6896
-6.68409
-6.68634
-6.69315
-6.70484
-6.71275
-6.71593
-6.70816
-6.69399
-6.67123
-6.64453
-6.61547
-6.58679
-6.56533
-6.54909
-6.53862
-6.53683
-6.53967
-6.54551
-6.5516
-6.55724
-6.56409
-6.57236
-6.58241
-6.59281
-6.6095
-6.63125
-6.65464
-6.67859
-6.69958
-6.71697
-6.72596
-6.72945
-6.7278
-6.71829
-6.70464
-6.68943
-6.67933
-6.67247
-6.67022
-6.67173
-6.67643
-6.6803
-6.68612
-6.68843
-6.68777
-6.68703
-6.68444
-6.68124
-6.67903
-6.6785
-6.67657
-6.67504
-6.67474
-6.67377
-6.6732
-6.67466
-6.6721
-6.66742
-6.66118
-6.65152
-6.64314
-6.64135
-6.64729
-6.66029
-6.68079
-6.70041
-6.71837
-6.73345
-6.73808
-6.73118
-6.71728
-6.6985
-6.67839
-6.66029
-6.64913
-6.64618
-6.6524
-6.66595
-6.68466
-6.70444
-6.72386
-6.73658
-6.74094
-6.73688
-6.72465
-6.704
-6.67583
-6.6496
-6.62651
-6.61156
-6.60447
-6.6044
-6.61194
-6.61962
-6.6297
-6.63796
-6.64487
-6.64642
-6.64669
-6.64362
-6.64019
-6.63857
-6.63926
-6.64498
-6.65097
-6.65905
-6.66498
-6.6658
-6.66358
-6.65287
-6.63887
-6.62038
-6.59858
-6.57496
-6.55635
-6.54491
-6.54657
-6.56197
-6.59071
-6.62831
-6.67316
-6.71782
-6.75753
-6.79046
-6.81097
-6.82518
-6.82564
-6.81451
-6.79685
-6.7729
-6.74476
-6.71893
-6.69894
-6.68259
-6.67191
-6.6623
-6.65358
-6.64651
-6.63709
-6.62977
-6.62663
-6.62477
-6.62403
-6.62861
-6.63455
-6.64045
-6.64224
-6.64373
-6.64186
-6.64388
-6.6507
-6.66147
-6.67806
-6.69249
-6.70831
-6.71637
-6.71704
-6.71151
-6.69894
-6.68553
-6.66899
-6.65306
-6.64531
-6.64283
-6.65184
-6.66778
-6.69105
-6.71349
-6.73233
-6.74382
-6.75022
-6.74548
-6.73365
-6.71951
-6.69844
-6.67659
-6.6532
-6.63533
-6.61784
-6.60996
-6.60678
-6.60713
-6.61136
-6.61536
-6.62075
-6.62514
-6.62762
-6.63016
-6.6289
-6.63091
-6.63348
-6.64024
-6.64723
-6.65831
-6.66961
-6.68269
-6.69517
-6.70697
-6.71452
-6.71868
-6.71687
-6.71525
-6.71178
-6.70611
-6.70043
-6.69242
-6.68707
-6.68783
-6.69686
-6.71079
-6.73112
-6.75151
-6.77114
-6.78167
-6.78327
-6.77226
-6.75324
-6.72329
-6.6849
-6.6412
-6.59799
-6.56205
-6.5382
-6.52984
-6.53539
-6.55437
-6.57943
-6.61118
-6.64078
-6.66853
-6.68649
-6.6957
-6.69813
-6.69435
-6.6854
-6.67384
-6.65999
-6.65041
-6.64514
-6.64869
-6.65841
-6.67568
-6.70114
-6.72792
-6.75108
-6.76812
-6.77824
-6.77836
-6.76755
-6.75057
-6.72942
-6.70841
-6.68672
-6.66638
-6.64891
-6.63395
-6.61851
-6.60021
-6.58163
-6.56142
-6.54283
-6.52735
-6.5266
-6.53734
-6.56594
-6.60488
-6.65129
-6.69602
-6.73441
-6.76029
-6.77068
-6.76833
-6.75568
-6.73345
-6.70683
-6.67722
-6.65229
-6.63367
-6.62226
-6.62209
-6.63161
-6.65182
-6.67644
-6.70878
-6.73788
-6.7627
-6.78285
-6.79041
-6.78704
-6.77296
-6.75516
-6.73183
-6.70751
-6.68633
-6.66973
-6.65903
-6.65269
-6.64638
-6.64349
-6.6402
-6.63808
-6.63547
-6.63542
-6.63733
-6.63916
-6.64219
-6.64216
-6.6422
-6.64061
-6.63429
-6.62291
-6.60691
-6.58648
-6.56722
-6.54986
-6.54752
-6.55718
-6.58096
-6.61787
-6.65984
-6.69637
-6.71999
-6.73031
-6.72319
-6.7058
-6.67737
-6.64984
-6.63122
-6.62294
-6.6292
-6.65051
-6.68293
-6.71865
-6.7563
-6.79079
-6.81736
-6.83375
-6.83849
-6.8291
-6.81093
-6.78144
-6.74253
-6.70136
-6.65397
-6.60556
-6.5619
-6.52801
-6.50859
-6.50482
-6.51811
-6.53793
-6.56463
-6.58895
-6.60932
-6.62304
-6.63348
-6.64019
-6.65187
-6.66751
-6.68387
-6.70187
-6.71505
-6.72856
-6.739
-6.74704
-6.75324
-6.76077
-6.76598
-6.76818
-6.77022
-6.77231
-6.7693
-6.76704
-6.76376
-6.75507
-6.74688
-6.73515
-6.72501
-6.71721
-6.71082
-6.70675
-6.70361
-6.70037
-6.69001
-6.67563
-6.65563
-6.62797
-6.59657
-6.56415
-6.53435
-6.51178
-6.50065
-6.50157
-6.51332
-6.53407
-6.56418
-6.59445
-6.62645
-6.65964
-6.68578
-6.70602
-6.7236
-6.73351
-6.74083
-6.74739
-6.74818
-6.74959
-6.74604
-6.74129
-6.73375
-6.71979
-6.7051
-6.68942
-6.67245
-6.65538
-6.64275
-6.63116
-6.62523
-6.62668
-6.63378
-6.64696
-6.66419
-6.67704
-6.68897
-6.69687
-6.69792
-6.69619
-6.68688
-6.67416
-6.65737
-6.63915
-6.62312
-6.61136
-6.60457
-6.6045
-6.60982
-6.62083
-6.63387
-6.64789
-6.65953
-6.66952
-6.67914
-6.68666
-6.69508
-6.70434
-6.71209
-6.72045
-6.72612
-6.73399
-6.74058
-6.74422
-6.74724
-6.74625
-6.73785
-6.7241
-6.70683
-6.68809
-6.67408
-6.65836
-6.64636
-6.63675
-6.62907
-6.62392
-6.61886
-6.61505
-6.60946
-6.60239
-6.59559
-6.58866
-6.58598
-6.58847
-6.58999
-6.59743
-6.60739
-6.62064
-6.63711
-6.65386
-6.66872
-6.67914
-6.68286
-6.68537
-6.68392
-6.68274
-6.68333
-6.68383
-6.68839
-6.69505
-6.69761
-6.69961
-6.70125
-6.70205
-6.70411
-6.70205
-6.70071
-6.70026
-6.69848
-6.6958
-6.69716
-6.69883
-6.69869
-6.69554
-6.69465
-6.69082
-6.6864
-6.68016
-6.67385
-6.66977
-6.66776
-6.66544
-6.66272
-6.6601
-6.65631
-6.65294
-6.65408
-6.65396
-6.65729
-6.66462
-6.67213
-6.67863
-6.68011
-6.67676
-6.66722
-6.65305
-6.64171
-6.63016
-6.6272
-6.63062
-6.6421
-6.65719
-6.67296
-6.68259
-6.6865
-6.68412
-6.67631
-6.6658
-6.65356
-6.64129
-6.62691
-6.61611
-6.60935
-6.60674
-6.60869
-6.61324
-6.62288
-6.63166
-6.64005
-6.64439
-6.64727
-6.6491
-6.65174
-6.65437
-6.6591
-6.66604
-6.6769
-6.69001
-6.69967
-6.71192
-6.72009
-6.72565
-6.7305
-6.72969
-6.7257
-6.71906
-6.71707
-6.71597
-6.72484
-6.73913
-6.76078
-6.78374
-6.80592
-6.82275
-6.83046
-6.82559
-6.80953
-6.78338
-6.75214
-6.72071
-6.69154
-6.67032
-6.65616
-6.64924
-6.64567
-6.64322
-6.63999
-6.63045
-6.61892
-6.60405
-6.58921
-6.57782
-6.56591
-6.56272
-6.56402
-6.56845
-6.57871
-6.59009
-6.60156
-6.61221
-6.61983
-6.62526
-6.62848
-6.62923
-6.63074
-6.63311
-6.63561
-6.63992
-6.64782
-6.65797
-6.66657
-6.67553
-6.68157
-6.68275
-6.67967
-6.67211
-6.65571
-6.63518
-6.6116
-6.58875
-6.56998
-6.55919
-6.56007
-6.57101
-6.59487
-6.62933
-6.66585
-6.70117
-6.73525
-6.75615
-6.76772
-6.77116
-6.76853
-6.75973
-6.74725
-6.73855
-6.72909
-6.72309
-6.72186
-6.72255
-6.72323
-6.72451
-6.72338
-6.71958
-6.71455
-6.71033
-6.71029
-6.71616
-6.72412
-6.73339
-6.73664
-6.73236
-6.71895
-6.69819
-6.67287
-6.64056
-6.606
-6.57537
-6.54897
-6.53083
-6.5288
-6.54353
-6.57206
-6.60751
-6.6436
-6.67186
-6.68615
-6.68756
-6.67439
-6.65809
-6.63783
-6.62362
-6.62409
-6.63765
-6.65872
-6.68828
-6.7201
-6.7506
-6.77634
-6.79067
-6.79475
-6.78579
-6.7659
-6.73861
-6.70466
-6.67138
-6.6391
-6.61245
-6.59402
-6.5842
-6.58633
-6.60003
-6.61938
-6.64455
-6.66772
-6.68942
-6.70967
-6.71916
-6.72248
-6.71805
-6.7103
-6.6962
-6.68318
-6.67193
-6.66065
-6.65173
-6.648
-6.64625
-6.64663
-6.65009
-6.65374
-6.66523
-6.67744
-6.69237
-6.71138
-6.72842
-6.74188
-6.74763
-6.74605
-6.73611
-6.72034
-6.70167
-6.68597
-6.66967
-6.65667
-6.64575
-6.63814
-6.63276
-6.62903
-6.62747
-6.6273
-6.63173
-6.63826
-6.64623
-6.65726
-6.66788
-6.67897
-6.69081
-6.7022
-6.71162
-6.71912
-6.72398
-6.72522
-6.72279
-6.71423
-6.69935
-6.68225
-6.66307
-6.6453
-6.6286
-6.61729
-6.61284
-6.61575
-6.62002
-6.62818
-6.63555
-6.64206
-6.64499
-6.64602
-6.64602
-6.64342
-6.63894
-6.63877
-6.63805
-6.63664
-6.6336
-6.63292
-6.63331
-6.63852
-6.65177
-6.67279
-6.69856
-6.7195
-6.73178
-6.73645
-6.72823
-6.70818
-6.67957
-6.64485
-6.60952
-6.57761
-6.5531
-6.53956
-6.53459
-6.53991
-6.55556
-6.57521
-6.59779
-6.62519
-6.65227
-6.68078
-6.70258
-6.72363
-6.74224
-6.75409
-6.76298
-6.76634
-6.76644
-6.76398
-6.75577
-6.74391
-6.72725
-6.70645
-6.68328
-6.66123
-6.64761
-6.64481
-6.65079
-6.66425
-6.67731
-6.68857
-6.69985
-6.70725
-6.70957
-6.71061
-6.71085
-6.70372
-6.69314
-6.6786
-6.66281
-6.64679
-6.63652
-6.63201
-6.63241
-6.63635
-6.64324
-6.65077
-6.6576
-6.66205
-6.66944
-6.67907
-6.69266
-6.7057
-6.71677
-6.72761
-6.73383
-6.73202
-6.72191
-6.70546
-6.68633
-6.66959
-6.65305
-6.64116
-6.63185
-6.62868
-6.63621
-6.64581
-6.65875
-6.67172
-6.6846
-6.69798
-6.70447
-6.70924
-6.70985
-6.70271
-6.69063
-6.67537
-6.65919
-6.64395
-6.63234
-6.62869
-6.62904
-6.63205
-6.63603
-6.64107
-6.64712
-6.64946
-6.65456
-6.65939
-6.66501
-6.67052
-6.67296
-6.67347
-6.66946
-6.6625
-6.65245
-6.64237
-6.63475
-6.6286
-6.62528
-6.62986
-6.63454
-6.64601
-6.66348
-6.6849
-6.7087
-6.72965
-6.74277
-6.74264
-6.73639
-6.72254
-6.70882
-6.70001
-6.69416
-6.69358
-6.69693
-6.69598
-6.69206
-6.67949
-6.66532
-6.6496
-6.63155
-6.61894
-6.61106
-6.60995
-6.62
-6.63673
-6.65713
-6.68176
-6.70821
-6.73327
-6.75105
-6.76058
-6.75786
-6.74486
-6.72415
-6.69518
-6.67042
-6.64743
-6.6292
-6.62026
-6.62232
-6.63437
-6.65332
-6.67529
-6.69301
-6.70763
-6.7111
-6.70466
-6.68976
-6.66862
-6.64565
-6.62303
-6.60435
-6.5931
-6.59026
-6.59188
-6.6017
-6.61205
-6.62514
-6.63491
-6.6348
-6.63257
-6.63009
-6.62233
-6.61609
-6.61395
-6.61849
-6.62612
-6.63883
-6.65923
-6.67804
-6.69845
-6.71925
-6.73382
-6.74412
-6.7513
-6.74837
-6.73778
-6.72011
-6.70189
-6.68747
-6.67467
-6.67111
-6.67282
-6.6778
-6.68266
-6.68056
-6.67791
-6.67277
-6.66667
-6.66169
-6.66177
-6.66882
-6.67935
-6.69447
-6.70717
-6.71352
-6.71259
-6.70568
-6.69036
-6.67333
-6.65255
-6.63671
-6.6299
-6.62742
-6.6318
-6.64483
-6.66004
-6.68264
-6.70041
-6.714
-6.72143
-6.72724
-6.72712
-6.72737
-6.72886
-6.72831
-6.73066
-6.72769
-6.72292
-6.71968
-6.71416
-6.70595
-6.6951
-6.6813
-6.66226
-6.64196
-6.61651
-6.59303
-6.5721
-6.55285
-6.54341
-6.54068
-6.54554
-6.55591
-6.56991
-6.58647
-6.60915
-6.63774
-6.66873
-6.70274
-6.73873
-6.77359
-6.80139
-6.81754
-6.82084
-6.81136
-6.79211
-6.76326
-6.72923
-6.69911
-6.67433
-6.65736
-6.64692
-6.63974
-6.63864
-6.63754
-6.63894
-6.63845
-6.63825
-6.63439
-6.63465
-6.63635
-6.64061
-6.647
-6.65315
-6.65927
-6.6589
-6.65549
-6.64659
-6.6354
-6.62479
-6.61386
-6.6102
-6.61204
-6.62226
-6.63938
-6.65974
-6.6805
-6.70184
-6.72067
-6.73531
-6.7445
-6.75295
-6.75294
-6.74885
-6.73994
-6.72532
-6.70967
-6.6961
-6.68339
-6.67997
-6.68036
-6.6848
-6.68725
-6.68683
-6.68624
-6.6844
-6.67924
-6.67674
-6.67485
-6.67594
-6.67709
-6.68464
-6.69135
-6.70011
-6.70484
-6.70493
-6.69347
-6.67738
-6.65783
-6.63237
-6.60738
-6.5894
-6.57958
-6.57877
-6.58475
-6.59504
-6.6119
-6.62629
-6.6361
-6.6426
-6.64392
-6.64342
-6.63896
-6.63248
-6.63283
-6.63393
-6.63951
-6.64831
-6.6606
-6.67171
-6.68232
-6.691
-6.69724
-6.70074
-6.70232
-6.70162
-6.69693
-6.69202
-6.68717
-6.68077
-6.67475
-6.66788
-6.65794
-6.64529
-6.6265
-6.60468
-6.58595
-6.57149
-6.5642
-6.56979
-6.5856
-6.60906
-6.63377
-6.65879
-6.68371
-6.70005
-6.70931
-6.71571
-6.7182
-6.71992
-6.71561
-6.70993
-6.70367
-6.69535
-6.69006
-6.68274
-6.67783
-6.67485
-6.67273
-6.67147
-6.67052
-6.66949
-6.67111
-6.67295
-6.67544
-6.67951
-6.68178
-6.68603
-6.68699
-6.68711
-6.68763
-6.68837
-6.68984
-6.6923
-6.69542
-6.69849
-6.69973
-6.70141
-6.69834
-6.69712
-6.69315
-6.68878
-6.68109
-6.6743
-6.66584
-6.66167
-6.66253
-6.66784
-6.67472
-6.6803
-6.68426
-6.68692
-6.68996
-6.69403
-6.69946
-6.70465
-6.71271
-6.72011
-6.72908
-6.73867
-6.74823
-6.75219
-6.74879
-6.74016
-6.72333
-6.70109
-6.67012
-6.63618
-6.60255
-6.57236
-6.55137
-6.53787
-6.53418
-6.54171
-6.55593
-6.57349
-6.59141
-6.60736
-6.61873
-6.62722
-6.63182
-6.63883
-6.64577
-6.65756
-6.67302
-6.69078
-6.71118
-6.72889
-6.74687
-6.75568
-6.75673
-6.75233
-6.73737
-6.71967
-6.69921
-6.68477
-6.67405
-6.66881
-6.67171
-6.67944
-6.68935
-6.70306
-6.71346
-6.71986
-6.72418
-6.72441
-6.72403
-6.7168
-6.70708
-6.69601
-6.68067
-6.66394
-6.65063
-6.64464
-6.63936
-6.63905
-6.63983
-6.64203
-6.6431
-6.64314
-6.63888
-6.6343
-6.63066
-6.62923
-6.62988
-6.63339
-6.64065
-6.64949
-6.66291
-6.67211
-6.68172
-6.686
-6.69185
-6.69137
-6.69032
-6.68621
-6.68187
-6.6772
-6.67723
-6.6793
-6.68379
-6.69155
-6.69837
-6.70006
-6.70248
-6.70174
-6.69619
-6.69102
-6.68252
-6.67309
-6.66554
-6.66059
-6.65131
-6.64428
-6.63906
-6.63356
-6.62661
-6.62153
-6.62132
-6.62664
-6.6331
-6.64393
-6.653
-6.66213
-6.66741
-6.66999
-6.66987
-6.669
-6.67234
-6.68028
-6.68446
-6.69044
-6.6967
-6.69804
-6.70082
-6.70263
-6.70018
-6.69729
-6.69248
-6.68704
-6.68743
-6.68837
-6.69192
-6.69674
-6.70141
-6.70624
-6.70478
-6.70933
-6.71854
-6.73259
-6.74721
-6.75757
-6.76489
-6.76375
-6.75057
-6.73324
-6.71032
-6.68465
-6.66257
-6.64272
-6.63003
-6.61681
-6.60772
-6.60185
-6.6004
-6.59863
-6.5995
-6.60352
-6.612
-6.62461
-6.64188
-6.65726
-6.67047
-6.6779
-6.67821
-6.67082
-6.65882
-6.64212
-6.62664
-6.6146
-6.60579
-6.60537
-6.61327
-6.62777
-6.64841
-6.67513
-6.70287
-6.72913
-6.74895
-6.76387
-6.77076
-6.76829
-6.75455
-6.73552
-6.70874
-6.68265
-6.65903
-6.63958
-6.6243
-6.61509
-6.61427
-6.62096
-6.63728
-6.65876
-6.68606
-6.71322
-6.73375
-6.74694
-6.74794
-6.74095
-6.72547
-6.70534
-6.68548
-6.67084
-6.66232
-6.66089
-6.66724
-6.68104
-6.69508
-6.71025
-6.72194
-6.7292
-6.72967
-6.72669
-6.71947
-6.70724
-6.68843
-6.66602
-6.64367
-6.62805
-6.61769
-6.61914
-6.63523
-6.66164
-6.69442
-6.72867
-6.75351
-6.76625
-6.76753
-6.75477
-6.72896
-6.69321
-6.65855
-6.62028
-6.58917
-6.56791
-6.55757
-6.55766
-6.56868
-6.58819
-6.61746
-6.64971
-6.6827
-6.71371
-6.73916
-6.75633
-6.76152
-6.7553
-6.74251
-6.72321
-6.69825
-6.66971
-6.64471
-6.62331
-6.60666
-6.59933
-6.59738
-6.60237
-6.60964
-6.61729
-6.62412
-6.62679
-6.62699
-6.62746
-6.62445
-6.62602
-6.63264
-6.64042
-6.65291
-6.6661
-6.67545
-6.67816
-6.67765
-6.67119
-6.65901
-6.64513
-6.63326
-6.62483
-6.62492
-6.63025
-6.64079
-6.65635
-6.67032
-6.68679
-6.69411
-6.69945
-6.7003
-6.69986
-6.69824
-6.70026
-6.70538
-6.71502
-6.72809
-6.74811
-6.76739
-6.78443
-6.79509
-6.79759
-6.79149
-6.77673
-6.75322
-6.72166
-6.68337
-6.6422
-6.59905
-6.5627
-6.5314
-6.51206
-6.5047
-6.51116
-6.52937
-6.55683
-6.58671
-6.61733
-6.64231
-6.65916
-6.66944
-6.67802
-6.68186
-6.68233
-6.67648
-6.66907
-6.66469
-6.66079
-6.66842
-6.68243
-6.70072
-6.71964
-6.7386
-6.74873
-6.75097
-6.74223
-6.72639
-6.70298
-6.67526
-6.64429
-6.61711
-6.59627
-6.5839
-6.58146
-6.58728
-6.60115
-6.61989
-6.63705
-6.65162
-6.66363
-6.67873
-6.69204
-6.71034
-6.73604
-6.76447
-6.78645
-6.80415
-6.80606
-6.79519
-6.7716
-6.73528
-6.69427
-6.65083
-6.61197
-6.58233
-6.56292
-6.55819
-6.56796
-6.5876
-6.61636
-6.64389
-6.6712
-6.69316
-6.7076
-6.70997
-6.7077
-6.69768
-6.68686
-6.67514
-6.66471
-6.6574
-6.65063
-6.64636
-6.64058
-6.63405
-6.62541
-6.61816
-6.61115
-6.60896
-6.61126
-6.61685
-6.62601
-6.6349
-6.6435
-6.64573
-6.64375
-6.64048
-6.63478
-6.63035
-6.6294
-6.63043
-6.63375
-6.63938
-6.64996
-6.66857
-6.69315
-6.72423
-6.75351
-6.77505
-6.79067
-6.79949
-6.80183
-6.80058
-6.79391
-6.78081
-6.7658
-6.74661
-6.72112
-6.69697
-6.66991
-6.64339
-6.61854
-6.59695
-6.58137
-6.57048
-6.56556
-6.56662
-6.57498
-6.586
-6.59601
-6.60778
-6.61747
-6.62836
-6.6429
-6.65794
-6.67396
-6.69275
-6.71074
-6.72506
-6.73955
-6.75057
-6.75564
-6.75274
-6.74771
-6.73209
-6.71335
-6.69035
-6.66687
-6.64943
-6.63855
-6.63272
-6.63113
-6.63595
-6.64496
-6.66011
-6.67486
-6.68684
-6.69381
-6.69613
-6.69194
-6.68113
-6.66843
-6.65342
-6.64587
-6.64309
-6.64896
-6.66349
-6.68319
-6.70712
-6.73018
-6.75045
-6.77127
-6.78831
-6.79539
-6.79641
-6.79266
-6.78231
-6.76335
-6.73758
-6.70707
-6.67631
-6.64851
-6.62842
-6.61713
-6.61559
-6.62204
-6.63376
-6.64206
-6.64779
-6.64778
-6.64131
-6.63162
-6.61988
-6.60627
-6.5936
-6.58012
-6.5718
-6.56478
-6.55821
-6.56105
-6.56747
-6.57696
-6.59043
-6.60701
-6.62272
-6.63743
-6.65216
-6.66837
-6.68399
-6.69919
-6.71252
-6.72541
-6.7358
-6.7416
-6.74362
-6.74519
-6.74819
-6.75152
-6.75826
-6.76625
-6.77611
-6.78455
-6.78855
-6.7879
-6.7857
-6.77958
-6.77036
-6.76125
-6.74829
-6.72711
-6.7029
-6.67693
-6.65244
-6.62848
-6.6069
-6.59234
-6.58398
-6.58303
-6.58914
-6.59802
-6.60926
-6.62186
-6.63418
-6.64278
-6.65539
-6.67023
-6.68753
-6.70526
-6.72431
-6.73445
-6.73671
-6.72846
-6.71366
-6.69182
-6.66662
-6.6429
-6.622
-6.60454
-6.59099
-6.58216
-6.57763
-6.57955
-6.58985
-6.60327
-6.61869
-6.63321
-6.64726
-6.66037
-6.67189
-6.68272
-6.69051
-6.69371
-6.692
-6.68817
-6.68202
-6.68119
-6.68275
-6.69035
-6.70222
-6.71553
-6.73319
-6.74482
-6.75521
-6.7615
-6.76728
-6.77024
-6.77351
-6.77312
-6.76828
-6.75797
-6.742
-6.72042
-6.69821
-6.6739
-6.65002
-6.63204
-6.62213
-6.61441
-6.61137
-6.61067
-6.61614
-6.6242
-6.63242
-6.63649
-6.63883
-6.64223
-6.64356
-6.64416
-6.64682
-6.65014
-6.65514
-6.66396
-6.67165
-6.67708
-6.67888
-6.68284
-6.68333
-6.68481
-6.68106
-6.67523
-6.66459
-6.64888
-6.63264
-6.61779
-6.6066
-6.60241
-6.60149
-6.60292
-6.60176
-6.60152
-6.60133
-6.59918
-6.60092
-6.61031
-6.62932
-6.65625
-6.69135
-6.72753
-6.76231
-6.79543
-6.82067
-6.83877
-6.84384
-6.84227
-6.8346
-6.8189
-6.79559
-6.77171
-6.74791
-6.72426
-6.70316
-6.68655
-6.67208
-6.66191
-6.65295
-6.64737
-6.63717
-6.6291
-6.62398
-6.61832
-6.61177
-6.60106
-6.58173
-6.55593
-6.528
-6.49696
-6.46836
-6.44978
-6.44652
-6.46038
-6.49091
-6.53549
-6.59066
-6.64778
-6.7015
-6.74876
-6.78447
-6.81105
-6.82461
-6.82371
-6.81625
-6.8012
-6.78133
-6.75987
-6.74387
-6.72902
-6.71633
-6.70759
-6.70318
-6.69874
-6.69904
-6.70273
-6.71213
-6.72166
-6.72933
-6.73623
-6.73497
-6.72605
-6.71134
-6.69245
-6.6679
-6.64043
-6.61395
-6.58749
-6.56161
-6.54504
-6.52954
-6.52504
-6.52513
-6.53134
-6.54187
-6.55885
-6.58264
-6.60963
-6.63789
-6.67084
-6.70386
-6.73744
-6.76504
-6.78926
-6.80198
-6.80702
-6.79856
-6.77869
-6.7529
-6.72311
-6.69686
-6.67449
-6.6598
-6.64881
-6.64286
-6.64064
-6.64052
-6.64813
-6.65713
-6.67163
-6.69308
-6.71137
-6.72118
-6.72206
-6.7134
-6.70115
-6.68993
-6.68451
-6.68572
-6.6924
-6.70233
-6.71573
-6.72625
-6.72954
-6.72613
-6.71187
-6.68824
-6.65603
-6.62042
-6.58252
-6.55211
-6.53398
-6.52753
-6.53289
-6.55167
-6.57823
-6.60891
-6.64026
-6.66654
-6.69259
-6.71804
-6.73682
-6.75422
-6.76617
-6.7722
-6.77155
-6.76197
-6.74465
-6.72296
-6.69822
-6.67215
-6.64279
-6.61511
-6.59203
-6.57689
-6.5733
-6.58655
-6.60654
-6.6328
-6.66449
-6.69239
-6.72144
-6.74052
-6.75565
-6.76372
-6.76429
-6.7611
-6.75229
-6.74555
-6.73827
-6.73144
-6.72623
-6.7194
-6.71667
-6.71201
-6.70902
-6.70591
-6.70554
-6.70839
-6.71141
-6.71448
-6.71454
-6.70991
-6.70047
-6.6854
-6.66725
-6.6475
-6.62858
-6.61497
-6.60631
-6.59874
-6.59381
-6.5926
-6.59614
-6.59997
-6.60402
-6.60483
-6.60501
-6.60764
-6.60688
-6.60784
-6.61095
-6.62024
-6.6368
-6.65873
-6.68231
-6.70472
-6.72266
-6.73662
-6.73596
-6.73289
-6.72368
-6.70942
-6.69475
-6.67981
-6.6684
-6.66236
-6.66174
-6.66463
-6.67339
-6.68359
-6.69331
-6.70073
-6.70314
-6.70097
-6.6915
-6.67752
-6.6611
-6.64141
-6.62536
-6.6072
-6.59724
-6.59557
-6.60519
-6.61931
-6.63586
-6.65292
-6.66577
-6.67289
-6.67072
-6.66169
-6.64192
-6.61651
-6.58772
-6.56385
-6.5455
-6.53979
-6.54607
-6.56555
-6.59649
-6.63279
-6.67383
-6.71334
-6.74689
-6.77015
-6.78321
-6.78916
-6.78484
-6.77243
-6.74932
-6.72712
-6.70333
-6.6811
-6.6562
-6.63413
-6.61575
-6.60293
-6.59919
-6.59735
-6.60139
-6.61033
-6.61951
-6.63593
-6.65627
-6.6774
-6.69181
-6.69669
-6.68714
-6.67127
-6.65263
-6.63589
-6.62433
-6.62313
-6.63311
-6.64964
-6.6694
-6.69384
-6.7141
-6.72927
-6.7457
-6.76052
-6.77148
-6.7769
-6.76847
-6.75045
-6.72571
-6.68941
-6.64923
-6.60395
-6.562
-6.52475
-6.49841
-6.48567
-6.48979
-6.51011
-6.54488
-6.59018
-6.63792
-6.68487
-6.72583
-6.76156
-6.78621
-6.7999
-6.80241
-6.79657
-6.78187
-6.76026
-6.73723
-6.71249
-6.69028
-6.67308
-6.65958
-6.6511
-6.64932
-6.65318
-6.66104
-6.67364
-6.68758
-6.70534
-6.71904
-6.72723
-6.72944
-6.72567
-6.7111
-6.6963
-6.67137
-6.64449
-6.61238
-6.58323
-6.55626
-6.53416
-6.52303
-6.51996
-6.52577
-6.53838
-6.55508
-6.57537
-6.60018
-6.63028
-6.66122
-6.68854
-6.71728
-6.73809
-6.75673
-6.7697
-6.77816
-6.78101
-6.77337
-6.7599
-6.73866
-6.71211
-6.68131
-6.65474
-6.63494
-6.62038
-6.61992
-6.63046
-6.647
-6.66461
-6.67751
-6.68986
-6.69551
-6.69263
-6.68774
-6.67643
-6.661
-6.64727
-6.63726
-6.63329
-6.63731
-6.65033
-6.66495
-6.68037
-6.69601
-6.70944
-6.71595
-6.71975
-6.72329
-6.72216
-6.72283
-6.72647
-6.73017
-6.73561
-6.73858
-6.73823
-6.73575
-6.73058
-6.72174
-6.70936
-6.69581
-6.68114
-6.66788
-6.65269
-6.63619
-6.6222
-6.60965
-6.5976
-6.58978
-6.58327
-6.57827
-6.57712
-6.57306
-6.56945
-6.56941
-6.57374
-6.57791
-6.58837
-6.60624
-6.62902
-6.65223
-6.67942
-6.70786
-6.73179
-6.74675
-6.75573
-6.75946
-6.75767
-6.75246
-6.74744
-6.748
-6.75054
-6.75406
-6.75855
-6.76349
-6.76914
-6.77005
-6.77069
-6.77104
-6.77022
-6.76377
-6.75698
-6.74786
-6.73456
-6.71944
-6.70092
-6.6798
-6.65652
-6.63606
-6.61915
-6.60742
-6.59797
-6.589
-6.58271
-6.57765
-6.57168
-6.56898
-6.57113
-6.5782
-6.59077
-6.60823
-6.62655
-6.64414
-6.65819
-6.66643
-6.66898
-6.66417
-6.64945
-6.62913
-6.60468
-6.5806
-6.56238
-6.5548
-6.55802
-6.57372
-6.59772
-6.63103
-6.67068
-6.70869
-6.74304
-6.76886
-6.78708
-6.79566
-6.79558
-6.78651
-6.77531
-6.75913
-6.74347
-6.72621
-6.70635
-6.6883
-6.66941
-6.65212
-6.63686
-6.62572
-6.62008
-6.61926
-6.62875
-6.64307
-6.65812
-6.67261
-6.68673
-6.69676
-6.70529
-6.71116
-6.71669
-6.71899
-6.72042
-6.72248
-6.72487
-6.72826
-6.72909
-6.7308
-6.73107
-6.72582
-6.71814
-6.70718
-6.68891
-6.66613
-6.6397
-6.61097
-6.58234
-6.55581
-6.53885
-6.53202
-6.5314
-6.54026
-6.55356
-6.57016
-6.59097
-6.61424
-6.6363
-6.66121
-6.68559
-6.71079
-6.7287
-6.74413
-6.75149
-6.75295
-6.75239
-6.74751
-6.74201
-6.73637
-6.72696
-6.71902
-6.70913
-6.70371
-6.69971
-6.69802
-6.69731
-6.6951
-6.69463
-6.68851
-6.67988
-6.66638
-6.65513
-6.64007
-6.62354
-6.60577
-6.59158
-6.58286
-6.58106
-6.58798
-6.60037
-6.61469
-6.62976
-6.64419
-6.65358
-6.66317
-6.66962
-6.67527
-6.6835
-6.68786
-6.69027
-6.68975
-6.6841
-6.6754
-6.6645
-6.65097
-6.64096
-6.63271
-6.62799
-6.63096
-6.63817
-6.65027
-6.66239
-6.6743
-6.68497
-6.69537
-6.70539
-6.70956
-6.71477
-6.71758
-6.71659
-6.71527
-6.71273
-6.70818
-6.70606
-6.70332
-6.70759
-6.71531
-6.72463
-6.73505
-6.74357
-6.74832
-6.74912
-6.74674
-6.74498
-6.73407
-6.71663
-6.69035
-6.65889
-6.62562
-6.59377
-6.57001
-6.55713
-6.55454
-6.56816
-6.58978
-6.61879
-6.65021
-6.68046
-6.70201
-6.71487
-6.71815
-6.71013
-6.69226
-6.66869
-6.643
-6.62032
-6.60544
-6.60299
-6.6113
-6.6284
-6.64929
-6.67004
-6.69067
-6.70856
-6.71878
-6.72623
-6.72758
-6.72345
-6.71749
-6.70803
-6.7011
-6.69616
-6.6941
-6.69682
-6.6975
-6.6976
-6.69477
-6.68727
-6.67512
-6.66317
-6.64932
-6.63111
-6.6194
-6.61046
-6.60673
-6.61229
-6.62233
-6.63473
-6.64689
-6.65401
-6.65239
-6.6449
-6.63239
-6.61476
-6.60276
-6.59671
-6.59801
-6.61264
-6.63534
-6.66394
-6.69192
-6.72178
-6.75401
-6.78218
-6.80678
-6.82558
-6.83866
-6.84403
-6.83859
-6.82512
-6.80142
-6.77073
-6.73479
-6.69245
-6.65107
-6.61342
-6.58167
-6.55416
-6.53746
-6.53167
-6.53672
-6.54677
-6.56199
-6.58423
-6.61072
-6.64116
-6.67628
-6.71341
-6.74744
-6.78007
-6.80535
-6.82584
-6.83805
-6.84199
-6.84096
-6.83253
-6.82088
-6.806
-6.78581
-6.76171
-6.7359
-6.70666
-6.6762
-6.64239
-6.61043
-6.58483
-6.56462
-6.55721
-6.55778
-6.56929
-6.589
-6.61171
-6.63363
-6.65002
-6.65642
-6.65023
-6.63814
-6.61896
-6.5965
-6.57731
-6.56571
-6.56644
-6.57562
-6.59601
-6.62591
-6.65741
-6.69267
-6.72493
-6.75073
-6.76658
-6.77337
-6.7744
-6.76893
-6.75507
-6.74112
-6.72465
-6.71001
-6.69784
-6.6877
-6.68202
-6.67805
-6.67679
-6.67933
-6.67975
-6.68104
-6.67874
-6.67188
-6.66267
-6.65136
-6.6421
-6.63915
-6.63793
-6.64217
-6.65186
-6.66419
-6.67427
-6.68096
-6.68786
-6.69243
-6.69816
-6.70417
-6.7084
-6.71503
-6.71688
-6.71764
-6.71659
-6.71272
-6.70518
-6.69691
-6.68752
-6.67421
-6.66181
-6.64572
-6.63125
-6.62238
-6.62234
-6.62792
-6.63438
-6.64308
-6.64718
-6.64934
-6.64794
-6.64372
-6.63579
-6.62515
-6.61582
-6.60507
-6.59856
-6.5943
-6.59435
-6.60099
-6.6159
-6.64054
-6.66638
-6.69251
-6.7166
-6.73309
-6.74328
-6.74449
-6.73907
-6.72939
-6.71623
-6.70239
-6.69626
-6.69158
-6.69032
-6.69119
-6.69466
-6.69851
-6.70306
-6.70491
-6.70224
-6.69888
-6.69575
-6.68813
-6.6799
-6.66967
-6.65968
-6.6484
-6.63552
-6.62339
-6.61359
-6.60502
-6.60015
-6.60004
-6.60547
-6.6142
-6.6268
-6.64574
-6.66751
-6.68944
-6.70495
-6.71589
-6.7151
-6.70991
-6.69931
-6.68531
-6.67041
-6.65586
-6.64293
-6.6332
-6.63172
-6.63357
-6.63994
-6.65374
-6.66934
-6.6869
-6.70546
-6.72521
-6.73708
-6.74439
-6.74811
-6.74484
-6.73526
-6.72146
-6.69906
-6.67417
-6.64884
-6.62714
-6.61089
-6.60513
-6.60683
-6.61636
-6.63036
-6.64747
-6.65985
-6.66397
-6.66301
-6.65417
-6.64
-6.61907
-6.60249
-6.58797
-6.57375
-6.56712
-6.56694
-6.57435
-6.58342
-6.60348
-6.62626
-6.64915
-6.66988
-6.68782
-6.70079
-6.70629
-6.70759
-6.7026
-6.69703
-6.69105
-6.68272
-6.68101
-6.68084
-6.68458
-6.69336
-6.71217
-6.73293
-6.7548
-6.77213
-6.78609
-6.79605
-6.8005
-6.79894
-6.7908
-6.7758
-6.75602
-6.72949
-6.69983
-6.66823
-6.64091
-6.61824
-6.60657
-6.60393
-6.61351
-6.62994
-6.64948
-6.66845
-6.68232
-6.6899
-6.68965
-6.68383
-6.67274
-6.66012
-6.64842
-6.6334
-6.61859
-6.60916
-6.59798
-6.59196
-6.58963
-6.59403
-6.60122
-6.60951
-6.61635
-6.62285
-6.62309
-6.62491
-6.62878
-6.63523
-6.64024
-6.64501
-6.64944
-6.65558
-6.66037
-6.66973
-6.68621
-6.70454
-6.72845
-6.74552
-6.75889
-6.76873
-6.76708
-6.75548
-6.73743
-6.71291
-6.68575
-6.65737
-6.63149
-6.61464
-6.60657
-6.60508
-6.60944
-6.62053
-6.63186
-6.64678
-6.66264
-6.6766
-6.68423
-6.68721
-6.68443
-6.67595
-6.66571
-6.6533
-6.64468
-6.64227
-6.64473
-6.65228
-6.66768
-6.68356
-6.70127
-6.71381
-6.72502
-6.73316
-6.73184
-6.72428
-6.71085
-6.69368
-6.67716
-6.66213
-6.6484
-6.64261
-6.6443
-6.64801
-6.65718
-6.6682
-6.6764
-6.68148
-6.68372
-6.68061
-6.67555
-6.67354
-6.67499
-6.67488
-6.67237
-6.67124
-6.66664
-6.66279
-6.65925
-6.65351
-6.64851
-6.64556
-6.64494
-6.64888
-6.6534
-6.65579
-6.66055
-6.66161
-6.66411
-6.66662
-6.66654
-6.66386
-6.66036
-6.65388
-6.64293
-6.6253
-6.60696
-6.59023
-6.57671
-6.56935
-6.57026
-6.57937
-6.59416
-6.61604
-6.64453
-6.67564
-6.70761
-6.73555
-6.75625
-6.76576
-6.7632
-6.74656
-6.72271
-6.69344
-6.6662
-6.6404
-6.62067
-6.60872
-6.60301
-6.60363
-6.61013
-6.61611
-6.62634
-6.64172
-6.65901
-6.68243
-6.71001
-6.73572
-6.76542
-6.79095
-6.80969
-6.81344
-6.81143
-6.79907
-6.77925
-6.75329
-6.7278
-6.70804
-6.69448
-6.68787
-6.6869
-6.68879
-6.69382
-6.69907
-6.70199
-6.69961
-6.69101
-6.67732
-6.663
-6.64673
-6.63476
-6.62176
-6.6075
-6.59445
-6.58307
-6.57121
-6.5663
-6.5645
-6.56756
-6.57151
-6.58069
-6.59491
-6.60596
-6.61669
-6.62432
-6.63071
-6.63432
-6.63869
-6.64967
-6.66546
-6.68491
-6.70194
-6.71475
-6.71886
-6.71442
-6.70009
-6.67732
-6.65329
-6.63263
-6.61472
-6.61016
-6.61523
-6.63344
-6.66025
-6.69771
-6.73831
-6.77687
-6.81009
-6.83341
-6.84469
-6.846
-6.83567
-6.81581
-6.78563
-6.75045
-6.70741
-6.66182
-6.61585
-6.57584
-6.54607
-6.53328
-6.53887
-6.55835
-6.59294
-6.63395
-6.6767
-6.71746
-6.74716
-6.76401
-6.7715
-6.76552
-6.74256
-6.70931
-6.67336
-6.63528
-6.60491
-6.58832
-6.58291
-6.58856
-6.6029
-6.62445
-6.64721
-6.67229
-6.69546
-6.71077
-6.72287
-6.72064
-6.70644
-6.68376
-6.65252
-6.62159
-6.59699
-6.58494
-6.58683
-6.60009
-6.62009
-6.6359
-6.65021
-6.65842
-6.66456
-6.66939
-6.67195
-6.67503
-6.67795
-6.6823
-6.68367
-6.68385
-6.68502
-6.68651
-6.68983
-6.69593
-6.70134
-6.7058
-6.71007
-6.7116
-6.71163
-6.7125
-6.71401
-6.71749
-6.72385
-6.72888
-6.73534
-6.73554
-6.73146
-6.72296
-6.71085
-6.69549
-6.6721
-6.64744
-6.61662
-6.58611
-6.5538
-6.52558
-6.50644
-6.49741
-6.49968
-6.50793
-6.52753
-6.55081
-6.57508
-6.59801
-6.61962
-6.63729
-6.65257
-6.66662
-6.68027
-6.69013
-6.70098
-6.70723
-6.7086
-6.71022
-6.71142
-6.71041
-6.70883
-6.71143
-6.71431
-6.72201
-6.73214
-6.74202
-6.75366
-6.76094
-6.76048
-6.75476
-6.74492
-6.72988
-6.71354
-6.69499
-6.67951
-6.66422
-6.65336
-6.64257
-6.63817
-6.63537
-6.63778
-6.64097
-6.6449
-6.64382
-6.6401
-6.6324
-6.6223
-6.6087
-6.59329
-6.58046
-6.57192
-6.57282
-6.58183
-6.60261
-6.62901
-6.65552
-6.68129
-6.70848
-6.73463
-6.75596
-6.76969
-6.77834
-6.77989
-6.77229
-6.75678
-6.74116
-6.72336
-6.70685
-6.68987
-6.67928
-6.67013
-6.667
-6.66648
-6.66796
-6.6692
-6.6714
-6.67495
-6.67802
-6.68186
-6.68747
-6.694
-6.69975
-6.70174
-6.69498
-6.68325
-6.66873
-6.65132
-6.63351
-6.62072
-6.61636
-6.61976
-6.6275
-6.63869
-6.6476
-6.65178
-6.65021
-6.64268
-6.6329
-6.62407
-6.61782
-6.61839
-6.62612
-6.64408
-6.67054
-6.7054
-6.74059
-6.77224
-6.79507
-6.8091
-6.81183
-6.80457
-6.78844
-6.76511
-6.73888
-6.71894
-6.69915
-6.68564
-6.68166
-6.68145
-6.68466
-6.68916
-6.69176
-6.69024
-6.68843
-6.68068
-6.66693
-6.65286
-6.64102
-6.62967
-6.62044
-6.61464
-6.61195
-6.61094
-6.61449
-6.61998
-6.62463
-6.62704
-6.62919
-6.6207
-6.60822
-6.59407
-6.58486
-6.57991
-6.58813
-6.60107
-6.62496
-6.65425
-6.6831
-6.71253
-6.74279
-6.76836
-6.7881
-6.79856
-6.80162
-6.79048
-6.76622
-6.73328
-6.69533
-6.65473
-6.6216
-6.60735
-6.60889
-6.62828
-6.66088
-6.69685
-6.7307
-6.76234
-6.77988
-6.78536
-6.77478
-6.75461
-6.72516
-6.69502
-6.66262
-6.63569
-6.61082
-6.59297
-6.58389
-6.58178
-6.58243
-6.58926
-6.60177
-6.61671
-6.62976
-6.63987
-6.64666
-6.64962
-6.64962
-6.64838
-6.64968
-6.64954
-6.65283
-6.65849
-6.66396
-6.66491
-6.66473
-6.66044
-6.64792
-6.6322
-6.61973
-6.61142
-6.61032
-6.62403
-6.63925
-6.65901
-6.68079
-6.70109
-6.71849
-6.72855
-6.73377
-6.73322
-6.72927
-6.72276
-6.7158
-6.70943
-6.7047
-6.70282
-6.69837
-6.69397
-6.69064
-6.68304
-6.67353
-6.6627
-6.6533
-6.6442
-6.64377
-6.64869
-6.66
-6.6749
-6.69204
-6.7087
-6.72246
-6.73395
-6.74114
-6.73935
-6.731
-6.71543
-6.69724
-6.67566
-6.65309
-6.62861
-6.60772
-6.58958
-6.57636
-6.56621
-6.56102
-6.55762
-6.55786
-6.56357
-6.57453
-6.58985
-6.6055
-6.62259
-6.63654
-6.64508
-6.65386
-6.66086
-6.66966
-6.68168
-6.69707
-6.714
-6.7359
-6.75717
-6.77686
-6.79984
-6.81967
-6.83656
-6.84699
-6.85022
-6.84596
-6.82922
-6.80032
-6.76046
-6.71019
-6.66065
-6.61518
-6.58617
-6.5762
-6.58493
-6.6076
-6.63616
-6.66741
-6.69641
-6.7227
-6.74243
-6.7539
-6.75726
-6.7515
-6.74189
-6.72874
-6.71219
-6.69587
-6.67747
-6.66191
-6.65076
-6.6423
-6.63407
-6.6253
-6.61155
-6.59449
-6.57926
-6.56493
-6.55378
-6.55394
-6.56109
-6.57733
-6.59665
-6.61635
-6.63763
-6.65788
-6.67112
-6.68297
-6.69288
-6.69945
-6.70401
-6.70906
-6.71232
-6.71354
-6.71127
-6.70458
-6.6942
-6.6842
-6.67245
-6.65861
-6.6427
-6.62914
-6.61787
-6.61301
-6.61754
-6.63296
-6.65844
-6.68595
-6.71177
-6.73386
-6.7464
-6.75009
-6.74533
-6.73469
-6.71702
-6.69918
-6.68143
-6.66673
-6.6547
-6.6524
-6.64998
-6.65458
-6.65982
-6.66395
-6.6691
-6.66723
-6.66598
-6.66168
-6.65395
-6.63947
-6.6227
-6.6058
-6.5884
-6.57573
-6.57105
-6.57536
-6.59096
-6.61451
-6.64163
-6.669
-6.69754
-6.71902
-6.73635
-6.74822
-6.75221
-6.74826
-6.73732
-6.72137
-6.6982
-6.67612
-6.65467
-6.63894
-6.63018
-6.62804
-6.63259
-6.64176
-6.65368
-6.66754
-6.67692
-6.6848
-6.6856
-6.68173
-6.67526
-6.67229
-6.67078
-6.67273
-6.67904
-6.68953
-6.7034
-6.71514
-6.727
-6.73359
-6.73888
-6.7382
-6.7288
-6.71484
-6.69289
-6.66833
-6.64394
-6.62252
-6.60515
-6.59897
-6.60362
-6.61555
-6.63192
-6.64783
-6.65716
-6.66273
-6.66379
-6.65686
-6.64232
-6.62787
-6.61634
-6.61288
-6.61617
-6.62962
-6.64689
-6.66377
-6.68039
-6.69442
-6.7061
-6.71607
-6.72594
-6.73817
-6.75043
-6.76294
-6.77478
-6.78516
-6.79066
-6.7907
-6.78436
-6.77385
-6.76036
-6.74218
-6.72052
-6.70297
-6.68061
-6.66096
-6.64138
-6.62044
-6.60036
-6.57728
-6.55544
-6.53342
-6.51377
-6.49839
-6.48849
-6.4858
-6.49036
-6.50388
-6.52299
-6.54654
-6.57858
-6.61566
-6.65185
-6.68479
-6.71288
-6.73544
-6.75174
-6.76309
-6.7729
-6.78025
-6.78475
-6.78599
-6.7807
-6.76982
-6.75557
-6.73853
-6.7164
-6.69331
-6.67191
-6.64938
-6.6294
-6.61516
-6.60858
-6.61141
-6.617
-6.62762
-6.64162
-6.65142
-6.6543
-6.65372
-6.64775
-6.63811
-6.62202
-6.60505
-6.59007
-6.57455
-6.56006
-6.55219
-6.55168
-6.55764
-6.56917
-6.58545
-6.60606
-6.62876
-6.65004
-6.66752
-6.68505
-6.70052
-6.71098
-6.72343
-6.73616
-6.74783
-6.75839
-6.76924
-6.77683
-6.78183
-6.78498
-6.78376
-6.78159
-6.77492
-6.76418
-6.74501
-6.71929
-6.68859
-6.65156
-6.61376
-6.57837
-6.54831
-6.52346
-6.50917
-6.50193
-6.50301
-6.50576
-6.50811
-6.51192
-6.51775
-6.52192
-6.53098
-6.54135
-6.55753
-6.57986
-6.60903
-6.64312
-6.68129
-6.7192
-6.754
-6.78218
-6.80462
-6.8168
-6.82151
-6.81976
-6.81574
-6.80483
-6.7932
-6.77772
-6.76155
-6.74265
-6.72265
-6.70102
-6.67486
-6.65207
-6.62544
-6.60407
-6.58478
-6.56648
-6.55282
-6.54455
-6.54035
-6.54476
-6.55511
-6.57111
-6.59061
-6.60765
-6.62399
-6.63256
-6.63969
-6.63886
-6.63609
-6.63365
-6.63166
-6.63104
-6.63612
-6.6463
-6.66121
-6.68067
-6.70423
-6.72823
-6.74919
-6.76863
-6.78533
-6.79731
-6.80536
-6.80902
-6.80698
-6.80184
-6.7921
-6.78151
-6.77054
-6.75716
-6.74109
-6.72485
-6.71135
-6.6952
-6.67369
-6.65019
-6.62809
-6.60663
-6.58855
-6.57575
-6.56896
-6.56478
-6.55936
-6.55529
-6.55205
-6.54811
-6.54345
-6.54445
-6.54897
-6.56414
-6.58692
-6.61745
-6.65007
-6.68215
-6.71289
-6.7374
-6.75783
-6.77125
-6.774
-6.76946
-6.75669
-6.73585
-6.71613
-6.69637
-6.67864
-6.66623
-6.66207
-6.66097
-6.6636
-6.66602
-6.66797
-6.6663
-6.66437
-6.65671
-6.65411
-6.65106
-6.64894
-6.65037
-6.65528
-6.66309
-6.67295
-6.68088
-6.68615
-6.68975
-6.6893
-6.6856
-6.67993
-6.67395
-6.66752
-6.65992
-6.64687
-6.63324
-6.61464
-6.59243
-6.56839
-6.5495
-6.54196
-6.54585
-6.56322
-6.59343
-6.63128
-6.67364
-6.71426
-6.7481
-6.77496
-6.78743
-6.78545
-6.77017
-6.74417
-6.71143
-6.67915
-6.65023
-6.63227
-6.62379
-6.6286
-6.64132
-6.65832
-6.67558
-6.68887
-6.69095
-6.68635
-6.68028
-6.67324
-6.66789
-6.66731
-6.67537
-6.68498
-6.69786
-6.70754
-6.71262
-6.70832
-6.69615
-6.68035
-6.66359
-6.6492
-6.63903
-6.63405
-6.63591
-6.6401
-6.64761
-6.65692
-6.66497
-6.67387
-6.67989
-6.68676
-6.69082
-6.69144
-6.69192
-6.68889
-6.68575
-6.68082
-6.674
-6.67376
-6.67883
-6.69126
-6.7046
-6.71827
-6.72525
-6.72745
-6.72223
-6.70935
-6.69392
-6.67477
-6.65363
-6.63216
-6.61403
-6.59669
-6.58295
-6.57637
-6.57455
-6.57473
-6.57772
-6.58261
-6.5913
-6.60281
-6.61619
-6.63508
-6.65582
-6.67431
-6.69361
-6.71091
-6.72181
-6.72354
-6.7181
-6.70845
-6.69536
-6.6867
-6.67991
-6.67797
-6.67824
-6.68236
-6.68943
-6.7002
-6.70988
-6.72111
-6.73084
-6.7337
-6.72927
-6.72101
-6.70946
-6.69198
-6.67617
-6.6603
-6.64647
-6.63869
-6.63698
-6.63974
-6.64311
-6.64667
-6.65431
-6.66337
-6.67033
-6.67645
-6.678
-6.67515
-6.66463
-6.64488
-6.62361
-6.60067
-6.57975
-6.56471
-6.55627
-6.55347
-6.55652
-6.56671
-6.58481
-6.60895
-6.63525
-6.65836
-6.682
-6.70191
-6.71804
-6.73042
-6.74255
-6.75252
-6.75768
-6.76429
-6.7712
-6.77867
-6.78176
-6.78386
-6.77925
-6.7652
-6.74783
-6.72412
-6.69519
-6.66433
-6.63413
-6.60696
-6.585
-6.57194
-6.57088
-6.5832
-6.60399
-6.62789
-6.65111
-6.66954
-6.68426
-6.69318
-6.69777
-6.69476
-6.69149
-6.68817
-6.68916
-6.69117
-6.69767
-6.70483
-6.71177
-6.71342
-6.71071
-6.70617
-6.69465
-6.68047
-6.6638
-6.64735
-6.63545
-6.63355
-6.63989
-6.65451
-6.67092
-6.69132
-6.71019
-6.72247
-6.72751
-6.7221
-6.7072
-6.68466
-6.66014
-6.63475
-6.61266
-6.59382
-6.58679
-6.58794
-6.59653
-6.60912
-6.62478
-6.6434
-6.6589
-6.67031
-6.67536
-6.67418
-6.66894
-6.65832
-6.65219
-6.64752
-6.64514
-6.64695
-6.65232
-6.65865
-6.66113
-6.65941
-6.65665
-6.65516
-6.65109
-6.65409
-6.66299
-6.67652
-6.69553
-6.71289
-6.7232
-6.72979
-6.72676
-6.71622
-6.7033
-6.68967
-6.67555
-6.65921
-6.63816
-6.61617
-6.5927
-6.56702
-6.54514
-6.53576
-6.53765
-6.55054
-6.57291
-6.60201
-6.63453
-6.66687
-6.69559
-6.71922
-6.73735
-6.749
-6.75467
-6.75518
-6.75248
-6.748
-6.74378
-6.74017
-6.73563
-6.73793
-6.74253
-6.74827
-6.75006
-6.75012
-6.74527
-6.73213
-6.71389
-6.69201
-6.66644
-6.64474
-6.62631
-6.61058
-6.60313
-6.60075
-6.6024
-6.60449
-6.61344
-6.61956
-6.62637
-6.62824
-6.62963
-6.6301
-6.62852
-6.62668
-6.62776
-6.62476
-6.62345
-6.62065
-6.61654
-6.61493
-6.61183
-6.61032
-6.61318
-6.62147
-6.63081
-6.64491
-6.66271
-6.67968
-6.69636
-6.71234
-6.72937
-6.74286
-6.75976
-6.77414
-6.78399
-6.78802
-6.78362
-6.77201
-6.75347
-6.73005
-6.70404
-6.67676
-6.65011
-6.62974
-6.6127
-6.60165
-6.59543
-6.59265
-6.59311
-6.59467
-6.6019
-6.61086
-6.62172
-6.63092
-6.64198
-6.64805
-6.6508
-6.64895
-6.64313
-6.63704
-6.63014
-6.62473
-6.61878
-6.61705
-6.61897
-6.62601
-6.63735
-6.65222
-6.66753
-6.68384
-6.69241
-6.69899
-6.69691
-6.68982
-6.67876
-6.66487
-6.6523
-6.64141
-6.63217
-6.62672
-6.62748
-6.63327
-6.63868
-6.64777
-6.65779
-6.66832
-6.67669
-6.6845
-6.68876
-6.69171
-6.69291
-6.69318
-6.68889
-6.68637
-6.68494
-6.68621
-6.68885
-6.69641
-6.7077
-6.71621
-6.72311
-6.72558
-6.72067
-6.71151
-6.70494
-6.6926
-6.68073
-6.66884
-6.65951
-6.65336
-6.64936
-6.64935
-6.65132
-6.65209
-6.65234
-6.64965
-6.64481
-6.63991
-6.63774
-6.64031
-6.64879
-6.66251
-6.68096
-6.70115
-6.71765
-6.72809
-6.73122
-6.7231
-6.70548
-6.68126
-6.65138
-6.62103
-6.59126
-6.56546
-6.54763
-6.54023
-6.54096
-6.54976
-6.56477
-6.58144
-6.60053
-6.6196
-6.63871
-6.65488
-6.66732
-6.67764
-6.68848
-6.69779
-6.7087
-6.71326
-6.71714
-6.7153
-6.71033
-6.69842
-6.68347
-6.67147
-6.66319
-6.65775
-6.65534
-6.65496
-6.6575
-6.66166
-6.66861
-6.67759
-6.68911
-6.69753
-6.69906
-6.69887
-6.69352
-6.68219
-6.6685
-6.65264
-6.63807
-6.62631
-6.61882
-6.61873
-6.62328
-6.63295
-6.64642
-6.65909
-6.67155
-6.68153
-6.68742
-6.68883
-6.69019
-6.68682
-6.68531
-6.68855
-6.69289
-6.70469
-6.71552
-6.72216
-6.72466
-6.72695
-6.72221
-6.72106
-6.72206
-6.72594
-6.72934
-6.73261
-6.73503
-6.7318
-6.7239
-6.71598
-6.70854
-6.70317
-6.70672
-6.71165
-6.71368
-6.71688
-6.7134
-6.70692
-6.69571
-6.68011
-6.66088
-6.63866
-6.61595
-6.59833
-6.58549
-6.58023
-6.58706
-6.60398
-6.62308
-6.64692
-6.67042
-6.69015
-6.70575
-6.71531
-6.71827
-6.71713
-6.70984
-6.69959
-6.68799
-6.6809
-6.67391
-6.67209
-6.66958
-6.6662
-6.65934
-6.65037
-6.64301
-6.633
-6.62271
-6.60567
-6.58604
-6.56418
-6.54743
-6.53679
-6.53735
-6.54955
-6.56713
-6.59187
-6.62133
-6.64994
-6.6772
-6.70595
-6.7312
-6.74898
-6.76175
-6.76786
-6.7686
-6.76134
-6.74882
-6.72844
-6.70855
-6.68557
-6.66282
-6.63961
-6.62172
-6.6133
-6.61686
-6.63243
-6.65272
-6.67888
-6.7031
-6.72097
-6.73331
-6.73775
-6.73806
-6.73729
-6.73551
-6.73547
-6.73698
-6.73999
-6.73812
-6.73073
-6.72174
-6.70949
-6.68883
-6.66272
-6.63004
-6.59644
-6.56341
-6.53883
-6.52249
-6.51998
-6.5314
-6.55057
-6.57435
-6.60326
-6.63095
-6.65209
-6.66761
-6.67476
-6.67516
-6.67288
-6.66851
-6.66175
-6.65744
-6.65569
-6.65799
-6.6605
-6.66399
-6.67
-6.67882
-6.6895
-6.70244
-6.71553
-6.73079
-6.74278
-6.75093
-6.75905
-6.76235
-6.75877
-6.75119
-6.73777
-6.71969
-6.69675
-6.66922
-6.64082
-6.61229
-6.58356
-6.55822
-6.53998
-6.53019
-6.52808
-6.54093
-6.56273
-6.59975
-6.64393
-6.697
-6.75124
-6.80568
-6.84548
-6.87535
-6.88777
-6.88429
-6.86712
-6.8416
-6.8093
-6.77244
-6.73318
-6.6919
-6.65359
-6.61436
-6.5794
-6.54955
-6.52237
-6.50875
-6.50365
-6.50544
-6.51248
-6.52212
-6.5323
-6.5413
-6.55207
-6.56279
-6.57401
-6.58888
-6.60448
-6.62228
-6.63686
-6.65118
-6.66562
-6.67526
-6.68171
-6.68559
-6.68725
-6.68845
-6.69019
-6.68625
-6.68651
-6.69305
-6.69769
-6.70878
-6.7251
-6.74264
-6.75433
-6.75988
-6.75963
-6.75282
-6.74077
-6.72161
-6.70194
-6.68245
-6.66265
-6.6458
-6.62958
-6.61484
-6.59811
-6.58821
-6.58635
-6.59422
-6.6133
-6.63384
-6.65192
-6.66264
-6.66655
-6.66915
-6.66912
-6.67288
-6.67994
-6.69273
-6.71074
-6.73079
-6.74835
-6.76005
-6.76547
-6.76265
-6.75446
-6.74379
-6.73308
-6.7206
-6.70622
-6.69125
-6.67312
-6.65485
-6.63326
-6.61383
-6.59762
-6.58779
-6.58529
-6.59521
-6.6102
-6.63627
-6.66489
-6.69461
-6.7209
-6.74171
-6.75585
-6.76079
-6.7577
-6.74731
-6.72691
-6.69652
-6.65965
-6.6173
-6.57673
-6.5367
-6.50342
-6.48297
-6.47461
-6.47867
-6.49607
-6.52614
-6.56415
-6.60571
-6.65076
-6.69622
-6.73715
-6.77195
-6.79935
-6.82203
-6.83385
-6.83739
-6.82869
-6.80768
-6.7765
-6.73764
-6.69381
-6.65236
-6.62148
-6.60333
-6.60238
-6.61365
-6.63944
-6.676
-6.71161
-6.74171
-6.76318
-6.77221
-6.76541
-6.74806
-6.72507
-6.69589
-6.66551
-6.64049
-6.62048
-6.61027
-6.60975
-6.61358
-6.62392
-6.64153
-6.65857
-6.67603
-6.69203
-6.70875
-6.72137
-6.73188
-6.74077
-6.74413
-6.74602
-6.74248
-6.73359
-6.71724
-6.694
-6.66333
-6.62929
-6.59518
-6.56706
-6.54431
-6.53416
-6.5312
-6.53815
-6.5532
-6.57103
-6.58876
-6.60708
-6.62637
-6.6413
-6.65077
-6.65969
-6.66422
-6.66331
-6.65842
-6.65104
-6.63985
-6.6326
-6.63399
-6.63384
-6.63892
-6.64595
-6.65495
-6.65898
-6.66489
-6.67233
-6.68452
-6.69915
-6.71467
-6.73024
-6.73971
-6.74145
-6.73612
-6.72108
-6.69916
-6.67733
-6.65719
-6.6449
-6.64113
-6.64386
-6.65068
-6.65426
-6.65419
-6.64721
-6.63433
-6.62129
-6.61124
-6.60381
-6.6037
-6.60525
-6.60807
-6.61295
-6.62111
-6.6347
-6.64694
-6.65873
-6.66701
-6.66962
-6.66827
-6.66647
-6.66545
-6.66234
-6.664
-6.67285
-6.68985
-6.71049
-6.73203
-6.75153
-6.76314
-6.76594
-6.76387
-6.75626
-6.74813
-6.73425
-6.7156
-6.69836
-6.68193
-6.66848
-6.65864
-6.65318
-6.65222
-6.65456
-6.66283
-6.67934
-6.69635
-6.7112
-6.72396
-6.73267
-6.73612
-6.73604
-6.73404
-6.7282
-6.72261
-6.71432
-6.70586
-6.69351
-6.67918
-6.66485
-6.64808
-6.6305
-6.6174
-6.60669
-6.60076
-6.60216
-6.61005
-6.62309
-6.63809
-6.65399
-6.66418
-6.67289
-6.67602
-6.67819
-6.68086
-6.68115
-6.67785
-6.67245
-6.66715
-6.65561
-6.64038
-6.62033
-6.59721
-6.57561
-6.55678
-6.54426
-6.54049
-6.54335
-6.55487
-6.57123
-6.59258
-6.61762
-6.64433
-6.66866
-6.69037
-6.71021
-6.72847
-6.74189
-6.75235
-6.75795
-6.76018
-6.75891
-6.75296
-6.74454
-6.73558
-6.72443
-6.71543
-6.70798
-6.70052
-6.69873
-6.69606
-6.69348
-6.6939
-6.69112
-6.68964
-6.68742
-6.68752
-6.68676
-6.68341
-6.67762
-6.66874
-6.65866
-6.64196
-6.62346
-6.60471
-6.58488
-6.56513
-6.54687
-6.53524
-6.52444
-6.51849
-6.51964
-6.52569
-6.53795
-6.55965
-6.58849
-6.62197
-6.65846
-6.6924
-6.72583
-6.74932
-6.76397
-6.77464
-6.77928
-6.78109
-6.78142
-6.78139
-6.77687
-6.77086
-6.75908
-6.74612
-6.73052
-6.71362
-6.69582
-6.68332
-6.6712
-6.66477
-6.65927
-6.65107
-6.64761
-6.64115
-6.63564
-6.62868
-6.62078
-6.61402
-6.61208
-6.61591
-6.62596
-6.64431
-6.66587
-6.69062
-6.7117
-6.72805
-6.73787
-6.74099
-6.73717
-6.73153
-6.71915
-6.70091
-6.67793
-6.65216
-6.63214
-6.61883
-6.61468
-6.61794
-6.63135
-6.64983
-6.67041
-6.68897
-6.69977
-6.705
-6.69939
-6.69056
-6.67493
-6.66095
-6.64621
-6.63895
-6.6363
-6.63563
-6.63912
-6.64346
-6.64387
-6.64495
-6.64684
-6.65234
-6.65714
-6.66041
-6.66554
-6.66724
-6.66847
-6.66868
-6.67634
-6.68173
-6.68819
-6.69115
-6.69234
-6.69284
-6.68816
-6.67705
-6.66423
-6.64961
-6.63449
-6.62032
-6.61218
-6.60898
-6.61275
-6.62225
-6.63426
-6.65138
-6.67068
-6.69209
-6.71195
-6.7333
-6.75278
-6.77047
-6.78282
-6.78388
-6.77351
-6.75125
-6.71617
-6.67738
-6.64277
-6.61465
-6.59942
-6.59812
-6.61107
-6.62552
-6.64887
-6.67016
-6.68845
-6.70348
-6.71883
-6.72734
-6.73194
-6.72808
-6.72016
-6.70378
-6.68596
-6.66959
-6.65184
-6.63931
-6.62932
-6.62476
-6.61935
-6.61468
-6.60772
-6.59786
-6.58937
-6.58062
-6.58219
-6.593
-6.61124
-6.63745
-6.66342
-6.69243
-6.71097
-6.72247
-6.72415
-6.71898
-6.70335
-6.68371
-6.66122
-6.63585
-6.6127
-6.59503
-6.5786
-6.56823
-6.5612
-6.55965
-6.5619
-6.57356
-6.58819
-6.60934
-6.6299
-6.65221
-6.67151
-6.68761
-6.69839
-6.70614
-6.71148
-6.714
-6.72117
-6.72711
-6.73384
-6.73846
-6.74147
-6.7401
-6.73241
-6.72395
-6.71338
-6.7035
-6.69403
-6.68731
-6.68608
-6.68671
-6.68949
-6.69619
-6.70659
-6.71663
-6.72367
-6.72674
-6.72539
-6.72233
-6.71389
-6.70123
-6.68996
-6.67556
-6.6621
-6.64757
-6.63336
-6.62163
-6.61649
-6.61893
-6.62814
-6.63807
-6.65135
-6.66567
-6.67264
-6.67069
-6.65984
-6.64262
-6.62137
-6.6015
-6.58821
-6.58972
-6.60132
-6.62268
-6.64628
-6.66884
-6.68677
-6.6961
-6.69837
-6.69278
-6.67789
-6.66135
-6.64446
-6.62774
-6.61683
-6.6133
-6.62377
-6.65291
-6.70227
-6.7582
-6.81443
-6.85486
-6.87823
-6.88307
-6.87146
-6.84498
-6.80991
-6.76822
-6.72542
-6.68738
-6.65813
-6.63751
-6.62506
-6.619
-6.61789
-6.61575
-6.61011
-6.6029
-6.59531
-6.5942
-6.59707
-6.61121
-6.63364
-6.65872
-6.68328
-6.70378
-6.71802
-6.7212
-6.71791
-6.71115
-6.69951
-6.68699
-6.68374
-6.68355
-6.68571
-6.68903
-6.68875
-6.68887
-6.68606
-6.67989
-6.66797
-6.6578
-6.64759
-6.63428
-6.62092
-6.6105
-6.60304
-6.60281
-6.60794
-6.62316
-6.64254
-6.66665
-6.68941
-6.71282
-6.73077
-6.74541
-6.75223
-6.75176
-6.74395
-6.73347
-6.7164
-6.70053
-6.68594
-6.67637
-6.66902
-6.65998
-6.65275
-6.64715
-6.63995
-6.63396
-6.62892
-6.62787
-6.63029
-6.63483
-6.64335
-6.65032
-6.65916
-6.66743
-6.66968
-6.67005
-6.66747
-6.66036
-6.65302
-6.64821
-6.64697
-6.65297
-6.66762
-6.68853
-6.71062
-6.73145
-6.74612
-6.75835
-6.7623
-6.75919
-6.74916
-6.73105
-6.6997
-6.66598
-6.62303
-6.57788
-6.53503
-6.49864
-6.46871
-6.45401
-6.45287
-6.46209
-6.48301
-6.51577
-6.5523
-6.593
-6.63198
-6.66439
-6.69414
-6.71876
-6.73675
-6.75152
-6.76292
-6.77226
-6.78045
-6.78851
-6.7979
-6.79898
-6.79457
-6.7863
-6.77161
-6.75028
-6.72979
-6.70769
-6.68783
-6.67138
-6.65644
-6.64754
-6.64023
-6.63893
-6.64227
-6.65466
-6.66806
-6.68211
-6.69215
-6.69413
-6.68853
-6.67138
-6.64972
-6.62875
-6.61097
-6.59738
-6.58961
-6.58686
-6.58823
-6.59505
-6.60856
-6.62392
-6.64336
-6.65885
-6.66561
-6.66812
-6.66284
-6.64932
-6.62828
-6.60571
-6.58131
-6.55782
-6.53627
-6.52057
-6.51727
-6.5193
-6.5337
-6.55791
-6.59108
-6.62927
-6.66788
-6.70818
-6.74254
-6.77108
-6.79224
-6.80976
-6.82035
-6.82265
-6.81922
-6.80583
-6.7913
-6.77141
-6.75229
-6.73478
-6.72062
-6.71365
-6.70777
-6.70045
-6.69016
-6.67768
-6.65512
-6.62992
-6.6039
-6.57816
-6.55452
-6.53814
-6.53031
-6.53813
-6.56555
-6.60758
-6.65938
-6.71003
-6.75131
-6.77733
-6.7861
-6.77235
-6.74457
-6.70326
-6.65635
-6.61301
-6.57988
-6.56751
-6.57193
-6.59298
-6.62449
-6.6589
-6.69257
-6.72208
-6.74493
-6.75611
-6.76166
-6.75498
-6.7422
-6.72254
-6.70007
-6.67879
-6.65544
-6.64095
-6.63146
-6.62906
-6.63532
-6.64815
-6.66324
-6.67508
-6.68066
-6.68352
-6.68083
-6.6776
-6.6732
-6.67319
-6.67353
-6.67426
-6.67877
-6.68136
-6.68329
-6.68404
-6.68202
-6.67884
-6.67505
-6.66729
-6.66045
-6.64731
-6.6375
-6.62763
-6.6207
-6.6147
-6.6107
-6.6118
-6.61431
-6.6236
-6.63903
-6.65927
-6.6784
-6.70158
-6.71408
-6.71705
-6.70894
-6.69735
-6.67909
-6.66125
-6.64795
-6.64123
-6.64151
-6.6453
-6.65086
-6.66076
-6.66813
-6.67724
-6.68423
-6.68872
-6.69319
-6.6934
-6.69228
-6.69334
-6.68908
-6.68475
-6.67527
-6.66242
-6.64523
-6.62694
-6.6055
-6.58675
-6.57487
-6.5701
-6.57396
-6.5908
-6.61869
-6.65271
-6.68857
-6.71608
-6.73692
-6.74368
-6.74248
-6.73296
-6.71518
-6.69856
-6.688
-6.67691
-6.66754
-6.65692
-6.64768
-6.63583
-6.62137
-6.60716
-6.59501
-6.58984
-6.59448
-6.60685
-6.63052
-6.66236
-6.69642
-6.73191
-6.76443
-6.78853
-6.80461
-6.81199
-6.80951
-6.80165
-6.79427
-6.78635
-6.77965
-6.76941
-6.75844
-6.7431
-6.7217
-6.6936
-6.6619
-6.63572
-6.61493
-6.60194
-6.60617
-6.61796
-6.63223
-6.64958
-6.66284
-6.67563
-6.68006
-6.68143
-6.67558
-6.6666
-6.65434
-6.63801
-6.62061
-6.60344
-6.58953
-6.57802
-6.57016
-6.56739
-6.57002
-6.57839
-6.59057
-6.61168
-6.63529
-6.65877
-6.68225
-6.69964
-6.71181
-6.7174
-6.71283
-6.7036
-6.68669
-6.66567
-6.64369
-6.61945
-6.59637
-6.58064
-6.56991
-6.5685
-6.57787
-6.59576
-6.62013
-6.64883
-6.67663
-6.70117
-6.7216
-6.74097
-6.7591
-6.77214
-6.78169
-6.79045
-6.79357
-6.79503
-6.79079
-6.77727
-6.76055
-6.74344
-6.72583
-6.70687
-6.68657
-6.66326
-6.64206
-6.62354
-6.60587
-6.58863
-6.57452
-6.56419
-6.5558
-6.54956
-6.54972
-6.55707
-6.57144
-6.59083
-6.61688
-6.64558
-6.67613
-6.7031
-6.72749
-6.74557
-6.75652
-6.76112
-6.75964
-6.75248
-6.73911
-6.72298
-6.71039
-6.69746
-6.6844
-6.67425
-6.65877
-6.64655
-6.62992
-6.61235
-6.59769
-6.5904
-6.58768
-6.58917
-6.59389
-6.60089
-6.61142
-6.62889
-6.65285
-6.68169
-6.71536
-6.74524
-6.76528
-6.77686
-6.77843
-6.76911
-6.75088
-6.73402
-6.72105
-6.71189
-6.70539
-6.70552
-6.71076
-6.71602
-6.71798
-6.71577
-6.70092
-6.67984
-6.65091
-6.61999
-6.58729
-6.55669
-6.52882
-6.51004
-6.5022
-6.50642
-6.52137
-6.54754
-6.58074
-6.61921
-6.6562
-6.69179
-6.71955
-6.74089
-6.74911
-6.75228
-6.74656
-6.73831
-6.72391
-6.70655
-6.68767
-6.67157
-6.65795
-6.64649
-6.64308
-6.6445
-6.65069
-6.66336
-6.67716
-6.69313
-6.70881
-6.71831
-6.72353
-6.72555
-6.72452
-6.71893
-6.71117
-6.7031
-6.69527
-6.69104
-6.68769
-6.6846
-6.68494
-6.68581
-6.69134
-6.69746
-6.70862
-6.7174
-6.72607
-6.73338
-6.73413
-6.72987
-6.72014
-6.70482
-6.68885
-6.66665
-6.64815
-6.63034
-6.61332
-6.59923
-6.58658
-6.57858
-6.57415
-6.57058
-6.57068
-6.57392
-6.57928
-6.58784
-6.59847
-6.61169
-6.62552
-6.63966
-6.65106
-6.66585
-6.67781
-6.68962
-6.69831
-6.70798
-6.71748
-6.72568
-6.73368
-6.74196
-6.74565
-6.74651
-6.74601
-6.74081
-6.73795
-6.72522
-6.71121
-6.69316
-6.6762
-6.66483
-6.65984
-6.66444
-6.67708
-6.68637
-6.6935
-6.69639
-6.69388
-6.68864
-6.67988
-6.67299
-6.66735
-6.66587
-6.66226
-6.65932
-6.6554
-6.65007
-6.64502
-6.64084
-6.64369
-6.64961
-6.65592
-6.66227
-6.66726
-6.67086
-6.67029
-6.66991
-6.66968
-6.67188
-6.68167
-6.68638
-6.69325
-6.69729
-6.70316
-6.70986
-6.71265
-6.7159
-6.71358
-6.7073
-6.70011
-6.68794
-6.67386
-6.65996
-6.64643
-6.6385
-6.63462
-6.62947
-6.62567
-6.6184
-6.61103
-6.60886
-6.61385
-6.62375
-6.6394
-6.65648
-6.67479
-6.68674
-6.6938
-6.69067
-6.67941
-6.66288
-6.64276
-6.62106
-6.59838
-6.58227
-6.57564
-6.5827
-6.60471
-6.63524
-6.66988
-6.70625
-6.73756
-6.75897
-6.76887
-6.76438
-6.74434
-6.71366
-6.67516
-6.63319
-6.59556
-6.56186
-6.54279
-6.53354
-6.5385
-6.55218
-6.57441
-6.60206
-6.6281
-6.65086
-6.66583
-6.67055
-6.66781
-6.66127
-6.65187
-6.64513
-6.64579
-6.64985
-6.6551
-6.66009
-6.66442
-6.66745
-6.67044
-6.67351
-6.68054
-6.69221
-6.70849
-6.73132
-6.75686
-6.78006
-6.80242
-6.81681
-6.82217
-6.8198
-6.80766
-6.78921
-6.76657
-6.74358
-6.72388
-6.70676
-6.69095
-6.67887
-6.67048
-6.66454
-6.65783
-6.65253
-6.64676
-6.64535
-6.64558
-6.64712
-6.64741
-6.64591
-6.64098
-6.63336
-6.62268
-6.61385
-6.60626
-6.60425
-6.61001
-6.62398
-6.64002
-6.65807
-6.67592
-6.68858
-6.69664
-6.69671
-6.68846
-6.67539
-6.66121
-6.64636
-6.63576
-6.62938
-6.62957
-6.63701
-6.64706
-6.66069
-6.6714
-6.67652
-6.67897
-6.67487
-6.66583
-6.65217
-6.63836
-6.6269
-6.62234
-6.62379
-6.62917
-6.63697
-6.64852
-6.65949
-6.6714
-6.68153
-6.69018
-6.69437
-6.69572
-6.69414
-6.68818
-6.68076
-6.67259
-6.66838
-6.66664
-6.66991
-6.67792
-6.68906
-6.70797
-6.72966
-6.75135
-6.77338
-6.79686
-6.81212
-6.82257
-6.82421
-6.82053
-6.80577
-6.78296
-6.75574
-6.73121
-6.70416
-6.682
-6.66302
-6.64875
-6.63252
-6.6209
-6.61008
-6.60552
-6.60152
-6.60441
-6.60826
-6.61888
-6.628
-6.6356
-6.64263
-6.64491
-6.64349
-6.63975
-6.63259
-6.62686
-6.62395
-6.62241
-6.62282
-6.62564
-6.62942
-6.63711
-6.63882
-6.63863
-6.63631
-6.62959
-6.61871
-6.61027
-6.60094
-6.59434
-6.59212
-6.59251
-6.59536
-6.60032
-6.60862
-6.61942
-6.63534
-6.65642
-6.67924
-6.70587
-6.72912
-6.7507
-6.76593
-6.76886
-6.76234
-6.74933
-6.72936
-6.70982
-6.6882
-6.669
-6.65484
-6.64609
-6.6404
-6.63615
-6.63095
-6.62963
-6.63209
-6.63883
-6.64872
-6.66694
-6.6894
-6.71799
-6.74603
-6.76995
-6.79088
-6.80081
-6.80516
-6.80083
-6.78796
-6.77111
-6.75259
-6.73024
-6.7083
-6.68627
-6.668
-6.65734
-6.65098
-6.65353
-6.65714
-6.66185
-6.6626
-6.66354
-6.66638
-6.66969
-6.67729
-6.68918
-6.70355
-6.71822
-6.7269
-6.73089
-6.72653
-6.71463
-6.70192
-6.68544
-6.66286
-6.64015
-6.62067
-6.60764
-6.59866
-6.59687
-6.60411
-6.61465
-6.6281
-6.63981
-6.64287
-6.64595
-6.64191
-6.6354
-6.62785
-6.61927
-6.61579
-6.61466
-6.6153
-6.61253
-6.6092
-6.6051
-6.59639
-6.58983
-6.58479
-6.58857
-6.59553
-6.61092
-6.6361
-6.67006
-6.7092
-6.74897
-6.78474
-6.81092
-6.83193
-6.84267
-6.84062
-6.83119
-6.81366
-6.78848
-6.75933
-6.72958
-6.70096
-6.67735
-6.65833
-6.64145
-6.63099
-6.62476
-6.61887
-6.61464
-6.60697
-6.60203
-6.59917
-6.59772
-6.59933
-6.6064
-6.61511
-6.626
-6.64005
-6.65899
-6.67834
-6.69742
-6.71425
-6.72599
-6.73504
-6.73907
-6.74185
-6.74104
-6.73885
-6.73936
-6.74088
-6.74156
-6.74098
-6.73512
-6.72666
-6.71522
-6.702
-6.69294
-6.68433
-6.67539
-6.665
-6.65712
-6.64842
-6.6388
-6.6252
-6.61528
-6.60354
-6.59308
-6.58621
-6.58073
-6.58125
-6.58201
-6.58626
-6.59051
-6.59519
-6.60223
-6.60498
-6.60717
-6.60497
-6.60156
-6.59988
-6.59856
-6.60049
-6.60214
-6.60816
-6.6148
-6.62603
-6.6384
-6.6525
-6.66498
-6.67417
-6.68257
-6.68965
-6.70141
-6.71753
-6.73413
-6.75225
-6.77117
-6.78594
-6.79441
-6.79433
-6.78373
-6.76505
-6.74207
-6.71493
-6.68781
-6.658
-6.62975
-6.60169
-6.57582
-6.55621
-6.54544
-6.54948
-6.56537
-6.59276
-6.62798
-6.66296
-6.69365
-6.71487
-6.72476
-6.72549
-6.71918
-6.70768
-6.70055
-6.69955
-6.70266
-6.71366
-6.72576
-6.73653
-6.74358
-6.74746
-6.74502
-6.73828
-6.72537
-6.70707
-6.68543
-6.66525
-6.64666
-6.62956
-6.61568
-6.6054
-6.5952
-6.59266
-6.59572
-6.60232
-6.61515
-6.63602
-6.66224
-6.69262
-6.72024
-6.74421
-6.76085
-6.76898
-6.76593
-6.75682
-6.73864
-6.71522
-6.69096
-6.6658
-6.64696
-6.63187
-6.62238
-6.62289
-6.63126
-6.64802
-6.66898
-6.69364
-6.7162
-6.73113
-6.73971
-6.74048
-6.73164
-6.71615
-6.6962
-6.67461
-6.65115
-6.63504
-6.62529
-6.62311
-6.62651
-6.6369
-6.65189
-6.66898
-6.68522
-6.70038
-6.71207
-6.72411
-6.7278
-6.7281
-6.72458
-6.7177
-6.71089
-6.70695
-6.70822
-6.70876
-6.71086
-6.71097
-6.7051
-6.69405
-6.68259
-6.66652
-6.64826
-6.62767
-6.60472
-6.58048
-6.55892
-6.54047
-6.5339
-6.54013
-6.56131
-6.59115
-6.62113
-6.65008
-6.66798
-6.67448
-6.67044
-6.66176
-6.64842
-6.63489
-6.62062
-6.60985
-6.60199
-6.59571
-6.59035
-6.58747
-6.58848
-6.59898
-6.62008
-6.64879
-6.6823
-6.71293
-6.74126
-6.76217
-6.77994
-6.792
-6.79778
-6.79787
-6.79613
-6.78566
-6.76399
-6.73396
-6.7003
-6.67087
-6.64626
-6.63108
-6.62489
-6.63207
-6.64372
-6.66034
-6.6768
-6.68621
-6.69217
-6.69089
-6.68337
-6.67355
-6.65983
-6.6439
-6.63046
-6.62417
-6.62248
-6.62807
-6.6345
-6.63988
-6.64354
-6.64903
-6.65018
-6.65392
-6.66184
-6.67399
-6.6953
-6.71853
-6.73962
-6.75308
-6.75772
-6.75447
-6.74506
-6.73342
-6.71961
-6.7078
-6.69583
-6.68664
-6.67553
-6.66138
-6.64048
-6.62414
-6.61305
-6.60604
-6.60408
-6.60997
-6.62239
-6.63956
-6.66148
-6.68432
-6.70515
-6.72408
-6.73977
-6.74795
-6.74815
-6.73986
-6.72298
-6.69764
-6.6718
-6.64515
-6.62243
-6.60364
-6.59174
-6.58518
-6.57948
-6.57986
-6.57909
-6.58131
-6.59192
-6.60578
-6.6186
-6.63102
-6.64075
-6.64507
-6.64598
-6.64208
-6.64093
-6.64221
-6.64753
-6.65639
-6.66388
-6.67767
-6.68756
-6.69593
-6.69932
-6.69963
-6.69605
-6.69023
-6.68641
-6.68469
-6.68164
-6.6829
-6.68651
-6.69237
-6.69618
-6.70148
-6.70565
-6.70986
-6.71254
-6.70225
-6.68594
-6.66301
-6.63657
-6.61646
-6.60401
-6.60592
-6.61791
-6.63784
-6.66011
-6.67624
-6.68741
-6.68898
-6.68629
-6.67767
-6.67031
-6.66353
-6.65775
-6.65338
-6.65682
-6.6653
-6.68711
-6.7114
-6.73549
-6.75339
-6.76685
-6.7708
-6.76497
-6.75372
-6.73424
-6.70864
-6.68001
-6.65039
-6.62099
-6.60027
-6.58539
-6.57669
-6.57642
-6.57662
-6.57856
-6.5819
-6.585
-6.5948
-6.60908
-6.62155
-6.63589
-6.65186
-6.66679
-6.6781
-6.68388
-6.68849
-6.68856
-6.68631
-6.68598
-6.69107
-6.69876
-6.70964
-6.71838
-6.72534
-6.72913
-6.72853
-6.72238
-6.71429
-6.70248
-6.68945
-6.67471
-6.66215
-6.64979
-6.64197
-6.63359
-6.62283
-6.61735
-6.61312
-6.60987
-6.60842
-6.60849
-6.61314
-6.61963
-6.627
-6.63597
-6.64699
-6.65834
-6.67133
-6.68634
-6.70395
-6.7244
-6.74285
-6.75531
-6.76276
-6.76237
-6.75611
-6.74243
-6.72434
-6.70102
-6.67607
-6.65253
-6.63481
-6.62449
-6.624
-6.62574
-6.63755
-6.65181
-6.66535
-6.67565
-6.68324
-6.68943
-6.69106
-6.69015
-6.68841
-6.686
-6.6768
-6.66162
-6.64383
-6.62495
-6.60667
-6.5942
-6.5868
-6.58715
-6.59382
-6.60958
-6.63195
-6.66095
-6.69743
-6.73474
-6.76853
-6.79504
-6.81383
-6.81839
-6.80963
-6.79055
-6.75937
-6.72265
-6.68725
-6.6554
-6.63596
-6.625
-6.62856
-6.64379
-6.66774
-6.69811
-6.73182
-6.75835
-6.77646
-6.78587
-6.78056
-6.76969
-6.74659
-6.71797
-6.68417
-6.64597
-6.60586
-6.56958
-6.53882
-6.51637
-6.50572
-6.50329
-6.51012
-6.52395
-6.54139
-6.56112
-6.5848
-6.60887
-6.63203
-6.65159
-6.66674
-6.6786
-6.68704
-6.69042
-6.6897
-6.68771
-6.68386
-6.67841
-6.67248
-6.66758
-6.65964
-6.65436
-6.64726
-6.6379
-6.6325
-6.62999
-6.63078
-6.63984
-6.65731
-6.68112
-6.70433
-6.72671
-6.74776
-6.76103
-6.7711
-6.77574
-6.77776
-6.77803
-6.77657
-6.77292
-6.77162
-6.77003
-6.76426
-6.75636
-6.74534
-6.73473
-6.71764
-6.69833
-6.68236
-6.66793
-6.65918
-6.65673
-6.65425
-6.6514
-6.6457
-6.63868
-6.62609
-6.6124
-6.59711
-6.58451
-6.57245
-6.56564
-6.5636
-6.56898
-6.57638
-6.58598
-6.59445
-6.60113
-6.60829
-6.61115
-6.60841
-6.60426
-6.59893
-6.59414
-6.59319
-6.60146
-6.61519
-6.63815
-6.66349
-6.68987
-6.71227
-6.73019
-6.73969
-6.74766
-6.74844
-6.74561
-6.7407
-6.73419
-6.72784
-6.72254
-6.71675
-6.70759
-6.69961
-6.68687
-6.67485
-6.66239
-6.64812
-6.63306
-6.6177
-6.60474
-6.59497
-6.5953
-6.60726
-6.62671
-6.65461
-6.68197
-6.71114
-6.73546
-6.75629
-6.77885
-6.79986
-6.8134
-6.81962
-6.81253
-6.79707
-6.77595
-6.74962
-6.72323
-6.70003
-6.68214
-6.67293
-6.66748
-6.6668
-6.67225
-6.67737
-6.68226
-6.68662
-6.68861
-6.68875
-6.68868
-6.68662
-6.67901
-6.66576
-6.64623
-6.62236
-6.59327
-6.56148
-6.53504
-6.51147
-6.49946
-6.49751
-6.50776
-6.52565
-6.55155
-6.57702
-6.6021
-6.6243
-6.6462
-6.66551
-6.67656
-6.68556
-6.68996
-6.6895
-6.68932
-6.68729
-6.68404
-6.67641
-6.66968
-6.66046
-6.64873
-6.63674
-6.62337
-6.60775
-6.59421
-6.58424
-6.57842
-6.5781
-6.58309
-6.59368
-6.61187
-6.63461
-6.66451
-6.6983
-6.7337
-6.76645
-6.79507
-6.81705
-6.82876
-6.83367
-6.82369
-6.80212
-6.77025
-6.73424
-6.69897
-6.66945
-6.64513
-6.62699
-6.61526
-6.60449
-6.59904
-6.59704
-6.60478
-6.61867
-6.64296
-6.67374
-6.70025
-6.71597
-6.71976
-6.7072
-6.68508
-6.65771
-6.62996
-6.61042
-6.59807
-6.59734
-6.60632
-6.62066
-6.64038
-6.66832
-6.69763
-6.72615
-6.75107
-6.76437
-6.77102
-6.76822
-6.75659
-6.74158
-6.72674
-6.71257
-6.7044
-6.69592
-6.68389
-6.67111
-6.6591
-6.64803
-6.6367
-6.62769
-6.62167
-6.61509
-6.61038
-6.60835
-6.60639
-6.61251
-6.62408
-6.63926
-6.65679
-6.67433
-6.68924
-6.70117
-6.71088
-6.71515
-6.71689
-6.71686
-6.71485
-6.71082
-6.70235
-6.69644
-6.68866
-6.67844
-6.67069
-6.66607
-6.66346
-6.6628
-6.66502
-6.67384
-6.68487
-6.69107
-6.69792
-6.70343
-6.70548
-6.70514
-6.70635
-6.70569
-6.70076
-6.69441
-6.6855
-6.67347
-6.65881
-6.6443
-6.62815
-6.61197
-6.59342
-6.58105
-6.57635
-6.58162
-6.59128
-6.60919
-6.62923
-6.65381
-6.67908
-6.70457
-6.72798
-6.75176
-6.7663
-6.77543
-6.77692
-6.76705
-6.74907
-6.72455
-6.69592
-6.66791
-6.64422
-6.62763
-6.61803
-6.62347
-6.63575
-6.6565
-6.67764
-6.69709
-6.7137
-6.72674
-6.7347
-6.73139
-6.72206
-6.70518
-6.68267
-6.65929
-6.63721
-6.6223
-6.62006
-6.62623
-6.64291
-6.66624
-6.68891
-6.70697
-6.71811
-6.72357
-6.72177
-6.71506
-6.70365
-6.68897
-6.67606
-6.66035
-6.64394
-6.63336
-6.62604
-6.61809
-6.61599
-6.61486
-6.61326
-6.61445
-6.61612
-6.61956
-6.62797
-6.63823
-6.653
-6.6682
-6.684
-6.69258
-6.69561
-6.69121
-6.67923
-6.6609
-6.63901
-6.61938
-6.59839
-6.58085
-6.57035
-6.56942
-6.58085
-6.60556
-6.64025
-6.68311
-6.723
-6.75555
-6.77732
-6.78451
-6.772
-6.74921
-6.71582
-6.68286
-6.65359
-6.63519
-6.62211
-6.61443
-6.61111
-6.61346
-6.61911
-6.62859
-6.63695
-6.64844
-6.66373
-6.67644
-6.68916
-6.6984
-6.70302
-6.70354
-6.69766
-6.68854
-6.67584
-6.66456
-6.65293
-6.64535
-6.64191
-6.64556
-6.65487
-6.66281
-6.67398
-6.68211
-6.68596
-6.68588
-6.67794
-6.66489
-6.64748
-6.62941
-6.6155
-6.60765
-6.60707
-6.61742
-6.63513
-6.65717
-6.67835
-6.69451
-6.70137
-6.69742
-6.68885
-6.67365
-6.65642
-6.63804
-6.62616
-6.61471
-6.61245
-6.61548
-6.62373
-6.63557
-6.65446
-6.67942
-6.70825
-6.74068
-6.767
-6.78997
-6.80554
-6.8098
-6.80408
-6.79202
-6.77318
-6.75435
-6.73513
-6.7204
-6.70511
-6.69262
-6.68168
-6.67121
-6.66107
-6.65161
-6.64283
-6.63254
-6.62229
-6.6146
-6.61054
-6.60706
-6.60496
-6.60318
-6.59629
-6.58493
-6.57192
-6.5635
-6.55864
-6.56084
-6.56871
-6.58038
-6.59742
-6.6132
-6.62601
-6.63988
-6.65486
-6.67009
-6.68608
-6.7096
-6.73277
-6.75597
-6.77429
-6.79258
-6.80361
-6.80917
-6.80684
-6.79614
-6.7788
-6.75174
-6.72259
-6.69202
-6.66571
-6.64405
-6.63062
-6.62688
-6.6333
-6.64235
-6.65766
-6.67059
-6.68017
-6.68228
-6.67285
-6.65443
-6.62986
-6.60108
-6.57098
-6.54808
-6.53513
-6.53382
-6.54421
-6.56384
-6.59246
-6.62508
-6.65919
-6.69548
-6.73335
-6.76745
-6.79148
-6.80339
-6.80016
-6.78745
-6.76243
-6.73204
-6.70054
-6.67306
-6.65596
-6.64706
-6.65062
-6.66157
-6.67801
-6.69687
-6.71239
-6.72144
-6.72472
-6.72189
-6.71569
-6.70752
-6.69606
-6.67816
-6.65629
-6.62988
-6.60103
-6.57529
-6.55547
-6.54569
-6.5482
-6.56273
-6.58533
-6.61396
-6.64226
-6.66463
-6.68466
-6.70425
-6.72069
-6.73559
-6.74951
-6.75836
-6.76014
-6.75421
-6.74013
-6.72197
-6.70046
-6.67662
-6.65331
-6.64191
-6.63915
-6.6492
-6.66747
-6.69341
-6.72178
-6.74532
-6.76068
-6.76447
-6.76227
-6.75163
-6.73428
-6.70711
-6.67483
-6.63893
-6.59784
-6.55552
-6.51903
-6.48916
-6.47622
-6.47977
-6.49776
-6.52696
-6.56308
-6.60214
-6.63779
-6.66866
-6.69142
-6.70376
-6.70939
-6.71063
-6.70982
-6.70567
-6.69858
-6.69289
-6.68436
-6.67638
-6.66532
-6.65762
-6.65133
-6.65635
-6.66568
-6.67782
-6.69025
-6.70307
-6.71618
-6.72746
-6.73425
-6.7331
-6.72279
-6.70654
-6.68838
-6.66984
-6.65377
-6.64175
-6.63963
-6.64028
-6.64494
-6.65042
-6.65559
-6.65794
-6.66443
-6.67189
-6.68397
-6.69718
-6.71322
-6.72675
-6.73372
-6.73714
-6.73891
-6.74445
-6.7492
-6.75403
-6.75933
-6.75895
-6.75486
-6.74405
-6.73199
-6.71534
-6.70023
-6.68475
-6.66894
-6.65246
-6.6387
-6.62972
-6.62721
-6.63026
-6.63414
-6.64056
-6.64331
-6.64328
-6.64287
-6.63926
-6.63175
-6.62417
-6.61466
-6.60418
-6.59718
-6.59291
-6.59114
-6.59628
-6.60196
-6.60886
-6.61467
-6.6193
-6.62486
-6.63139
-6.63849
-6.64869
-6.66029
-6.67746
-6.69357
-6.70954
-6.72184
-6.72895
-6.73043
-6.72708
-6.71987
-6.70909
-6.69613
-6.68149
-6.67144
-6.66149
-6.65724
-6.65415
-6.65353
-6.65662
-6.66156
-6.66735
-6.67262
-6.67506
-6.67425
-6.67598
-6.67341
-6.66996
-6.66913
-6.66727
-6.66855
-6.66862
-6.66408
-6.6599
-6.65516
-6.65494
-6.66017
-6.67001
-6.68449
-6.70264
-6.71457
-6.72302
-6.72462
-6.7217
-6.71739
-6.71031
-6.70056
-6.69184
-6.68438
-6.678
-6.67461
-6.67184
-6.66994
-6.66727
-6.66627
-6.66469
-6.65865
-6.6533
-6.64466
-6.63561
-6.62615
-6.61588
