0.790518
0.772348
0.747197
0.717116
0.684538
0.652063
0.62204
0.596345
0.576143
0.56192
0.55367
0.551023
0.553312
0.559602
0.568659
0.579086
0.589526
0.598818
0.606037
0.610616
0.612406
0.611626
0.608942
0.605312
0.601834
0.599589
0.599328
0.6014
0.605709
0.611707
0.618476
0.62493
0.630155
0.633752
0.636023
0.637855
0.640345
0.644353
0.650046
0.656749
0.663049
0.667275
0.667993
0.664465
0.656844
0.64606
0.633598
0.621062
0.609699
0.600206
0.592624
0.586543
0.581452
0.576984
0.573091
0.570087
0.568586
0.569247
0.572546
0.578716
0.587623
0.59893
0.612135
0.626559
0.641436
0.655953
0.669366
0.681071
0.690694
0.69812
0.703433
0.706788
0.708392
0.708355
0.706696
0.703324
0.698026
0.690455
0.68021
0.666988
0.650757
0.632022
0.611871
0.591951
0.574069
0.559848
0.550229
0.545212
0.544021
0.545577
0.548974
0.553717
0.559645
0.566673
0.574559
0.582902
0.591205
0.59901
0.605961
0.611943
