1.20487
1.20793
1.20989
1.21197
1.21535
1.2211
1.22963
1.2404
1.25182
1.2619
1.26866
1.27029
1.26546
1.2532
1.2332
1.20606
1.17387
1.13992
1.10822
1.08246
1.06502
1.0565
1.05594
1.06168
1.07193
1.08516
1.10004
1.11527
1.12955
1.14173
1.1511
1.15781
1.16292
1.16824
1.17556
1.18571
1.19808
1.21077
1.22135
1.22766
1.22826
1.22247
1.2105
1.19324
1.17213
1.14906
1.12645
1.1069
1.09251
1.08408
1.08079
1.08088
1.08265
1.0853
1.08901
1.09466
1.10332
1.11565
1.13178
1.15132
1.1736
1.1979
1.22337
1.24874
1.27238
1.29232
1.30653
1.31348
1.31225
1.30283
1.28617
1.26391
1.23807
1.21071
1.18357
1.15812
1.13563
1.11714
1.10313
1.09337
1.08708
1.08336
1.08124
1.07978
1.0784
1.07716
1.07691
1.07878
1.08376
1.0919
1.10218
1.11292
1.12244
1.12981
1.13502
1.13898
1.14292
1.14759
1.15276
1.15714
