1.19039
1.1575
1.10253
1.02723
0.934275
0.827831
0.71361
0.598761
0.491401
0.399585
0.329985
0.286625
0.270145
0.277891
0.304751
0.344361
0.390328
0.437082
0.480344
0.51724
0.546219
0.566841
0.579531
0.5853
0.585613
0.582118
0.576501
0.570371
0.565175
0.562009
0.561593
0.564255
0.569938
0.578313
0.588709
0.600405
0.612652
0.624758
0.636136
0.646278
0.654835
0.661476
0.665893
0.667863
0.667157
0.663648
0.657322
0.648469
0.637748
0.626171
0.61503
0.605698
0.599443
0.597264
0.599652
0.606478
0.61699
0.630058
0.644248
0.658069
0.670137
0.679387
0.68507
0.686816
0.684587
0.678754
0.66999
0.659229
0.647473
0.635654
0.624439
0.614147
0.604845
0.596432
0.588881
0.582404
0.577498
0.574844
0.575035
0.578192
0.583787
0.590677
0.597538
0.603419
0.607993
0.611483
0.614379
0.617098
0.619679
0.621834
0.622985
0.622584
0.620288
0.616042
0.610147
0.60307
0.595352
0.587464
0.579884
0.573032
