0.800071
0.800423
0.797183
0.790306
0.780612
0.769563
0.758792
0.749935
0.744383
0.743571
0.748931
0.761404
0.780697
0.804961
0.831148
0.855847
0.876112
0.889899
0.89619
0.89489
0.886611
0.87239
0.853471
0.831181
0.806962
0.782426
0.75919
0.738897
0.722926
0.712317
0.707527
0.708439
0.714628
0.725518
0.740431
0.758471
0.77838
0.798507
0.81696
0.831752
0.84115
0.844028
0.840124
0.830256
0.816162
0.800269
0.785169
0.773199
0.766023
0.764343
0.767976
0.776098
0.787691
0.801808
0.817429
0.83291
0.845902
0.85407
0.855991
0.851712
0.84266
0.831041
0.819185
0.809116
0.802305
0.799302
0.79975
0.802444
0.805788
0.808148
0.808301
0.805704
0.80063
0.793942
0.786718
0.780032
0.774623
0.77057
0.767265
0.763735
0.759695
0.756557
0.757683
0.766605
0.784147
0.807395
0.831735
0.853394
0.870226
0.881383
0.886638
0.886349
0.881357
0.873182
0.863655
0.854497
0.846846
0.840887
0.835882
0.830796
0.824739
0.817339
0.808662
0.799015
0.788704
0.777916
0.766717
0.755086
0.743051
0.730732
0.718274
0.705759
0.693345
0.681425
0.670713
0.66237
0.657878
0.658727
0.665884
0.679416
0.698345
0.72086
0.744852
0.768359
0.790031
0.809302
0.826245
0.840764
0.852166
0.859244
0.861045
0.857537
0.849729
0.839222
0.827671
0.816394
0.80628
0.798034
0.792117
0.788722
0.787715
0.788656
0.790857
0.793576
0.796227
0.798584
0.800931
0.80392
0.808275
0.814383
0.821972
0.830286
0.838152
0.844348
0.847848
0.84816
0.845401
0.840218
0.833647
0.826893
0.820975
0.81656
0.813843
0.812616
0.812345
0.812119
0.810809
0.807283
0.800724
0.790911
0.778342
0.764097
0.749652
0.736593
0.726629
0.721312
0.721695
0.728016
0.739541
0.754726
0.771444
0.787543
0.801408
0.812346
0.820528
0.826571
0.830808
0.832987
0.832281
0.827678
0.818517
0.80504
0.788507
0.771032
0.755069
0.742805
0.735658
0.734146
0.738024
0.746543
0.758706
0.773265
0.788827
0.803889
0.817017
0.82716
0.833943
0.837621
0.838794
0.838032
0.835819
0.832371
0.827848
0.822472
0.816558
0.81035
0.803942
0.797212
0.790043
0.782619
0.775574
0.769793
0.765982
0.764514
0.765203
0.767348
0.769925
0.771733
0.771607
0.768802
0.763316
0.756063
0.748827
0.743859
0.743447
0.74939
0.762554
0.782369
0.80663
0.832204
0.855963
0.875448
0.888917
0.895186
0.89368
0.884586
0.86922
0.850011
0.830066
0.812199
0.798085
0.787939
0.780728
0.775003
0.769496
0.763492
0.756812
0.749774
0.743088
0.737549
0.733836
0.732323
0.733233
0.736693
0.742735
0.751198
0.761793
0.774179
0.78819
0.803722
0.820616
0.838338
0.855895
0.871782
0.884126
0.890947
0.890675
0.88256
0.866928
0.845315
0.820246
0.794941
0.772863
0.75714
0.749926
0.751665
0.760789
0.774401
0.789171
0.802419
0.812529
0.818953
0.821642
0.820757
0.816606
0.809777
0.801149
0.791858
0.78316
0.776138
0.771489
0.769355
0.769314
0.770527
0.771939
0.77254
0.771587
0.768726
0.764105
0.75828
0.752062
0.746394
0.742212
0.74023
0.74103
0.744889
0.751729
0.760861
0.771118
0.781239
0.790224
0.797656
0.803754
0.809005
0.813801
0.818276
0.822316
0.825661
0.828205
0.830116
0.831562
0.832567
0.832732
0.831378
0.827829
0.821807
0.813642
0.80407
0.793922
0.783816
0.774061
0.764839
0.756467
0.749718
0.745612
0.745071
0.748357
0.754707
0.762428
0.769385
0.773913
0.775512
0.775053
0.774478
0.776091
0.781767
0.792295
0.807119
0.824488
0.842005
0.857378
0.868857
0.875385
0.876453
0.87182
0.861428
0.845608
0.825375
0.802549
0.779516
0.758828
0.742631
0.732269
0.728103
0.729644
0.735809
0.745175
0.756248
0.76766
0.778399
0.787894
0.795904
0.802294
0.806886
0.80934
0.809298
0.806485
0.800922
0.793108
0.784006
0.774879
0.767345
0.763374
0.764935
0.772954
0.786279
0.801773
0.815615
0.824915
0.828577
0.826962
0.821108
0.812132
0.800927
0.788627
0.776993
0.768381
0.765345
0.769675
0.78157
0.799417
0.820238
0.840529
0.856934
0.866837
0.868684
0.862141
0.848086
0.828565
0.806312
0.784406
0.765763
0.752793
0.746889
0.748011
0.754689
0.764494
0.77479
0.783469
0.789332
0.79212
0.792405
0.791393
0.790528
0.790999
0.793147
0.796426
0.79969
0.801785
0.801958
0.799952
0.796074
0.791044
0.785954
0.78189
0.779651
0.779453
0.780764
0.782466
0.783414
0.782842
0.780603
0.777229
0.773908
0.772203
0.77366
0.779285
0.789246
0.802718
0.818018
0.83296
0.845225
0.852847
0.854619
0.850068
0.83946
0.823659
0.803785
0.78117
0.757381
0.734553
0.71567
0.704315
0.70354
0.714401
0.73509
0.761566
0.789168
0.814216
0.83477
0.85052
0.862137
0.870623
0.876754
0.880692
0.882014
0.880133
0.874684
0.865948
0.855047
0.843739
0.833872
0.826518
0.821511
0.817442
0.812354
0.804522
0.793027
0.778108
0.761141
0.744327
0.730186
0.721001
0.718182
0.721854
0.730799
0.742822
0.755501
0.76671
0.774913
0.779311
0.779805
0.777031
0.772317
0.767386
0.763899
0.762991
0.764963
0.769236
0.77453
0.778989
0.780773
0.778618
0.772292
0.763032
0.753568
0.747556
0.74849
0.758453
0.777156
0.80195
0.828779
0.853509
0.872927
0.885016
0.888897
0.884686
0.873243
0.856072
0.835133
0.812763
0.791532
0.774116
0.763096
0.760345
0.766441
0.780566
0.80058
0.823342
0.845291
0.863081
0.874271
0.877599
0.873029
0.861282
0.843633
0.8216
0.797038
0.772065
0.748992
0.730074
0.717222
0.711821
0.714375
0.724598
0.741508
0.763226
0.786937
0.809036
0.825886
0.834661
0.834049
0.824808
0.809659
0.792582
0.777579
0.767318
0.762416
0.761997
0.764851
0.770207
0.777935
0.787946
0.799569
0.81149
0.822162
0.830232
0.834946
0.836396
0.835353
0.832875
0.829722
0.82601
0.821424
0.815709
0.808986
0.801851
0.795102
0.789217
0.784177
0.77948
0.774511
0.768918
0.762612
0.755781
0.748816
0.742287
0.736859
0.733318
0.732525
0.735356
0.742363
0.753322
0.767229
0.782718
0.79846
0.813541
0.82736
0.839582
0.850014
0.858549
0.865066
0.869428
0.871504
0.871151
0.868462
0.86394
0.858539
0.853252
0.848451
0.843449
0.836998
0.827938
0.815622
0.800163
0.782326
0.763326
0.744604
0.727861
0.714942
0.707666
0.707085
0.71296
0.723923
0.738428
0.755406
0.774185
0.794012
0.81366
0.831474
0.845799
0.855346
0.859484
0.858372
0.852756
0.843724
0.832495
0.820306
0.808349
0.797739
0.789346
0.783548
0.780158
0.77859
0.778028
0.777476
0.775861
0.77227
0.766339
0.758458
0.749766
0.741912
0.736707
0.735659
0.739488
0.747823
0.759326
0.77204
0.783975
0.79366
0.800493
0.804888
0.807922
0.810802
0.814199
0.818083
0.821889
0.824999
0.826991
0.827591
0.826527
0.823399
0.81778
0.809266
0.797793
0.783717
0.768024
0.752307
0.738681
0.729535
0.727024
0.732408
0.745684
0.765303
0.788485
0.81192
0.832539
0.848077
0.857339
0.860122
0.857088
0.849473
0.838733
0.826348
0.813551
0.801162
0.789689
0.779242
0.769667
0.760633
0.751906
0.743566
0.735936
0.729639
0.725451
0.724202
0.72656
0.73286
0.743089
0.756926
0.773744
0.792496
0.811712
0.829656
0.844646
0.855361
0.86108
0.861798
0.858109
0.851141
0.842076
0.831857
0.820984
0.809764
0.798622
0.788169
0.778953
0.771235
0.765074
0.760613
0.758362
0.758938
0.762594
0.768798
0.776323
0.7837
0.7897
0.793652
0.79564
0.796427
0.797333
0.799685
0.804251
0.810748
0.817914
0.824124
0.828105
0.829292
0.827833
0.824196
0.818994
0.812647
0.805225
0.796485
0.786059
0.773802
0.760232
0.746789
0.735673
0.729353
0.729796
0.737816
0.75286
0.773232
0.796598
0.820341
0.841826
0.858737
0.869385
0.873028
0.869735
0.860233
0.845755
0.828032
0.809274
0.792189
0.779624
0.773955
0.776229
0.785621
0.799477
0.81413
0.82601
0.832697
0.833505
0.829466
0.82284
0.816273
0.811949
0.810872
0.812773
0.816354
0.819858
0.821727
0.821044
0.817834
0.812776
0.806805
0.800856
0.795487
0.790929
0.787195
0.784061
0.781185
0.778197
0.774758
0.770727
0.766276
0.761852
0.757847
0.754328
0.750818
0.746608
0.741418
0.735704
0.730761
0.728299
0.72982
0.736183
0.747318
0.762252
0.779391
0.796839
0.812784
0.825755
0.834686
0.839212
0.83948
0.836245
0.830475
0.823193
0.815327
0.807672
0.800829
0.795397
0.791932
0.790795
0.791886
0.79478
0.79879
0.803228
0.807435
0.810798
0.812639
0.812215
0.808899
0.802666
0.794527
0.786376
0.780016
0.776399
0.775397
0.776286
0.778166
0.77999
0.780472
0.778163
0.772043
0.762091
0.749678
0.737387
0.728252
0.724901
0.728877
0.74016
0.757095
0.776792
0.796107
0.812548
0.824829
0.832778
0.836946
0.837979
0.836475
0.832872
0.827611
0.821306
0.814885
0.80949
0.80624
0.8061
0.809639
0.816711
0.826091
0.835712
0.843054
0.846009
0.843664
0.836528
0.826103
0.81433
0.803083
0.793933
0.788036
0.786073
0.788245
0.794134
0.802634
0.812149
0.820996
0.827932
0.832289
0.834056
0.8334
0.83046
0.825198
0.817787
0.808775
0.799187
0.790195
0.782654
0.776701
0.771776
0.766821
0.760839
0.753318
0.744247
0.734112
0.723741
0.714326
0.707414
0.704618
0.707193
0.715517
0.728927
0.745906
0.764485
0.782663
0.798808
0.811832
0.821245
0.827116
0.829849
0.830084
0.828556
0.826148
0.823711
0.821899
0.8208
0.819995
0.818713
0.816246
0.812356
0.807363
0.802003
0.797047
0.793003
0.789986
0.787799
0.786142
0.784666
0.78304
0.780812
0.777514
0.772726
0.76633
0.758602
0.750213
0.742098
0.735258
0.730789
0.730001
0.734245
0.744323
0.759524
0.777343
0.794435
0.808157
0.81743
0.822487
0.82434
0.824087
0.822733
0.82113
0.820151
0.82074
0.823683
0.829288
0.837056
0.845826
0.854121
0.860452
0.863497
0.862154
0.855694
0.843941
0.827396
0.807248
0.785282
0.763626
0.744391
0.729318
0.719651
0.715902
0.717772
0.724124
0.733306
0.743599
0.753594
0.762382
0.76945
0.77474
0.77865
0.781716
0.78436
0.786707
0.788755
0.79066
0.792694
0.794953
0.797095
0.798505
0.798644
0.797248
0.794601
0.791495
0.788954
0.788053
0.789555
0.793584
0.799613
0.806722
0.813963
0.820581
0.826345
0.831428
0.836025
0.839972
0.842597
0.842757
0.839169
0.831068
0.818772
0.803575
0.787178
0.77104
0.756109
0.743034
0.732637
0.726111
0.724822
0.729901
0.741775
0.759798
0.782208
0.806435
0.829591
0.848996
0.862669
0.869525
0.869386
0.862778
0.850754
0.834756
0.816611
0.798578
0.783137
0.772502
0.768029
0.76973
0.776324
0.78583
0.796299
0.806292
0.814811
0.820923
0.823405
0.821268
0.814221
0.802974
0.789108
0.774622
0.761335
0.750514
0.742768
0.738197
0.73675
0.738605
0.744275
0.754316
0.768821
0.786972
0.806924
0.826287
0.842947
0.855624
0.863929
0.868057
0.868153
0.864263
0.856191
0.843534
0.825798
0.802671
0.774702
0.744259
0.716188
0.696974
0.691843
0.701995
0.724517
0.754503
0.786825
0.816993
0.841502
0.858031
0.865791
0.86556
0.859298
0.849397
0.837964
0.826208
0.814371
0.802098
0.789092
0.775643
0.762915
0.752727
0.747042
0.747149
0.753301
0.764553
0.77897
0.793829
0.806239
0.813671
0.814635
0.809128
0.79862
0.785583
0.772697
0.762248
0.755827
0.754269
0.757574
0.765101
0.775598
0.787455
0.799036
0.808972
0.816377
0.820805
0.822408
0.821844
0.82001
0.817768
0.815726
0.814204
0.813249
0.812675
0.81192
0.810164
0.806667
0.801153
0.794159
0.787081
0.781821
0.780076
0.782675
0.789155
0.797645
0.805516
0.810396
0.811116
0.808033
0.802713
0.797089
0.792495
0.789066
0.785878
0.781544
0.774958
0.765891
0.755084
0.74402
0.734445
0.727835
0.725116
0.726747
0.732851
0.743446
0.75832
0.776963
0.798269
0.820426
0.841049
0.85768
0.868464
0.872715
0.870785
0.863583
0.851879
0.836514
0.81881
0.800671
0.784147
0.770689
0.760929
0.754958
0.752673
0.753974
0.758632
0.766098
0.775311
0.784756
0.792784
0.79804
0.799782
0.798205
0.794428
0.790214
0.787525
0.787927
0.792209
0.800265
0.811167
0.823461
0.835669
0.846372
0.854293
0.858385
0.857799
0.852131
0.841602
0.82733
0.811294
0.796247
0.785117
0.779809
0.780298
0.784584
0.789742
0.793141
0.793111
0.789111
0.781394
0.770838
0.758871
0.747292
0.737969
0.732375
0.731064
0.733537
0.738534
0.744543
0.750388
0.755559
0.760168
0.764736
0.76982
0.775889
0.783227
0.791964
0.801843
0.812202
0.821898
0.829523
0.833699
0.833469
0.828738
0.820369
0.809857
0.798902
0.788804
0.780243
0.77322
0.767407
0.762366
0.757839
0.753782
0.75042
0.748096
0.747224
0.748132
0.751051
0.756138
0.763412
0.772517
0.782737
0.793181
0.803005
0.811573
0.818712
0.824573
0.829418
0.833324
0.836172
0.837686
0.837679
0.836149
0.833147
0.828687
0.822855
0.815991
0.808746
0.802026
0.796703
0.793248
0.791632
0.791296
0.791372
0.790793
0.788572
0.784091
0.777373
0.769259
0.76139
0.755889
0.754623
0.75838
0.766237
0.775916
0.78472
0.790727
0.793218
0.792621
0.789814
0.785362
0.779223
0.77099
0.760432
0.748003
0.734966
0.723069
0.714233
0.710155
0.712221
0.721081
0.736327
0.756436
0.779153
0.802165
0.823629
0.842318
0.857612
0.869302
0.877365
0.881767
0.882567
0.880109
0.875008
0.868174
0.860619
0.853022
0.845554
0.837923
0.829715
0.820672
0.810887
0.800713
0.79062
0.781126
0.772626
0.765261
0.758901
0.753173
0.74787
0.743464
0.741053
0.741676
0.745562
0.751954
0.759593
0.76735
0.774628
0.781402
0.787855
0.794034
0.799759
0.804535
0.807687
0.808589
0.806889
0.802807
0.797251
0.791506
0.786922
0.784549
0.785013
0.788527
0.794935
0.803823
0.814596
0.826396
0.838196
0.848677
0.856405
0.860091
0.858732
0.851898
0.839741
0.822845
0.802135
0.779031
0.755731
0.735084
0.720033
0.712929
0.714798
0.725055
0.741748
0.762009
0.782638
0.80058
0.813475
0.81994
0.819731
0.813866
0.80448
0.794582
0.787383
0.78552
0.790376
0.801625
0.817414
0.834878
0.850976
0.863145
0.869813
0.870504
0.86576
0.856666
0.844459
0.83024
0.814853
0.798953
0.783155
0.768051
0.754437
0.743254
0.735552
0.732155
0.733405
0.738927
0.747818
0.758753
0.770226
0.780709
0.78886
0.793697
0.794877
0.792782
0.788328
0.782899
0.778226
0.776029
0.777444
0.782405
0.789691
0.79755
0.804585
0.81026
0.814795
0.818817
0.822907
0.82712
0.830883
0.833129
0.832814
0.829407
0.823142
0.815007
0.806341
0.798404
0.791932
0.78697
0.782972
0.779129
0.775105
0.77154
0.770107
0.772807
0.780611
0.79272
0.806984
0.821057
0.833096
0.84183
0.846386
0.846414
0.842261
0.83497
0.826054
0.8171
0.809338
0.803417
0.799361
0.796869
0.795555
0.79511
0.795287
0.795716
0.795887
0.795348
0.793851
0.791207
0.787192
0.781584
0.774449
0.766404
0.758939
0.754085
0.753639
0.758318
0.767283
0.778422
0.78935
0.798233
0.804222
0.807399
0.808499
0.808752
0.809684
0.812756
0.81888
0.827723
0.83763
0.846087
0.850713
0.849995
0.843517
0.831883
0.81638
0.798795
0.781227
0.766046
0.755775
0.752512
0.757221
0.768989
0.785028
0.801355
0.814125
0.820803
0.8206
0.814527
0.804785
0.794003
0.784534
0.777877
0.774542
0.774291
0.776557
0.780822
0.78666
0.793435
0.800123
0.805286
0.807496
0.805665
0.79919
0.788023
0.77274
0.754668
0.735855
0.71884
0.705983
0.69905
0.698861
0.705387
0.71807
0.736004
0.757986
0.782295
0.806766
0.829108
0.847403
0.860438
0.867824
0.869909
0.867508
0.861588
0.853006
0.84234
0.829926
0.816107
0.801412
0.786539
0.772169
0.758706
0.746326
0.735127
0.725443
0.718295
0.715559
0.719402
0.731437
0.751582
0.777559
0.805782
0.832607
0.855426
0.872965
0.88472
0.890439
0.889937
0.883318
0.871246
0.85514
0.837076
0.819355
0.804117
0.792843
0.786114
0.783674
0.78447
0.786845
0.789101
0.7902
0.790278
0.790483
0.792307
0.796467
0.802134
0.807166
0.80915
0.806588
0.7995
0.789358
0.778437
0.769236
0.763601
0.762364
0.765171
0.770732
0.777359
0.783611
0.788641
0.792437
0.795487
0.798149
0.800004
0.800039
0.797236
0.791406
0.783923
0.777509
0.775353
0.779722
0.79101
0.807598
0.826685
0.845243
0.860621
0.870777
0.874355
0.870706
0.859825
0.842302
0.819414
0.793249
0.766954
0.744441
0.729357
0.723653
0.727055
0.737741
0.753335
0.771487
0.789957
0.806314
0.818078
0.823249
0.82077
0.810798
0.794745
0.775043
0.754779
0.736987
0.724073
0.717324
0.716815
0.721461
0.729414
0.738651
0.747421
0.754751
0.7606
0.765599
0.770765
0.777019
0.784783
0.793935
0.803848
0.813623
0.822269
0.828903
0.832796
0.833446
0.830788
0.825247
0.817804
0.809951
0.803248
0.798991
0.797937
0.80011
0.80483
0.810987
0.81737
0.822995
0.827296
0.830102
0.831456
0.831535
0.83075
0.829652
0.828639
0.827389
0.824643
0.818888
0.80935
0.796595
0.782483
0.769507
0.759939
0.755071
0.75492
0.758498
0.76428
0.77083
0.77707
0.782189
0.785585
0.786802
0.785554
0.781725
0.775569
0.767743
0.759241
0.751334
0.74529
0.742226
0.742978
0.747844
0.756339
0.767112
0.778252
0.78775
0.794001
0.796142
0.794186
0.788901
0.781464
0.773339
0.766151
0.761524
0.760899
0.765187
0.774466
0.787577
0.802236
0.815567
0.825034
0.829317
0.828613
0.824445
0.818841
0.813699
0.810312
0.809126
0.809954
0.812336
0.815656
0.81924
0.822307
0.824056
0.824058
0.822418
0.819755
0.817016
0.815108
0.814547
0.81542
0.817383
0.819898
0.822244
0.823356
0.822008
0.817251
0.80907
0.798833
0.788961
0.781708
0.778237
0.7784
0.781277
0.785715
0.790459
0.79429
0.796298
0.79607
0.793768
0.789883
0.785038
0.779738
0.7744
0.769418
0.765194
0.761968
0.759683
0.758044
0.756776
0.75595
0.756187
0.758619
0.764434
0.774184
0.787416
0.802713
0.818156
0.831752
0.841885
0.84751
0.848177
0.844214
0.836589
0.826744
0.816227
0.806271
0.797877
0.791827
0.788631
0.78836
0.790432
0.793649
0.796496
0.797747
0.796967
0.794827
0.793007
0.793494
0.797738
0.805996
0.817286
0.829598
0.84035
0.846909
0.847137
0.84007
0.82618
0.807295
0.786032
0.765059
0.746485
0.731499
0.720561
0.713755
0.711196
0.713105
0.719543
0.729995
0.743188
0.757417
0.771167
0.783501
0.794158
0.803299
0.81112
0.817649
0.822665
0.826003
0.827745
0.828436
0.828932
0.830109
0.832279
0.834611
0.83514
0.831369
0.821401
0.804918
0.783451
0.759931
0.737728
0.719716
0.707958
0.703689
0.707309
0.718364
0.735464
0.756453
0.778561
0.798928
0.814991
0.825188
0.829405
0.828995
0.826441
0.82412
0.823299
0.823978
0.825413
0.826799
0.8276
0.827566
0.8267
0.825185
0.823289
0.821222
0.819202
0.817172
0.814784
0.811325
0.805917
0.798013
0.787889
0.77679
0.766505
0.758334
0.752342
0.747461
0.742371
0.736653
0.731289
0.728161
0.729265
0.735935
0.748372
0.765625
0.78586
0.806891
0.826771
0.844038
0.857914
0.86826
0.875207
0.879023
0.87997
0.878469
0.875248
0.87133
0.867632
0.864639
0.862054
0.858795
0.853571
0.845428
0.834128
0.820336
0.805315
0.790342
0.776162
0.762785
0.749855
0.737231
0.72555
0.716178
0.710604
0.709638
0.713123
0.719942
0.728482
0.737079
0.744411
0.749778
0.75325
0.755631
0.75816
0.762062
0.768213
0.776806
0.787426
0.799175
0.810846
0.821243
0.829361
0.834829
0.837926
0.839404
0.839946
0.839841
0.838905
0.836433
0.831443
0.823018
0.811109
0.797188
0.784441
0.776371
0.774476
0.777252
0.781619
0.785081
0.786554
0.786037
0.783835
0.780108
0.774922
0.76888
0.763327
0.75984
0.759531
0.762433
0.767584
0.773609
0.779575
0.785215
0.790805
0.796705
0.802951
0.809261
0.815334
0.821081
0.826757
0.83264
0.838578
0.843888
0.847712
0.84936
0.848595
0.845483
0.840085
0.832205
0.82152
0.808127
0.793216
0.779193
0.768739
0.763458
0.763429
0.768084
0.776654
0.788122
0.800986
0.81324
0.822701
0.827593
0.826796
0.820061
0.808023
0.792051
0.773988
0.75612
0.740923
0.730688
0.726961
0.729913
0.738456
0.750606
0.764199
0.777363
0.788825
0.797907
0.804468
0.808755
0.811245
0.812536
0.813265
0.814155
0.81598
0.819671
0.825962
0.835001
0.84605
0.857569
0.868007
0.876207
0.881476
0.88342
0.881977
0.877333
0.869908
0.860345
0.849329
0.837367
0.82477
0.811597
0.797826
0.783556
0.769185
0.755471
0.743581
0.734824
0.730358
0.730697
0.735328
0.742473
0.749474
0.753762
0.754077
0.751037
0.746689
0.743408
0.742839
0.74546
0.750694
0.757554
0.765171
0.772937
0.780302
0.786651
0.791283
0.793463
0.792701
0.789134
0.783604
0.777622
0.772872
0.770647
0.771617
0.775685
0.782163
0.78999
0.79811
0.80569
0.812272
0.817871
0.822999
0.828467
0.83482
0.841946
0.848971
0.854565
0.857319
0.856061
0.850109
0.839423
0.824793
0.807911
0.791256
0.777621
0.769349
0.767684
0.772506
0.782482
0.795611
0.809832
0.823335
0.834552
0.8421
0.844835
0.84182
0.832545
0.817146
0.796548
0.772504
0.74743
0.723962
0.704396
0.690353
0.682584
0.681064
0.685063
0.693436
0.704785
0.717926
0.732133
0.747079
0.762585
0.778282
0.793425
0.807075
0.818275
0.826267
0.830624
0.831268
0.82848
0.822814
0.815165
0.80676
0.799052
0.793492
0.791134
0.79264
0.798149
0.807159
0.81843
0.830055
0.839809
0.845757
0.846795
0.842916
0.835132
0.825043
0.814145
0.803463
0.79344
0.784078
0.775335
0.767439
0.761071
0.757199
0.756665
0.759701
0.765674
0.77308
0.77996
0.784418
0.785055
0.781266
0.773373
0.762556
0.750709
0.740193
0.733393
0.732101
0.737095
0.747937
0.763168
0.780837
0.798991
0.816044
0.830796
0.842377
0.850248
0.854024
0.853329
0.847889
0.837878
0.824106
0.80798
0.791137
0.775073
0.760966
0.749621
0.741757
0.737976
0.738707
0.743836
0.752436
0.763098
0.77467
0.786819
0.799959
0.8145
0.830198
0.846129
0.86093
0.873073
0.881275
0.884618
0.882557
0.875044
0.862661
0.846464
0.827917
0.808767
0.790918
0.77616
0.765928
0.761166
0.762183
0.768444
0.77859
0.790554
0.801975
0.810872
0.815874
0.816436
0.812986
0.806855
0.799955
0.794048
0.790062
0.787815
0.786347
0.78457
0.781698
0.77753
0.772357
0.766796
0.761505
0.756936
0.753242
0.750342
0.74814
0.746752
0.746724
0.749124
0.755025
0.764981
0.778539
0.794175
0.809811
0.82343
0.833682
0.840083
0.842949
0.842931
0.840608
0.836178
0.829552
0.820946
0.81148
0.803447
0.799968
0.803589
0.814782
0.831302
0.849045
0.86374
0.872193
0.872609
0.864598
0.848953
0.827316
0.801913
0.775269
0.749905
0.728045
0.711455
0.7016
0.699702
0.706639
0.722224
0.744558
0.770051
0.79446
0.814334
0.827763
0.834469
0.835437
0.832407
0.827486
0.822605
0.818916
0.816387
0.813984
0.810315
0.804499
0.796567
0.787387
0.77828
0.770726
0.766155
0.765702
0.770131
0.779462
0.792771
0.808245
0.823348
0.835266
0.841563
0.840594
0.83179
0.815583
0.793209
0.766507
0.737634
0.708957
0.682911
0.662001
0.648454
0.64389
0.648888
0.662761
0.683701
0.709209
0.736676
0.764013
0.789898
0.813685
0.835176
0.854262
0.870572
0.883338
0.891375
0.893506
0.888867
0.877329
0.859887
0.838685
0.81665
0.796896
0.781983
0.773341
0.771202
0.774838
0.782918
0.793855
0.806116
0.818327
0.829332
0.838176
0.844017
0.846114
0.843967
0.837578
0.82768
0.815679
0.803486
0.792788
0.78444
0.778286
0.773531
0.769342
0.765182
0.761097
0.757677
0.755991
0.757061
0.761428
0.768967
0.778801
0.789648
0.800095
0.808875
0.814909
0.817221
0.814912
0.807314
0.794207
0.776271
0.755305
0.7343
0.716869
0.70664
0.706291
0.716679
0.736193
0.761115
0.787157
0.810986
0.830838
0.846326
0.857896
0.86615
0.871507
0.873967
0.873166
0.868484
0.859284
0.845444
0.82758
0.807092
0.785868
0.765793
0.748188
0.733525
0.721646
0.71225
0.705427
0.701817
0.702384
0.707998
0.718997
0.735064
0.755272
0.77823
0.802138
0.824961
0.844656
0.859465
0.868259
0.87076
0.867571
0.859877
0.848967
0.836213
0.822778
0.809621
0.797289
0.785887
0.775265
0.765304
0.756341
0.74925
0.745326
0.745807
0.75125
0.761167
0.774009
0.787649
0.799879
0.808852
0.8132
0.812059
0.805086
0.792669
0.776217
0.758325
0.742438
0.732162
0.730061
0.736638
0.750118
0.767366
0.785242
0.801392
0.814499
0.824152
0.830532
0.834273
0.836301
0.837641
0.839112
0.841243
0.844057
0.847145
0.849718
0.850829
0.849592
0.845542
0.838807
0.829962
0.819934
0.809641
0.799735
0.790638
0.782715
0.776418
0.772233
0.770565
0.771517
0.774655
0.77904
0.783378
0.78622
0.786436
0.783387
0.776925
0.767396
0.755503
0.742288
0.729155
0.71781
0.71025
0.708383
0.71363
0.726479
0.746256
0.771141
0.798524
0.82545
0.849145
0.867437
0.878948
0.883146
0.880185
0.870902
0.85668
0.839542
0.821989
0.806734
0.796191
0.791797
0.793419
0.799349
0.806922
0.813352
0.816397
0.814943
0.809234
0.800549
0.790692
0.78123
0.772925
0.765736
0.759193
0.752986
0.747227
0.74253
0.739737
0.73962
0.742834
0.74974
0.760353
0.774283
0.790579
0.807766
0.824028
0.837492
0.846604
0.850362
0.848528
0.841645
0.831131
0.819157
0.808059
0.79952
0.793714
0.789411
0.784641
0.777909
0.769112
0.75985
0.752732
0.750398
0.754502
0.765156
0.781032
0.799859
0.819007
0.835951
0.848617
0.85567
0.856838
0.852911
0.845353
0.835987
0.826411
0.817601
0.80985
0.802937
0.796205
0.789065
0.781112
0.772324
0.763048
0.753664
0.744399
0.735247
0.726244
0.717802
0.710872
0.706896
0.707263
0.712733
0.723012
0.736975
0.753064
0.769747
0.785908
0.800955
0.814717
0.827253
0.838762
0.849422
0.859288
0.868161
0.875519
0.880704
0.883185
0.882794
0.879764
0.874653
0.868083
0.860487
0.852073
0.842718
0.831966
0.819258
0.804541
0.788723
0.77368
0.76167
0.754347
0.752031
0.753714
0.757542
0.761376
0.763431
0.762685
0.758939
0.752744
0.745061
0.737069
0.72997
0.72491
0.722874
0.724486
0.729787
0.738206
0.748757
0.760259
0.771582
0.781837
0.790526
0.797706
0.804007
0.810495
0.818182
0.827562
0.838274
0.849309
0.85921
0.866559
0.870307
0.870146
0.866525
0.860447
0.853087
0.845316
0.837473
0.829443
0.820872
0.811508
0.801357
0.790625
0.779661
0.768844
0.758544
0.749215
0.741485
0.736261
0.734451
0.736469
0.741992
0.750071
0.759635
0.769719
0.779465
0.788048
0.794882
0.799758
0.802781
0.804304
0.804907
0.805133
0.80541
0.805969
0.806872
0.808091
0.809373
0.810142
0.809594
0.807058
0.802359
0.79614
0.789812
0.785217
0.784004
0.787009
0.793941
0.803424
0.813349
0.821578
0.82637
0.826651
0.822148
0.813311
0.80116
0.78714
0.772866
0.75977
0.748818
0.740564
0.73541
0.733861
0.736226
0.742237
0.750958
0.761088
0.771448
0.781392
0.790821
0.800118
0.809723
0.819855
0.830236
0.840102
0.848335
0.853596
0.854624
0.850442
0.840643
0.825546
0.806301
0.784894
0.763792
0.745454
0.731698
0.72331
0.720142
0.721598
0.727138
0.736185
0.747653
0.759659
0.770036
0.777385
0.781676
0.783987
0.786051
0.789421
0.794777
0.801628
0.80859
0.81407
0.817124
0.81797
0.817995
0.819044
0.822551
0.82885
0.837048
0.845438
0.852127
0.85553
0.854764
0.849724
0.840936
0.829363
0.816192
0.802673
0.78991
0.778753
0.769723
0.762928
0.758186
0.755325
0.75439
0.75578
0.759881
0.766536
0.774756
0.782913
0.78932
0.79273
0.792703
0.789552
0.784045
0.777019
0.769166
0.761256
0.754526
0.750826
0.752014
0.758918
0.770779
0.785818
0.802097
0.818165
0.833337
0.847302
0.859818
0.870331
0.877797
0.880824
0.878043
0.868501
0.852253
0.830595
0.806007
0.781691
0.760932
0.746382
0.739495
0.740133
0.747021
0.758275
0.771917
0.786208
0.799603
0.810623
0.818038
0.821204
0.820233
0.815958
0.80986
0.803688
0.798958
0.796557
0.796453
0.797845
0.799412
0.799799
0.79802
0.793745
0.787326
0.779753
0.772145
0.765352
0.759668
0.755068
0.751688
0.74994
0.750321
0.753133
0.758331
0.765693
0.775067
0.786147
0.798128
0.809621
0.818948
0.824742
0.826334
0.823827
0.817831
0.80929
0.799369
0.789396
0.781015
0.776224
0.776991
0.78437
0.797771
0.814977
0.832694
0.847526
0.856672
0.858354
0.851851
0.837833
0.818569
0.797794
0.77962
0.766936
0.760352
0.758931
0.761383
0.766596
0.773473
0.780788
0.78729
0.791946
0.79396
0.792692
0.787727
0.779047
0.767361
0.754337
0.742543
0.73487
0.733752
0.740454
0.754585
0.774221
0.796635
0.819172
0.839911
0.857734
0.871891
0.881693
0.886349
0.885132
0.877771
0.86467
0.84702
0.826581
0.805293
0.784816
0.766327
0.750478
0.73754
0.727612
0.720695
0.716702
0.715499
0.716837
0.720416
0.725836
0.732649
0.740242
0.747911
0.754961
0.760853
0.765303
0.768216
0.769709
0.769915
0.769049
0.76735
0.765243
0.763478
0.763113
0.765294
0.770701
0.779153
0.789672
0.800764
0.811035
0.819535
0.825864
0.830119
0.832763
0.834458
0.835831
0.837276
0.838913
0.840619
0.842453
0.844754
0.848112
0.852955
0.859102
0.865486
0.870538
0.872719
0.870925
0.86455
0.853365
0.837625
0.818356
0.797493
0.777514
0.760566
0.747648
0.73862
0.732789
0.729431
0.727943
0.727893
0.729073
0.731519
0.735412
0.740867
0.748046
0.757186
0.768555
0.782064
0.796969
0.811904
0.82521
0.835541
0.842199
0.845163
0.84493
0.842266
0.837942
0.832696
0.827108
0.82136
0.815384
0.808952
0.802009
0.794779
0.787737
0.781314
0.775724
0.771041
0.767514
0.76582
0.766876
0.771206
0.778538
0.78769
0.796917
0.804523
0.809303
0.810684
0.80866
0.803661
0.796381
0.787612
0.777983
0.767846
0.757553
0.74801
0.741217
0.740196
0.747824
0.764848
0.788722
0.814832
0.838798
0.857953
0.871437
0.879523
0.882923
0.88245
0.878873
0.872712
0.864169
0.853429
0.840982
0.827926
0.815972
0.807069
0.802746
0.803381
0.807917
0.814205
0.819691
0.822022
0.819436
0.811064
0.797186
0.779175
0.759373
0.740469
0.724868
0.714039
0.70814
0.706301
0.707329
0.710143
0.713986
0.718396
0.72318
0.728478
0.734746
0.742756
0.753236
0.766439
0.781816
0.797999
0.813071
0.825091
0.832595
0.834922
0.832312
0.825756
0.816873
0.807596
0.799788
0.794782
0.793066
0.794286
0.79742
0.801077
0.80388
0.804985
0.804331
0.802544
0.8006
0.799113
0.798071
0.797073
0.795786
0.794338
0.793272
0.793058
0.793535
0.793865
0.793023
0.790333
0.785953
0.781032
0.77739
0.776839
0.780586
0.788818
0.800546
0.813839
0.826242
0.83521
0.838728
0.835861
0.827025
0.814076
0.79981
0.787313
0.779224
0.777042
0.780973
0.790001
0.802259
0.815447
0.827308
0.83579
0.83934
0.837071
0.828914
0.815792
0.799606
0.782768
0.76781
0.756763
0.750743
0.749828
0.753126
0.759112
0.766046
0.772415
0.777026
0.779137
0.778671
0.776408
0.77391
0.772831
0.774156
0.777749
0.782602
0.787344
0.79065
0.791409
0.788849
0.782574
0.772594
0.759405
0.744224
0.729129
0.716937
0.710608
0.712362
0.723059
0.742004
0.767288
0.796105
0.825445
0.852345
0.874301
0.889484
0.897015
0.896891
0.889902
0.877481
0.861516
0.844267
0.827911
0.814156
0.803686
0.796132
0.790372
0.785208
0.779846
0.774215
0.768906
0.764867
0.762983
0.763564
0.766183
0.769711
0.772785
0.774404
0.774539
0.774371
0.77572
0.78005
0.787663
0.797641
0.808342
0.817802
0.824038
0.825564
0.821878
0.813722
0.802839
0.791383
0.781629
0.775599
0.774808
0.77995
0.790575
0.805009
0.820614
0.834471
0.844073
0.847904
0.845609
0.83794
0.82635
0.812521
0.79796
0.783876
0.771314
0.761166
0.754186
0.750775
0.750789
0.753391
0.757353
0.761379
0.76452
0.76639
0.767219
0.767676
0.76859
0.770729
0.774591
0.780327
0.787714
0.796109
0.804613
0.81229
0.818424
0.822595
0.824721
0.825027
0.82373
0.820989
0.816987
0.812124
0.807437
0.804733
0.805885
0.811904
0.822268
0.835172
0.848334
0.859482
0.866495
0.867563
0.861519
0.847972
0.82758
0.801988
0.773718
0.745991
0.722253
0.705705
0.698618
0.701673
0.713678
0.73189
0.752844
0.773223
0.790426
0.802831
0.80983
0.811666
0.809152
0.803401
0.795694
0.787539
0.780503
0.776344
0.776768
0.783034
0.795196
0.811739
0.829803
0.846107
0.857896
0.863568
0.862784
0.856226
0.845335
0.831887
0.817663
0.804066
0.7918
0.780802
0.770396
0.759671
0.747905
0.73487
0.721183
0.708574
0.699768
0.69797
0.705778
0.723764
0.749939
0.780228
0.809835
0.83456
0.851594
0.859603
0.858684
0.850038
0.835654
0.817902
0.799245
0.781982
0.76827
0.760019
0.758613
0.764527
0.777132
0.79484
0.81532
0.835796
0.853419
0.865769
0.871243
0.869427
0.861125
0.848178
0.833053
0.818135
0.805098
0.794681
0.786893
0.781376
0.777596
0.775025
0.773263
0.772066
0.771408
0.771374
0.771999
0.77322
0.774807
0.776295
0.776972
0.775912
0.772124
0.764756
0.753659
0.739827
0.725691
0.714987
0.711699
0.718572
0.735716
0.760323
0.787431
0.811565
0.828175
0.834627
0.830524
0.81764
0.799551
0.780987
0.766853
0.761115
0.765723
0.780146
0.801754
0.826862
0.851746
0.873438
0.889856
0.899703
0.902213
0.897246
0.885134
0.866559
0.842345
0.813602
0.782012
0.75017
0.721502
0.699555
0.68704
0.684956
0.692306
0.706379
0.723527
0.740175
0.75375
0.763331
0.769863
0.775417
0.782123
0.79104
0.80173
0.812867
0.823165
0.831958
0.839133
0.844925
0.849703
0.853648
0.856685
0.858586
0.859295
0.858962
0.857822
0.85588
0.852828
0.848331
0.842438
0.835701
0.829156
0.823745
0.819914
0.817414
0.815324
0.812301
0.806901
0.797958
0.784845
0.767695
0.747628
0.726668
0.707448
0.692617
0.684338
0.683872
0.691273
0.705317
0.723879
0.744491
0.76496
0.78385
0.800413
0.814336
0.825624
0.834391
0.840781
0.844939
0.846979
0.846841
0.844474
0.839791
0.832825
0.823947
0.813727
0.802838
0.791961
0.78166
0.772593
0.765732
0.762205
0.76296
0.768128
0.776693
0.78688
0.796746
0.8047
0.809749
0.811314
0.809078
0.803092
0.793964
0.782768
0.771055
0.760583
0.752964
0.749297
0.749899
0.754306
0.761436
0.769912
0.778394
0.785937
0.792167
0.797284
0.801867
0.806616
0.81193
0.817744
0.823743
0.829467
0.834497
0.838458
0.840888
0.841172
0.838782
0.833398
0.82531
0.815309
0.804543
0.79413
0.784945
0.777374
0.771399
0.766708
0.762847
0.759254
0.755422
0.751043
0.746116
0.741149
0.737185
0.735396
0.736404
0.740007
0.745616
0.752908
0.761952
0.772499
0.783447
0.79314
0.800085
0.803646
0.804236
0.803055
0.801623
0.801151
0.802137
0.80431
0.807022
0.809596
0.811577
0.812885
0.813636
0.813927
0.813847
0.813389
0.812654
0.811902
0.811409
0.811237
0.81127
0.811179
0.810586
0.809131
0.80658
0.802987
0.798822
0.794831
0.791681
0.789694
0.788582
0.787627
0.786098
0.783792
0.781327
0.77993
0.780714
0.78401
0.789112
0.794548
0.79845
0.799219
0.796125
0.789547
0.780967
0.772546
0.766571
0.764812
0.767961
0.775394
0.785236
0.794885
0.801954
0.804992
0.803839
0.799281
0.792487
0.784546
0.77615
0.767859
0.760444
0.754856
0.752037
0.752474
0.755938
0.761503
0.767782
0.773378
0.777348
0.779483
0.780278
0.780741
0.782063
0.785213
0.790492
0.79751
0.805385
0.813124
0.819994
0.825441
0.829149
0.830869
0.830544
0.82832
0.824967
0.822135
0.822051
0.826669
0.836625
0.850839
0.866791
0.881363
0.891716
0.895774
0.892534
0.882038
0.865468
0.845077
0.82391
0.805115
0.790968
0.782171
0.777771
0.775827
0.774191
0.77117
0.76589
0.758421
0.749589
0.740562
0.732535
0.726538
0.723332
0.723334
0.726506
0.732266
0.739631
0.747495
0.75481
0.76075
0.764806
0.766951
0.767665
0.767812
0.768312
0.769982
0.773281
0.778119
0.784022
0.790184
0.795725
0.799753
0.801402
0.799775
0.794091
0.784018
0.77012
0.753974
0.738095
0.725363
0.718391
0.718975
0.72778
0.744119
0.766006
0.790569
0.81455
0.835109
0.850333
0.859344
0.862288
0.860101
0.854235
0.846352
0.838176
0.831221
0.826577
0.824672
0.825133
0.82688
0.828383
0.828273
0.825958
0.822175
0.818931
0.818472
0.821738
0.827474
0.833006
0.835603
0.833392
0.825537
0.812125
0.793954
0.772415
0.749379
0.727231
0.708985
0.697975
0.697051
0.707307
0.726967
0.751675
0.775953
0.794787
0.804963
0.80547
0.797558
0.784535
0.77103
0.761776
0.760147
0.767245
0.781933
0.801638
0.823281
0.84383
0.86056
0.871192
0.87413
0.868802
0.855757
0.836703
0.814074
0.79059
0.768859
0.75109
0.739021
0.733773
0.735622
0.74389
0.757009
0.772924
0.789446
0.804558
0.816547
0.824165
0.826812
0.824723
0.81891
0.810805
0.801911
0.793551
0.786675
0.781812
0.779113
0.778378
0.779277
0.781582
0.78531
0.790811
0.798516
0.808472
0.81985
0.830987
0.839744
0.844224
0.843386
0.837407
0.827547
0.815749
0.803987
0.793553
0.784887
0.777823
0.772099
0.767646
0.764517
0.763043
0.763581
0.766313
0.771101
0.777495
0.784845
0.792568
0.800181
0.807424
0.814157
0.820223
0.82522
0.828679
0.829933
0.828315
0.823253
0.814629
0.803013
0.789797
0.776876
0.766173
0.759062
0.756098
0.756953
0.760663
0.765891
0.771236
0.775571
0.778175
0.778858
0.777998
0.776264
0.774355
0.772731
0.771384
0.770016
0.768416
0.767104
0.767575
0.771701
0.780748
0.794331
0.810217
0.825038
0.835377
0.838709
0.833874
0.821158
0.802086
0.779154
0.755389
0.7339
0.717351
0.70746
0.704792
0.708767
0.718121
0.731438
0.747358
0.764756
0.782592
0.799873
0.815699
0.829302
0.840195
0.848313
0.853809
0.856915
0.857627
0.855769
0.850942
0.842822
0.8315
0.817633
0.80262
0.788785
0.779277
0.776547
0.780527
0.788634
0.797773
0.805928
0.812366
0.817087
0.820146
0.821271
0.819918
0.815596
0.808327
0.79885
0.788542
0.779157
0.772311
0.769089
0.769571
0.772844
0.777436
0.782029
0.785928
0.789329
0.793178
0.798521
0.805852
0.814762
0.823869
0.831304
0.835237
0.834465
0.828804
0.819132
0.807028
0.794356
0.782899
0.774112
0.768984
0.76795
0.77081
0.776776
0.784755
0.79362
0.802421
0.810261
0.816311
0.819709
0.819684
0.815789
0.808162
0.797775
0.786342
0.775969
0.768449
0.764717
0.764519
0.766735
0.770039
0.773401
0.776353
0.778993
0.781746
0.784961
0.788497
0.791733
0.793792
0.793915
0.791678
0.787254
0.781415
0.775342
0.770267
0.767028
0.765896
0.766789
0.769694
0.775396
0.785319
0.799809
0.816537
0.831154
0.839895
0.841325
0.836508
0.828142
0.819429
0.812912
0.809662
0.809052
0.809344
0.808494
0.805016
0.798365
0.788917
0.77779
0.766619
0.757355
0.751882
0.751578
0.756985
0.767701
0.782601
0.800093
0.818157
0.834433
0.846498
0.852423
0.851256
0.843239
0.829647
0.812497
0.794261
0.777641
0.765274
0.759317
0.760904
0.769579
0.783076
0.797937
0.810612
0.818413
0.82008
0.815575
0.805855
0.79241
0.777098
0.762022
0.749354
0.740994
0.738017
0.740394
0.74694
0.755564
0.763857
0.769723
0.772025
0.770755
0.766943
0.762201
0.758257
0.756619
0.758347
0.763863
0.772983
0.78486
0.798263
0.811869
0.824435
0.834795
0.841881
0.84472
0.842767
0.836143
0.825876
0.813948
0.80304
0.795803
0.793647
0.795863
0.799827
0.802635
0.802535
0.799473
0.794751
0.790252
0.787799
0.788718
0.793415
0.801085
0.809867
0.817468
0.821918
0.821942
0.817125
0.807992
0.795988
0.783436
0.772875
0.766179
0.764308
0.767444
0.775266
0.786699
0.79982
0.812316
0.822241
0.828706
0.831931
0.832929
0.832885
0.832578
0.832217
0.831622
0.830506
0.828621
0.825816
0.821923
0.816662
0.809642
0.800444
0.788831
0.774861
0.759194
0.743106
0.728294
0.716543
0.709168
0.706704
0.708864
0.714916
0.724242
0.736577
0.751918
0.770332
0.791632
0.814959
0.838732
0.860676
0.878342
0.889541
0.89282
0.887797
0.875183
0.856812
0.835637
0.815127
0.798176
0.786215
0.77904
0.77555
0.774381
0.774298
0.774364
0.774042
0.773258
0.77241
0.772153
0.773072
0.77548
0.77909
0.78297
0.785758
0.78616
0.78345
0.777736
0.770057
0.762126
0.755921
0.753265
0.755354
0.762381
0.77358
0.787366
0.801854
0.815434
0.827122
0.83645
0.843226
0.847131
0.847774
0.844829
0.838457
0.829573
0.81979
0.810963
0.80465
0.801501
0.801118
0.802347
0.803762
0.804349
0.80374
0.802079
0.799721
0.797192
0.795282
0.794931
0.796782
0.800731
0.805853
0.810614
0.813332
0.812528
0.807266
0.797403
0.783717
0.768045
0.752892
0.740912
0.734146
0.733392
0.738023
0.746396
0.75634
0.765717
0.772902
0.777023
0.777903
0.776058
0.772654
0.769201
0.767278
0.768011
0.771729
0.777812
0.785142
0.792547
0.799187
0.804761
0.809139
0.812118
0.813383
0.812706
0.810224
0.806519
0.802426
0.798591
0.795004
0.790861
0.784878
0.776012
0.764134
0.750451
0.737317
0.72768
0.724116
0.727842
0.738382
0.753808
0.771359
0.788255
0.802493
0.81317
0.82042
0.824907
0.82721
0.827497
0.825704
0.821913
0.816667
0.810903
0.805652
0.801633
0.799004
0.797449
0.796467
0.795633
0.794779
0.794091
0.793881
0.794456
0.7959
0.797964
0.800127
0.801882
0.802951
0.803467
0.804031
0.805172
0.807012
0.809302
0.811592
0.813425
0.814469
0.81451
0.813543
0.811651
0.808786
0.804795
0.799664
0.794063
0.789503
0.787586
0.789025
0.792991
0.797797
0.801946
0.8048
0.806577
0.807953
0.809587
0.811916
0.815157
0.819454
0.824817
0.831017
0.837409
0.842916
0.846204
0.845874
0.840767
0.830195
0.814294
0.794081
0.771451
0.748815
0.728692
0.713405
0.704621
0.703028
0.708045
0.717955
0.730306
0.742685
0.753313
0.761326
0.766772
0.770488
0.773866
0.778279
0.784844
0.794073
0.805695
0.818644
0.831312
0.841788
0.848313
0.849657
0.845647
0.837184
0.826033
0.814335
0.804061
0.7967
0.793208
0.793844
0.798131
0.804958
0.812797
0.820158
0.825936
0.829463
0.830484
0.828935
0.824764
0.818067
0.809391
0.799813
0.790819
0.783675
0.779031
0.776805
0.776379
0.776903
0.777505
0.777568
0.776738
0.774973
0.77257
0.770145
0.768539
0.768542
0.77067
0.775074
0.781394
0.788832
0.796263
0.802447
0.806379
0.807694
0.806724
0.804298
0.801344
0.798663
0.796848
0.796435
0.797819
0.801027
0.805551
0.810314
0.814028
0.815643
0.814719
0.811451
0.806491
0.800609
0.794539
0.788859
0.783831
0.779373
0.775113
0.770769
0.766458
0.762693
0.760383
0.760455
0.763356
0.768745
0.775528
0.782222
0.787448
0.790538
0.791823
0.792394
0.79354
0.795985
0.799551
0.803417
0.806755
0.8092
0.810745
0.81152
0.811427
0.810225
0.80787
0.804878
0.802333
0.801516
0.803003
0.806232
0.809878
0.812778
0.814703
0.816533
0.819783
0.82571
0.834428
0.844386
0.852801
0.856817
0.854766
0.846629
0.833781
0.818285
0.80225
0.787317
0.774516
0.764327
0.756808
0.751614
0.748134
0.745869
0.744694
0.745058
0.747736
0.753389
0.762012
0.772659
0.783562
0.792579
0.797748
0.797955
0.793247
0.784815
0.774548
0.764441
0.756203
0.75119
0.75048
0.754886
0.764553
0.778744
0.795904
0.813965
0.830825
0.844686
0.854203
0.85836
0.856496
0.848416
0.834869
0.817877
0.800269
0.784525
0.771777
0.762236
0.756309
0.755119
0.759792
0.770463
0.78586
0.803624
0.820866
0.834767
0.843132
0.844661
0.839355
0.828606
0.814967
0.801514
0.791111
0.785649
0.785774
0.790868
0.79942
0.809422
0.818886
0.826247
0.830657
0.831838
0.829849
0.824815
0.816661
0.805419
0.791774
0.777526
0.765605
0.759348
0.761176
0.77169
0.789292
0.810714
0.831817
0.848588
0.857945
0.858152
0.849002
0.831794
0.809044
0.783992
0.759997
0.739899
0.725729
0.718621
0.718895
0.726242
0.739897
0.758545
0.780261
0.802682
0.823356
0.840109
0.851334
0.856093
0.8541
0.845789
0.832278
0.815206
0.796614
0.778654
0.763309
0.75221
0.746245
0.745374
0.748487
0.753762
0.759298
0.763635
0.766062
0.766626
0.766074
0.765581
0.766416
0.769531
0.77515
0.782612
0.790543
0.797204
0.800955
0.800614
0.795874
0.787541
0.777638
0.768863
0.763675
0.763309
0.767508
0.775183
0.784908
0.795078
0.804115
0.810727
0.814284
0.815069
0.814124
0.812833
0.812671
0.815006
0.82078
0.830144
0.842191
0.855045
0.866405
0.87416
0.876683
0.873051
0.862998
0.846891
0.825637
0.800542
0.773313
0.746056
0.721175
0.701173
0.688285
0.68402
0.688764
0.701332
0.719203
0.739122
0.758019
0.773811
0.785692
0.793841
0.798702
0.800612
0.799845
0.796808
0.79252
0.788735
0.78765
0.791008
0.799269
0.811242
0.824504
0.836275
0.844109
0.84625
0.841935
0.831375
0.815773
0.797077
0.777723
0.760258
0.747013
0.739626
0.738648
0.743389
0.7522
0.762969
0.773758
0.783469
0.792124
0.800682
0.810639
0.823267
0.838889
0.856119
0.87185
0.882347
0.884701
0.877669
0.861733
0.838815
0.811691
0.783599
0.757907
0.737717
0.725427
0.722278
0.728139
0.741449
0.759542
0.779184
0.797172
0.810949
0.819068
0.821298
0.818489
0.812239
0.804383
0.796566
0.789833
0.784528
0.780443
0.776952
0.773313
0.768956
0.763845
0.758579
0.754339
0.752446
0.753767
0.758136
0.76424
0.770166
0.774173
0.775446
0.774342
0.771945
0.769444
0.767568
0.766504
0.76633
0.767679
0.771865
0.780431
0.794131
0.812029
0.831666
0.850111
0.865116
0.875528
0.881194
0.882538
0.880194
0.87467
0.866362
0.855492
0.842271
0.827006
0.810254
0.792865
0.775834
0.760134
0.746605
0.735999
0.728955
0.725893
0.726813
0.731091
0.737576
0.744896
0.752096
0.758982
0.766032
0.773996
0.783374
0.79427
0.806367
0.819008
0.831144
0.841446
0.848577
0.85153
0.849809
0.843435
0.833022
0.819665
0.80498
0.790839
0.778999
0.770672
0.766354
0.765937
0.769153
0.775588
0.784394
0.794007
0.802424
0.807717
0.808614
0.804959
0.797755
0.788862
0.780583
0.775113
0.774125
0.778471
0.787943
0.801288
0.816593
0.831967
0.846127
0.858282
0.867914
0.874359
0.876769
0.874267
0.866289
0.853004
0.835394
0.81527
0.794981
0.777095
0.763921
0.757046
0.756666
0.761392
0.768556
0.775166
0.778987
0.778981
0.775317
0.768856
0.760596
0.751528
0.742428
0.73409
0.727253
0.72257
0.720568
0.721593
0.725659
0.732418
0.741182
0.751153
0.761629
0.772085
0.782338
0.792493
0.802696
0.812824
0.822363
0.830519
0.836582
0.84045
0.842661
0.844139
0.845925
0.848797
0.853069
0.858395
0.863889
0.868442
0.871105
0.871536
0.869853
0.86642
0.861354
0.854198
0.844265
0.831219
0.815516
0.798416
0.781446
0.765902
0.752807
0.743104
0.737747
0.737115
0.740534
0.746457
0.753301
0.760191
0.767112
0.774572
0.783195
0.793516
0.805485
0.818163
0.829567
0.837191
0.838914
0.833844
0.822685
0.80748
0.790678
0.774437
0.760074
0.748218
0.739181
0.733296
0.730926
0.732419
0.737776
0.746289
0.75657
0.767108
0.776906
0.785648
0.79333
0.799688
0.804233
0.806364
0.805874
0.803315
0.800084
0.798016
0.798846
0.803476
0.811608
0.821773
0.832035
0.840865
0.847576
0.852421
0.856059
0.85889
0.86064
0.860379
0.856938
0.849413
0.837689
0.822659
0.806127
0.790138
0.776374
0.765683
0.758215
0.753932
0.75277
0.754461
0.758319
0.763257
0.768091
0.771881
0.774093
0.774851
0.774874
0.775273
0.777046
0.780555
0.785397
0.790628
0.795321
0.798943
0.801437
0.802998
0.803756
0.803447
0.801378
0.796843
0.789534
0.779922
0.769314
0.759633
0.752607
0.748945
0.74812
0.748635
0.748943
0.748138
0.746497
0.745498
0.747308
0.753999
0.766672
0.785058
0.807588
0.831919
0.855538
0.876324
0.892713
0.903702
0.90881
0.907978
0.901573
0.890461
0.875997
0.859861
0.843779
0.829097
0.816537
0.806112
0.797329
0.78968
0.782849
0.77675
0.771464
0.766944
0.762884
0.758681
0.753231
0.745016
0.732774
0.716225
0.696528
0.676265
0.658926
0.648056
0.646529
0.655983
0.676339
0.70584
0.74132
0.778965
0.814992
0.846285
0.870735
0.88716
0.895339
0.895819
0.889983
0.879736
0.867136
0.854128
0.842162
0.832049
0.824018
0.81798
0.813743
0.811425
0.811413
0.814091
0.819276
0.825846
0.832035
0.835988
0.836226
0.832009
0.82328
0.810472
0.79454
0.776655
0.758139
0.740282
0.724325
0.711339
0.702084
0.697145
0.696771
0.700913
0.709227
0.721194
0.736186
0.753749
0.773456
0.794774
0.816782
0.838086
0.85692
0.871336
0.879603
0.880586
0.874082
0.861055
0.843646
0.824648
0.806932
0.792673
0.782658
0.776415
0.772876
0.771396
0.772181
0.776177
0.78412
0.795511
0.808295
0.819407
0.825945
0.826533
0.821845
0.814329
0.807063
0.802591
0.802315
0.806335
0.8136
0.822106
0.82933
0.832812
0.830543
0.821469
0.805715
0.784675
0.760933
0.737829
0.718639
0.705909
0.701173
0.704744
0.715754
0.732382
0.752185
0.772652
0.791898
0.809048
0.824071
0.837236
0.848409
0.856806
0.861259
0.860821
0.8553
0.845267
0.83167
0.815387
0.79715
0.777792
0.758907
0.743093
0.733211
0.73125
0.737496
0.750608
0.768324
0.78816
0.807833
0.825477
0.839705
0.849574
0.854743
0.85555
0.852992
0.848419
0.84306
0.837776
0.833007
0.828886
0.825409
0.82251
0.820054
0.818059
0.816849
0.816817
0.818068
0.820082
0.821691
0.821519
0.818433
0.811919
0.802308
0.790641
0.77834
0.766803
0.757081
0.749795
0.745185
0.743188
0.743464
0.745392
0.74816
0.750857
0.752693
0.753241
0.752622
0.751687
0.751897
0.754832
0.761673
0.772718
0.787119
0.803052
0.818208
0.830382
0.837958
0.840107
0.836978
0.829548
0.81939
0.808319
0.798144
0.790322
0.785863
0.78523
0.788238
0.794076
0.801304
0.808218
0.813166
0.814988
0.813106
0.807443
0.79834
0.786524
0.773185
0.760109
0.749516
0.743529
0.743273
0.748396
0.757374
0.768189
0.778919
0.787694
0.792656
0.792075
0.784976
0.771795
0.754426
0.735881
0.719543
0.708391
0.704584
0.709201
0.722186
0.742379
0.767655
0.795231
0.821996
0.84501
0.862024
0.871812
0.874269
0.870309
0.861387
0.849007
0.834423
0.818565
0.802233
0.786282
0.771782
0.759957
0.751843
0.747841
0.747474
0.749736
0.753973
0.760741
0.771254
0.785239
0.799544
0.809581
0.812183
0.806897
0.795674
0.781956
0.769719
0.762439
0.762076
0.768509
0.779963
0.793999
0.808347
0.821638
0.83348
0.843998
0.853019
0.85946
0.861562
0.857667
0.846949
0.82959
0.80669
0.779899
0.751226
0.723044
0.698213
0.68001
0.671517
0.67448
0.688459
0.711204
0.739675
0.770854
0.801936
0.830319
0.853708
0.870356
0.879267
0.880512
0.875109
0.864661
0.850903
0.835334
0.819274
0.804248
0.79192
0.783568
0.779639
0.779751
0.783188
0.789291
0.797471
0.806979
0.816662
0.824931
0.830175
0.831218
0.827624
0.819638
0.807827
0.792723
0.774798
0.754904
0.734609
0.7162
0.702115
0.694048
0.692434
0.696518
0.704922
0.716489
0.730662
0.7472
0.765543
0.784655
0.803301
0.82052
0.835685
0.848333
0.857842
0.86348
0.86452
0.860504
0.851308
0.837364
0.819879
0.800862
0.783147
0.769737
0.762836
0.762956
0.768904
0.778422
0.789076
0.798758
0.805913
0.809463
0.808835
0.804065
0.795883
0.785814
0.776016
0.768911
0.76648
0.76959
0.777621
0.78866
0.800235
0.810229
0.817456
0.821797
0.823894
0.824744
0.825289
0.826166
0.827732
0.829982
0.832532
0.834727
0.835784
0.834994
0.831983
0.826739
0.819565
0.810964
0.801397
0.791259
0.780919
0.770781
0.761237
0.752654
0.745268
0.739191
0.734421
0.730873
0.728375
0.726748
0.725855
0.725827
0.727199
0.730846
0.737601
0.748007
0.762113
0.779315
0.798302
0.817044
0.83321
0.844912
0.85133
0.852957
0.851334
0.84851
0.846243
0.845535
0.846585
0.848926
0.85192
0.854996
0.857684
0.859589
0.860447
0.860032
0.858188
0.854749
0.849578
0.842632
0.833986
0.82369
0.81177
0.798555
0.784767
0.771558
0.760068
0.750954
0.744008
0.738456
0.733616
0.729382
0.726266
0.725117
0.726768
0.731694
0.739856
0.750637
0.762846
0.774789
0.784584
0.790512
0.791345
0.786628
0.776818
0.76327
0.748054
0.733724
0.722875
0.717824
0.720183
0.730433
0.747729
0.770152
0.795073
0.819761
0.841799
0.859228
0.870722
0.875797
0.874878
0.86927
0.860723
0.850799
0.840358
0.829502
0.817987
0.80574
0.793147
0.780969
0.770152
0.761865
0.75746
0.75799
0.763454
0.772563
0.783245
0.793553
0.802321
0.809223
0.814473
0.818387
0.821214
0.823181
0.824562
0.82572
0.826883
0.828059
0.829049
0.829539
0.829072
0.827085
0.822823
0.815518
0.804635
0.790096
0.772477
0.753104
0.734025
0.717636
0.706115
0.700698
0.701357
0.707048
0.716351
0.728063
0.741503
0.756367
0.772371
0.788977
0.805225
0.819868
0.831807
0.840367
0.845488
0.847546
0.847168
0.844999
0.841545
0.837136
0.831943
0.826221
0.82049
0.815581
0.812267
0.810713
0.810234
0.809626
0.807799
0.804154
0.798617
0.791339
0.782548
0.772504
0.761706
0.751153
0.742343
0.736959
0.736191
0.740156
0.747768
0.757316
0.767146
0.776115
0.783673
0.789849
0.795015
0.799648
0.803837
0.807173
0.808781
0.807784
0.803805
0.797145
0.788799
0.78021
0.772892
0.768041
0.766404
0.76817
0.772974
0.779957
0.787821
0.795331
0.801795
0.807214
0.811953
0.816245
0.819933
0.822454
0.823305
0.822422
0.8203
0.817914
0.816504
0.81705
0.8199
0.824608
0.83018
0.835609
0.840214
0.843593
0.845419
0.845125
0.841794
0.834523
0.822679
0.806238
0.786129
0.764381
0.743801
0.727532
0.718297
0.717649
0.725647
0.74071
0.760261
0.781206
0.800511
0.815522
0.824309
0.825849
0.820071
0.807943
0.791587
0.774027
0.758913
0.749643
0.748221
0.75441
0.766024
0.780161
0.794428
0.80732
0.817946
0.825626
0.829945
0.830844
0.828739
0.824552
0.819544
0.814923
0.811629
0.810039
0.809906
0.810363
0.810211
0.808323
0.803972
0.797166
0.788552
0.779104
0.769774
0.761532
0.755577
0.753308
0.755715
0.762407
0.77132
0.779428
0.783954
0.78331
0.777453
0.767819
0.756931
0.747857
0.743393
0.745337
0.754007
0.768279
0.786266
0.806212
0.826766
0.846955
0.865735
0.88192
0.894457
0.902526
0.905455
0.902692
0.893928
0.879207
0.859178
0.835005
0.808291
0.78092
0.75496
0.732498
0.715459
0.705191
0.701975
0.704907
0.712472
0.723479
0.737447
0.754458
0.774533
0.79708
0.820759
0.843875
0.864763
0.882047
0.894845
0.902768
0.905826
0.904489
0.899523
0.891541
0.880969
0.867945
0.852523
0.834887
0.81539
0.794657
0.773623
0.753618
0.736338
0.723724
0.717494
0.71852
0.726404
0.739325
0.754467
0.768648
0.778924
0.78319
0.780579
0.771655
0.758437
0.743896
0.731324
0.723588
0.722569
0.728903
0.742067
0.760703
0.782775
0.805848
0.827356
0.844987
0.857066
0.86289
0.862708
0.857556
0.848961
0.838584
0.828035
0.818493
0.810593
0.804484
0.800048
0.797184
0.795913
0.796094
0.797024
0.797452
0.796131
0.79242
0.786715
0.780254
0.77473
0.771683
0.771947
0.775425
0.781236
0.78816
0.795093
0.801282
0.806311
0.810225
0.813396
0.816323
0.819362
0.822482
0.825228
0.826814
0.826545
0.824186
0.819803
0.813643
0.805871
0.796572
0.786145
0.775636
0.766639
0.76072
0.758755
0.760531
0.764833
0.769985
0.774448
0.777183
0.77776
0.776242
0.772896
0.767965
0.761742
0.754791
0.748292
0.743941
0.743547
0.748406
0.758775
0.773693
0.79113
0.808549
0.823526
0.834304
0.840018
0.840608
0.836784
0.829899
0.821772
0.814274
0.80889
0.806202
0.806009
0.807671
0.810413
0.813414
0.8158
0.816814
0.815895
0.81301
0.808555
0.80304
0.796907
0.790301
0.783212
0.775688
0.767968
0.760531
0.753995
0.748933
0.745898
0.745394
0.747934
0.753972
0.763668
0.776511
0.79102
0.804992
0.815979
0.822194
0.822963
0.818854
0.811142
0.801376
0.791015
0.781314
0.773341
0.767937
0.765656
0.766884
0.771782
0.780117
0.791166
0.803734
0.816324
0.827547
0.836321
0.841848
0.843676
0.841493
0.83511
0.824611
0.810545
0.794167
0.777501
0.763033
0.753067
0.749007
0.751003
0.758003
0.767982
0.778309
0.786348
0.790171
0.788885
0.782776
0.772896
0.760885
0.748544
0.737567
0.729381
0.724965
0.72484
0.729132
0.737554
0.749412
0.763521
0.778346
0.792164
0.803477
0.811257
0.815144
0.81536
0.812681
0.808324
0.803474
0.799213
0.796563
0.796667
0.800674
0.809118
0.82144
0.835926
0.850284
0.862485
0.871363
0.876707
0.87881
0.877772
0.87321
0.8645
0.851314
0.834061
0.814071
0.793438
0.774578
0.759899
0.751258
0.749711
0.755019
0.765539
0.778564
0.790995
0.80024
0.804862
0.804695
0.800601
0.79385
0.785655
0.776773
0.767628
0.758618
0.750386
0.743801
0.739784
0.738877
0.740951
0.745097
0.749971
0.754318
0.75757
0.75989
0.761962
0.764544
0.767982
0.771967
0.775793
0.778965
0.781764
0.785391
0.79141
0.800889
0.813752
0.828613
0.843013
0.854298
0.860213
0.859544
0.852245
0.839347
0.82257
0.80403
0.785977
0.770452
0.759001
0.752328
0.750469
0.752943
0.759041
0.767889
0.778265
0.788623
0.79728
0.802798
0.804351
0.802072
0.796848
0.790025
0.783262
0.778167
0.776129
0.777982
0.783664
0.792419
0.803005
0.813946
0.823817
0.831287
0.835204
0.834755
0.829716
0.820764
0.809316
0.797221
0.786343
0.778271
0.773976
0.773806
0.777358
0.783475
0.79039
0.796289
0.799892
0.800951
0.800175
0.798747
0.79762
0.797073
0.796788
0.796191
0.794795
0.79237
0.788941
0.784854
0.780811
0.777696
0.776165
0.7764
0.778163
0.780955
0.784061
0.786804
0.788808
0.790037
0.79063
0.790576
0.789438
0.786458
0.78106
0.773108
0.763081
0.751937
0.741001
0.731989
0.726649
0.726391
0.73182
0.74276
0.758425
0.77763
0.798801
0.819902
0.838525
0.852109
0.858451
0.85631
0.845863
0.828888
0.808515
0.788415
0.771642
0.759785
0.752899
0.750171
0.750584
0.753408
0.758257
0.765077
0.774036
0.785565
0.8001
0.81762
0.837137
0.856721
0.873736
0.885582
0.890454
0.887824
0.878502
0.86443
0.848201
0.832501
0.819546
0.810725
0.806531
0.806531
0.809515
0.81373
0.817235
0.818312
0.815864
0.809698
0.800576
0.789952
0.779319
0.769609
0.760947
0.752949
0.745329
0.738172
0.73199
0.727422
0.725143
0.725674
0.729173
0.735291
0.743043
0.751055
0.757991
0.763077
0.766474
0.769313
0.773306
0.779979
0.789859
0.801959
0.813962
0.822927
0.826318
0.822925
0.813158
0.798843
0.782607
0.767324
0.75582
0.750619
0.753568
0.765278
0.784882
0.810069
0.837567
0.863918
0.886063
0.901822
0.909992
0.910219
0.902903
0.888802
0.868896
0.844149
0.81567
0.785064
0.75485
0.728395
0.70941
0.700886
0.704181
0.718462
0.741087
0.768427
0.796709
0.82258
0.843244
0.85642
0.860548
0.855054
0.840608
0.819309
0.794486
0.770179
0.750368
0.738014
0.734192
0.738171
0.74816
0.762095
0.77813
0.794629
0.80986
0.821789
0.828128
0.826859
0.817175
0.800119
0.778862
0.758033
0.742497
0.73554
0.737662
0.74672
0.759183
0.771667
0.781853
0.788839
0.792937
0.795291
0.796997
0.798623
0.800138
0.801306
0.802007
0.802343
0.802693
0.80347
0.805032
0.807592
0.810978
0.814601
0.817661
0.819549
0.820213
0.820361
0.821156
0.823475
0.827282
0.831499
0.834508
0.834853
0.831919
0.826035
0.817751
0.807075
0.793424
0.776339
0.756221
0.734588
0.713696
0.695966
0.683421
0.677399
0.678269
0.685493
0.697694
0.712999
0.729391
0.745111
0.759087
0.771084
0.781487
0.790851
0.799517
0.80739
0.813977
0.818572
0.820777
0.820781
0.819422
0.81789
0.817264
0.818351
0.821569
0.826914
0.833881
0.841337
0.847798
0.851786
0.852342
0.84918
0.842621
0.833455
0.822564
0.810845
0.799229
0.788603
0.779853
0.773741
0.770592
0.770238
0.771845
0.774184
0.775937
0.77608
0.774032
0.769547
0.762595
0.753535
0.743477
0.734488
0.72923
0.729831
0.736919
0.749475
0.765558
0.783232
0.801274
0.818973
0.83554
0.84976
0.860204
0.865755
0.865923
0.861074
0.85225
0.84097
0.828888
0.817455
0.80786
0.800802
0.79643
0.794345
0.793779
0.793899
0.794082
0.794249
0.794891
0.796726
0.800144
0.804747
0.809319
0.812286
0.812316
0.808672
0.801286
0.790959
0.779352
0.768775
0.76154
0.759066
0.761334
0.766921
0.773518
0.778812
0.781166
0.779902
0.775316
0.768582
0.761614
0.7568
0.756536
0.762551
0.77539
0.794108
0.816484
0.839507
0.860173
0.876041
0.885391
0.887433
0.882374
0.87141
0.856503
0.840093
0.824647
0.8121
0.803525
0.799145
0.798357
0.800068
0.802853
0.805232
0.805945
0.80409
0.799356
0.792135
0.783404
0.774434
0.766436
0.760278
0.756415
0.755051
0.756106
0.759122
0.763209
0.766955
0.768781
0.767404
0.76239
0.754508
0.745724
0.738722
0.736069
0.73939
0.748881
0.763507
0.781742
0.802048
0.822967
0.842922
0.860183
0.873124
0.880315
0.880631
0.873199
0.857672
0.83507
0.808258
0.781845
0.761275
0.751123
0.75345
0.767239
0.788966
0.814023
0.837881
0.856819
0.868294
0.870868
0.864462
0.850373
0.830955
0.809133
0.787754
0.768935
0.753864
0.743048
0.736562
0.734293
0.73602
0.741219
0.748911
0.757789
0.766272
0.773013
0.777322
0.779299
0.779731
0.779766
0.780418
0.782266
0.785322
0.788882
0.791879
0.793156
0.791743
0.787156
0.779675
0.770489
0.761748
0.755995
0.755263
0.760298
0.770446
0.784045
0.799
0.813175
0.824778
0.832564
0.836045
0.835681
0.832613
0.828276
0.82385
0.820035
0.817098
0.814981
0.813311
0.811458
0.808589
0.803951
0.797398
0.789746
0.782612
0.777844
0.776696
0.779541
0.786002
0.795289
0.806279
0.817602
0.827639
0.834868
0.838148
0.836958
0.831391
0.822094
0.809967
0.796008
0.781183
0.766375
0.752446
0.740136
0.73003
0.722398
0.717214
0.714514
0.714677
0.718269
0.725575
0.736003
0.747941
0.759339
0.768636
0.77541
0.780396
0.785067
0.790935
0.798945
0.809204
0.821139
0.83401
0.847329
0.860886
0.874475
0.887483
0.898737
0.906775
0.910003
0.906947
0.896429
0.877814
0.851458
0.819458
0.786001
0.75677
0.737216
0.730358
0.73574
0.75021
0.769676
0.790513
0.810059
0.826504
0.838797
0.846443
0.84933
0.847647
0.841888
0.832905
0.821875
0.810131
0.798943
0.789222
0.78136
0.775069
0.769365
0.762873
0.754569
0.744278
0.733043
0.722845
0.716063
0.714659
0.719421
0.729599
0.743343
0.758413
0.772819
0.785242
0.795147
0.802614
0.808137
0.812303
0.815565
0.818066
0.819591
0.819756
0.81824
0.814864
0.809668
0.802788
0.794521
0.785292
0.775765
0.766945
0.760295
0.757701
0.760935
0.770787
0.786261
0.804598
0.822243
0.836102
0.84425
0.84606
0.842027
0.833422
0.822079
0.809968
0.798782
0.789631
0.783121
0.779646
0.779327
0.781745
0.78567
0.789498
0.79185
0.79212
0.790416
0.786907
0.78132
0.773174
0.762425
0.750084
0.738271
0.729605
0.726487
0.730227
0.740625
0.756105
0.774402
0.793297
0.811028
0.826211
0.83776
0.844811
0.846821
0.84376
0.836036
0.82454
0.810605
0.795885
0.782237
0.771535
0.765265
0.764052
0.767515
0.774489
0.783301
0.792105
0.799221
0.803399
0.804147
0.801999
0.798337
0.79506
0.793837
0.795566
0.800206
0.80698
0.814931
0.82319
0.830885
0.837003
0.840309
0.839639
0.834239
0.824067
0.809867
0.793282
0.776591
0.762313
0.752673
0.748987
0.751217
0.758093
0.767492
0.77702
0.784536
0.788458
0.787871
0.782605
0.773561
0.76307
0.754732
0.751998
0.756131
0.765527
0.777258
0.78894
0.799377
0.808298
0.815869
0.822516
0.828882
0.835522
0.842832
0.850739
0.858633
0.865552
0.870299
0.871831
0.869549
0.86341
0.853984
0.842293
0.829366
0.815942
0.802324
0.78858
0.774659
0.760486
0.746016
0.731277
0.716504
0.702255
0.68937
0.678904
0.672087
0.670081
0.673552
0.682348
0.695737
0.712947
0.733444
0.756437
0.780347
0.802951
0.822324
0.837581
0.849098
0.857963
0.865144
0.870695
0.873908
0.873873
0.870128
0.862873
0.852728
0.840293
0.825972
0.810143
0.793506
0.777403
0.763653
0.754165
0.750207
0.751878
0.757973
0.76635
0.774599
0.7807
0.783486
0.782669
0.778474
0.771397
0.762185
0.751736
0.741099
0.731405
0.723688
0.718867
0.717666
0.720559
0.727598
0.738235
0.751326
0.765382
0.778921
0.791005
0.801397
0.810417
0.818685
0.826769
0.834825
0.842602
0.849645
0.85558
0.860211
0.863538
0.865639
0.866339
0.865108
0.861089
0.853286
0.840939
0.823792
0.802464
0.778421
0.753653
0.730281
0.710236
0.69497
0.685224
0.680832
0.680682
0.683167
0.686671
0.690075
0.6931
0.696313
0.700845
0.707969
0.718758
0.733861
0.75331
0.776466
0.801912
0.827616
0.851247
0.870682
0.884558
0.892465
0.894962
0.893148
0.888308
0.881463
0.873279
0.86404
0.853692
0.841951
0.828623
0.813768
0.79784
0.781571
0.76576
0.751079
0.738005
0.726885
0.718209
0.712696
0.711193
0.714131
0.721251
0.731479
0.743184
0.754542
0.763929
0.770288
0.773316
0.773409
0.771563
0.769074
0.767317
0.767553
0.770724
0.777295
0.787237
0.79999
0.814616
0.829966
0.844806
0.85798
0.868683
0.876455
0.881173
0.882962
0.882034
0.878607
0.872983
0.865701
0.857316
0.848392
0.839189
0.829661
0.819364
0.807736
0.794475
0.779884
0.764938
0.751062
0.739659
0.73156
0.726597
0.723814
0.721924
0.71986
0.717049
0.713775
0.711105
0.710692
0.714353
0.723387
0.737926
0.756984
0.778727
0.800975
0.821685
0.8391
0.851858
0.859078
0.860478
0.856371
0.847645
0.835695
0.822334
0.809594
0.799282
0.792521
0.789318
0.788799
0.78969
0.790867
0.791524
0.791272
0.789982
0.787899
0.785521
0.78349
0.782508
0.783243
0.786083
0.790859
0.796783
0.802502
0.806662
0.808413
0.80768
0.805005
0.801222
0.797017
0.792518
0.787233
0.78026
0.770739
0.758341
0.743747
0.728805
0.716428
0.709896
0.711843
0.723205
0.742913
0.768358
0.796163
0.823027
0.846017
0.862631
0.870941
0.870049
0.860296
0.843398
0.822221
0.800271
0.781211
0.768156
0.762936
0.765495
0.773972
0.785305
0.796158
0.803724
0.806406
0.804207
0.798653
0.79245
0.788451
0.788711
0.793652
0.801999
0.811236
0.818551
0.821719
0.819712
0.812898
0.8028
0.791624
0.781602
0.774393
0.770854
0.771014
0.774238
0.779456
0.785451
0.791248
0.796315
0.800547
0.804046
0.806754
0.808459
0.808782
0.807411
0.804235
0.799869
0.795974
0.79495
0.798543
0.806393
0.81615
0.824829
0.830127
0.830951
0.827255
0.819748
0.809464
0.797341
0.784111
0.770445
0.757283
0.745721
0.736782
0.731098
0.72881
0.729577
0.732648
0.737203
0.742776
0.74959
0.758293
0.769376
0.782555
0.796606
0.809692
0.819928
0.825897
0.827051
0.823859
0.817643
0.81021
0.803357
0.798403
0.796026
0.796423
0.799388
0.804529
0.811283
0.818813
0.825864
0.83106
0.833179
0.831525
0.826015
0.817235
0.806446
0.795264
0.78533
0.77784
0.773301
0.771512
0.772053
0.77452
0.778617
0.783926
0.789754
0.795037
0.798473
0.798853
0.795229
0.787136
0.775047
0.760439
0.74536
0.731846
0.721392
0.714901
0.712817
0.715499
0.723155
0.73544
0.751097
0.768199
0.784897
0.80001
0.81307
0.824038
0.83294
0.839943
0.845517
0.850462
0.85552
0.860771
0.865538
0.868679
0.868998
0.865492
0.857632
0.845409
0.829383
0.810533
0.790175
0.769825
0.751276
0.73664
0.728149
0.727441
0.734579
0.747788
0.764149
0.780494
0.794287
0.804099
0.809621
0.811386
0.810458
0.80828
0.806498
0.80651
0.808929
0.813261
0.818252
0.822446
0.824626
0.823901
0.819793
0.812324
0.802226
0.790899
0.780366
0.772865
0.770306
0.773668
0.782545
0.795211
0.809025
0.821174
0.829355
0.832069
0.82868
0.819393
0.805232
0.788018
0.770236
0.754644
0.743591
0.738472
0.739459
0.745616
0.755302
0.766605
0.777723
0.787191
0.793935
0.797303
0.797162
0.794104
0.789397
0.784663
0.781338
0.780177
0.780955
0.782808
0.78465
0.785657
0.785377
0.783965
0.782111
0.78113
0.782695
0.788203
0.797868
0.810107
0.821897
0.83006
0.832727
0.829843
0.82282
0.813558
0.803395
0.792684
0.781142
0.76819
0.753532
0.737668
0.722279
0.710069
0.70381
0.705073
0.713667
0.728147
0.746681
0.767496
0.78884
0.808849
0.82568
0.83798
0.845317
0.848234
0.847927
0.845701
0.842708
0.839902
0.838144
0.838135
0.840103
0.843597
0.847423
0.849908
0.849521
0.845207
0.836667
0.824291
0.809055
0.792444
0.776466
0.763102
0.753695
0.748511
0.746925
0.748027
0.750926
0.754733
0.758598
0.761841
0.764169
0.765531
0.766061
0.76587
0.765073
0.76385
0.762497
0.761194
0.759975
0.758748
0.757456
0.756255
0.755683
0.756727
0.760523
0.767611
0.777443
0.788663
0.799976
0.810876
0.821536
0.832242
0.842959
0.853142
0.861866
0.868005
0.870476
0.8684
0.861309
0.849382
0.833552
0.815354
0.796733
0.779618
0.76539
0.754681
0.747313
0.742735
0.740446
0.740325
0.742443
0.746831
0.753232
0.760907
0.768763
0.775488
0.779966
0.781585
0.780351
0.776905
0.772196
0.767165
0.7627
0.759594
0.758653
0.760583
0.765709
0.773702
0.783612
0.794036
0.803397
0.810187
0.813277
0.812105
0.806948
0.798928
0.789667
0.780859
0.773814
0.769166
0.767039
0.76733
0.769896
0.774582
0.781072
0.788612
0.796068
0.802293
0.806638
0.809044
0.809937
0.809873
0.809188
0.808051
0.806806
0.806066
0.806701
0.809324
0.81393
0.819729
0.825402
0.829572
0.831214
0.829882
0.825723
0.819397
0.811819
0.803905
0.796412
0.789982
0.785232
0.782565
0.781909
0.782579
0.783303
0.78282
0.780601
0.77716
0.773891
0.772447
0.774159
0.779601
0.788525
0.799965
0.812343
0.823555
0.831164
0.833033
0.828053
0.816522
0.799949
0.780459
0.760228
0.741247
0.725341
0.714101
0.708523
0.708793
0.714229
0.723586
0.735344
0.748069
0.760566
0.772013
0.781932
0.790221
0.797317
0.8039
0.810325
0.816303
0.820849
0.822786
0.821344
0.816519
0.809226
0.80099
0.793423
0.787688
0.784271
0.783099
0.783924
0.786482
0.790549
0.795828
0.801817
0.807769
0.812733
0.815698
0.815782
0.81243
0.805527
0.795757
0.784538
0.773743
0.76526
0.760482
0.75999
0.763453
0.769901
0.778018
0.786462
0.79412
0.800124
0.803839
0.804989
0.803958
0.801925
0.800707
0.802006
0.806406
0.812979
0.819765
0.824834
0.82715
0.826953
0.825522
0.824539
0.825207
0.827576
0.830707
0.8331
0.833419
0.831052
0.826433
0.820939
0.816412
0.814341
0.815194
0.818049
0.821128
0.822609
0.82137
0.817056
0.809797
0.799827
0.787441
0.773271
0.758782
0.746173
0.737831
0.735406
0.739307
0.748646
0.761804
0.776836
0.791854
0.80522
0.815619
0.822212
0.824613
0.822991
0.818134
0.811522
0.805084
0.800356
0.79764
0.795989
0.793889
0.790335
0.78533
0.779568
0.773581
0.767124
0.759181
0.748903
0.736464
0.723402
0.712241
0.705582
0.705306
0.711927
0.724512
0.74122
0.759994
0.779283
0.798103
0.815754
0.831513
0.844445
0.853602
0.858327
0.858383
0.853979
0.845627
0.833986
0.81986
0.804113
0.78808
0.773471
0.762412
0.757018
0.758743
0.767608
0.781784
0.798138
0.81342
0.825333
0.832916
0.83652
0.837377
0.837082
0.836975
0.837594
0.838601
0.839094
0.838064
0.83465
0.828227
0.818327
0.804556
0.786936
0.766226
0.744257
0.723752
0.707581
0.697987
0.696097
0.701767
0.713897
0.730612
0.749451
0.767695
0.782864
0.793212
0.798194
0.798461
0.795644
0.791655
0.788011
0.785572
0.784621
0.785072
0.786749
0.789508
0.793297
0.798314
0.804784
0.812764
0.821922
0.831449
0.840306
0.847465
0.852017
0.853352
0.85118
0.845482
0.836536
0.824693
0.81027
0.793643
0.775356
0.756334
0.73783
0.721374
0.708566
0.700957
0.699985
0.706826
0.722223
0.746042
0.777008
0.812602
0.849404
0.883538
0.911366
0.930198
0.938691
0.937023
0.926657
0.909642
0.888113
0.863758
0.837801
0.811146
0.784526
0.758802
0.735068
0.714734
0.699207
0.68948
0.685642
0.686839
0.691532
0.697959
0.704743
0.711174
0.717273
0.723556
0.730607
0.738795
0.748115
0.75825
0.768619
0.778382
0.786717
0.79314
0.797658
0.800678
0.802649
0.803881
0.80461
0.805218
0.80647
0.80932
0.814573
0.822399
0.831981
0.841733
0.849743
0.854305
0.854352
0.849596
0.840486
0.82814
0.814165
0.800307
0.787757
0.776521
0.765707
0.754804
0.744732
0.737916
0.736896
0.74257
0.753344
0.765955
0.777143
0.784942
0.789062
0.790578
0.791423
0.793713
0.799067
0.808026
0.819817
0.832535
0.843803
0.851605
0.854782
0.853341
0.848314
0.841195
0.833192
0.824874
0.816157
0.806607
0.795815
0.783632
0.770322
0.756939
0.745481
0.738285
0.737264
0.743013
0.754732
0.770817
0.78925
0.807981
0.825075
0.838945
0.848372
0.852533
0.850905
0.843331
0.829945
0.8112
0.787911
0.76141
0.733716
0.707458
0.68549
0.670349
0.663698
0.666188
0.677572
0.696753
0.721877
0.75066
0.780693
0.809921
0.836778
0.860192
0.87932
0.893361
0.901455
0.902735
0.896504
0.882494
0.861278
0.834727
0.806156
0.779815
0.759664
0.748429
0.747366
0.756387
0.774011
0.797084
0.821253
0.841971
0.85585
0.861221
0.857986
0.847283
0.831096
0.811855
0.792256
0.774929
0.762021
0.754781
0.753358
0.756988
0.764313
0.773893
0.784603
0.795596
0.806261
0.816114
0.824744
0.831961
0.837674
0.841645
0.843332
0.841838
0.836123
0.825439
0.80973
0.789934
0.767891
0.746011
0.726838
0.712532
0.704471
0.702929
0.707135
0.715655
0.726891
0.739362
0.752006
0.763999
0.774601
0.783068
0.788584
0.790521
0.788839
0.784281
0.778287
0.772556
0.768585
0.767134
0.768112
0.770856
0.774461
0.778298
0.78228
0.786873
0.792908
0.801034
0.811219
0.82243
0.832809
0.840199
0.842651
0.839098
0.829724
0.816194
0.801425
0.78865
0.780452
0.777722
0.779324
0.782575
0.78453
0.78319
0.778323
0.771249
0.76385
0.757796
0.753927
0.752338
0.752727
0.75482
0.758723
0.764598
0.772145
0.780306
0.787517
0.792389
0.794342
0.79366
0.791161
0.788114
0.786252
0.787581
0.793696
0.804812
0.819216
0.833793
0.845496
0.852586
0.855098
0.85394
0.84973
0.842584
0.83268
0.820894
0.808755
0.797801
0.789053
0.782924
0.779502
0.779079
0.782151
0.788956
0.798886
0.810225
0.820767
0.828844
0.833784
0.835875
0.835816
0.834271
0.831669
0.828158
0.823494
0.817208
0.808976
0.798991
0.787929
0.776747
0.766327
0.757377
0.750671
0.747149
0.747653
0.752478
0.760957
0.771384
0.781553
0.789644
0.795017
0.798184
0.800065
0.801195
0.801388
0.800048
0.796669
0.790976
0.782848
0.772265
0.759545
0.745429
0.731245
0.718907
0.710345
0.70697
0.709307
0.716986
0.728972
0.743847
0.760109
0.776405
0.791762
0.805592
0.817736
0.828186
0.836915
0.843671
0.848049
0.849753
0.848694
0.84516
0.839762
0.833352
0.826786
0.820788
0.815817
0.812137
0.809866
0.808734
0.80831
0.80816
0.808036
0.807907
0.807726
0.807355
0.806419
0.8044
0.800757
0.795052
0.787039
0.77677
0.764655
0.751507
0.738287
0.725983
0.715317
0.706703
0.700365
0.696615
0.696087
0.699687
0.708293
0.722332
0.741344
0.763878
0.78777
0.810611
0.830307
0.845534
0.855949
0.862198
0.865511
0.867151
0.867803
0.867352
0.8652
0.860763
0.853774
0.844486
0.833656
0.822388
0.811821
0.802835
0.795835
0.790686
0.786804
0.783491
0.78011
0.776229
0.771692
0.766625
0.761571
0.757495
0.755776
0.757895
0.764813
0.776396
0.791199
0.806837
0.820885
0.831572
0.838115
0.840412
0.838732
0.833244
0.824125
0.811746
0.797082
0.78184
0.768283
0.758765
0.755133
0.758167
0.767106
0.779857
0.793577
0.805519
0.813582
0.816633
0.814621
0.808302
0.799182
0.789213
0.780467
0.774552
0.771922
0.771902
0.773146
0.77453
0.775671
0.776817
0.778513
0.781099
0.784297
0.787347
0.789683
0.791248
0.7925
0.794152
0.796672
0.800044
0.803703
0.806757
0.808198
0.807235
0.803465
0.796927
0.788166
0.778201
0.768339
0.759975
0.754331
0.752197
0.753847
0.759104
0.767538
0.778523
0.79139
0.805446
0.819978
0.834428
0.848061
0.859639
0.867224
0.868579
0.862092
0.84747
0.826248
0.801683
0.778181
0.760083
0.750359
0.74971
0.756617
0.768408
0.782244
0.796005
0.808419
0.818865
0.826943
0.832183
0.833954
0.831814
0.825672
0.816049
0.804168
0.791741
0.780561
0.77199
0.76641
0.76315
0.76084
0.757941
0.753519
0.747592
0.741289
0.736753
0.736503
0.742412
0.754789
0.772041
0.791295
0.809338
0.823429
0.831739
0.833509
0.828986
0.81921
0.805686
0.790048
0.773783
0.758137
0.744199
0.732814
0.724601
0.719916
0.71888
0.721458
0.727725
0.737695
0.750927
0.766143
0.78145
0.794957
0.805475
0.81288
0.817834
0.821389
0.824583
0.828066
0.832024
0.836078
0.839377
0.840951
0.84004
0.83642
0.830566
0.823519
0.816505
0.810622
0.806575
0.804675
0.805094
0.80781
0.812493
0.818344
0.824172
0.828647
0.830696
0.829798
0.826029
0.819972
0.812398
0.80402
0.795281
0.78631
0.777273
0.768875
0.762352
0.759141
0.760124
0.765181
0.773098
0.781946
0.789551
0.793763
0.792892
0.78631
0.774831
0.760885
0.748065
0.740077
0.739574
0.747087
0.760895
0.777703
0.79382
0.806208
0.813073
0.813937
0.809345
0.800503
0.789045
0.776921
0.766207
0.758935
0.757444
0.764861
0.784074
0.814818
0.851669
0.886557
0.913078
0.928226
0.931672
0.924366
0.908004
0.884842
0.857697
0.829817
0.804457
0.784312
0.770777
0.763555
0.760808
0.759853
0.758204
0.754665
0.749645
0.745013
0.743195
0.746186
0.75475
0.768193
0.784477
0.800847
0.814518
0.823362
0.826347
0.823721
0.817277
0.809734
0.803764
0.800947
0.801253
0.803338
0.80555
0.806659
0.806095
0.803789
0.799891
0.794533
0.787751
0.77965
0.770564
0.761228
0.752988
0.747581
0.746567
0.750851
0.760347
0.773916
0.789773
0.806023
0.820984
0.833379
0.842273
0.847036
0.847373
0.843459
0.836045
0.826393
0.816028
0.806303
0.798197
0.791998
0.787266
0.783096
0.778714
0.773916
0.769274
0.765696
0.764137
0.765099
0.768557
0.774021
0.780612
0.787151
0.792445
0.795458
0.795488
0.792472
0.787306
0.781769
0.778132
0.778382
0.783463
0.793008
0.805657
0.819519
0.832754
0.843825
0.851551
0.855045
0.85362
0.846722
0.834
0.815474
0.791697
0.763931
0.73426
0.705483
0.680573
0.662135
0.651899
0.650492
0.657719
0.672528
0.693286
0.717859
0.743911
0.769249
0.792152
0.811553
0.827101
0.839098
0.848296
0.855677
0.862123
0.868015
0.873175
0.876843
0.877992
0.875703
0.869539
0.859746
0.847252
0.833379
0.819512
0.806699
0.79552
0.786204
0.778973
0.774319
0.773016
0.775674
0.782208
0.791358
0.800724
0.807415
0.808949
0.804138
0.793571
0.779565
0.765154
0.752867
0.744026
0.738846
0.737224
0.739217
0.744847
0.753852
0.765172
0.77705
0.78737
0.794039
0.795492
0.791113
0.781452
0.767856
0.751948
0.735251
0.71916
0.705227
0.695191
0.690835
0.693486
0.703518
0.720301
0.742201
0.76701
0.792535
0.817022
0.839283
0.858522
0.874138
0.885606
0.892453
0.894412
0.89148
0.884064
0.873082
0.860039
0.846862
0.835405
0.826831
0.8211
0.816968
0.812516
0.805873
0.796036
0.782942
0.767223
0.749877
0.732286
0.716313
0.704531
0.700173
0.706252
0.7241
0.752115
0.785783
0.819118
0.846421
0.863546
0.868313
0.860444
0.841493
0.814602
0.784412
0.756391
0.735813
0.726486
0.729653
0.743682
0.7649
0.788915
0.811795
0.830818
0.844542
0.852425
0.854397
0.850808
0.842291
0.82983
0.814854
0.799154
0.784668
0.773282
0.766524
0.765144
0.768882
0.776354
0.785335
0.793439
0.798891
0.801009
0.800296
0.798147
0.796074
0.795204
0.79586
0.797644
0.799788
0.801516
0.802368
0.802225
0.801089
0.798971
0.7958
0.791491
0.786064
0.779679
0.772707
0.765694
0.759349
0.754485
0.75182
0.751903
0.755091
0.761718
0.772003
0.785493
0.800408
0.813697
0.82224
0.82422
0.819678
0.81023
0.798488
0.787247
0.778812
0.774332
0.773868
0.77661
0.781395
0.78713
0.792908
0.798116
0.802347
0.805555
0.807886
0.809536
0.810517
0.810579
0.809247
0.805927
0.800041
0.791262
0.7798
0.766526
0.752883
0.740604
0.731604
0.727774
0.730782
0.741573
0.759522
0.78198
0.804807
0.823791
0.835956
0.84025
0.837505
0.829865
0.819955
0.809953
0.801187
0.794014
0.787979
0.782197
0.775604
0.767489
0.758062
0.74859
0.741143
0.737912
0.740571
0.749896
0.765674
0.786685
0.810687
0.834774
0.856022
0.872309
0.882595
0.886869
0.886079
0.881918
0.876357
0.87086
0.865959
0.860862
0.853975
0.843535
0.828621
0.809886
0.789619
0.771089
0.757446
0.750732
0.751393
0.75817
0.768549
0.779683
0.789385
0.796399
0.800219
0.800699
0.797875
0.791889
0.783071
0.772186
0.760371
0.748925
0.739001
0.731329
0.726306
0.724244
0.725567
0.730713
0.739917
0.752911
0.76865
0.78538
0.80103
0.813701
0.822032
0.825328
0.823573
0.81721
0.807013
0.793863
0.778778
0.763054
0.748314
0.736533
0.7296
0.728872
0.73469
0.746185
0.761567
0.778755
0.795995
0.812137
0.826618
0.839319
0.850322
0.859663
0.867113
0.872303
0.874818
0.874274
0.870585
0.86395
0.854742
0.843554
0.83095
0.817452
0.803486
0.789456
0.775757
0.76276
0.750769
0.73992
0.730297
0.722114
0.715874
0.712362
0.712469
0.716936
0.726085
0.739661
0.756809
0.776158
0.796092
0.814937
0.831191
0.843676
0.851624
0.854689
0.853057
0.84742
0.83894
0.829049
0.819149
0.810094
0.801819
0.79354
0.784295
0.773774
0.762694
0.752487
0.744663
0.740016
0.738415
0.73919
0.741912
0.746791
0.754673
0.766539
0.782724
0.802386
0.823321
0.842371
0.856378
0.863237
0.862554
0.855695
0.845274
0.834246
0.824955
0.818851
0.816457
0.817405
0.820467
0.823757
0.825059
0.822292
0.814118
0.80028
0.781642
0.759953
0.737506
0.716677
0.699606
0.687953
0.682944
0.685323
0.695287
0.712307
0.734868
0.760516
0.78625
0.809332
0.827835
0.840766
0.847974
0.849873
0.84714
0.840563
0.830966
0.819386
0.807018
0.795209
0.785265
0.778271
0.774918
0.775436
0.77956
0.786712
0.795912
0.805911
0.815278
0.822694
0.827255
0.828603
0.827053
0.823325
0.818369
0.813208
0.808632
0.805167
0.802928
0.801737
0.80153
0.802539
0.805148
0.809662
0.815802
0.822737
0.829162
0.833603
0.834752
0.831911
0.825208
0.815428
0.803699
0.791059
0.778298
0.765994
0.754642
0.744819
0.737035
0.731487
0.7281
0.726584
0.726645
0.728163
0.731304
0.736362
0.743453
0.752264
0.762133
0.772206
0.781748
0.79031
0.797856
0.804649
0.811087
0.817537
0.824085
0.830418
0.835964
0.84019
0.842864
0.844085
0.843966
0.842228
0.838162
0.830968
0.82055
0.808084
0.796132
0.787909
0.785662
0.789375
0.796717
0.804423
0.809819
0.811537
0.809643
0.805288
0.800096
0.795506
0.792177
0.789893
0.787921
0.785523
0.78248
0.779142
0.776429
0.77537
0.776622
0.780131
0.78499
0.789866
0.793409
0.794949
0.794783
0.794098
0.794378
0.796489
0.800213
0.804647
0.809009
0.813
0.816694
0.820084
0.822804
0.824108
0.823207
0.819673
0.813581
0.805473
0.796303
0.787247
0.779524
0.773804
0.769927
0.766923
0.763741
0.759976
0.756358
0.754479
0.756081
0.76203
0.771813
0.783634
0.794977
0.803374
0.807003
0.805132
0.798051
0.786821
0.772979
0.758292
0.744901
0.735245
0.731686
0.735964
0.748477
0.767961
0.791702
0.816161
0.83768
0.853034
0.859848
0.856855
0.844142
0.823257
0.796951
0.768758
0.742373
0.720987
0.706763
0.70081
0.703257
0.71324
0.728918
0.747565
0.766002
0.781173
0.790936
0.794515
0.792691
0.787469
0.781422
0.77693
0.775426
0.77705
0.780766
0.784958
0.788275
0.790295
0.791643
0.793686
0.797946
0.80551
0.816793
0.831368
0.847962
0.864718
0.879409
0.889863
0.894518
0.892721
0.884843
0.87233
0.857238
0.841699
0.827487
0.815638
0.806394
0.799418
0.79404
0.789647
0.785822
0.782505
0.77996
0.778584
0.778522
0.779333
0.779958
0.779176
0.7761
0.770589
0.763472
0.756506
0.751881
0.751403
0.75589
0.764773
0.776548
0.789226
0.800692
0.80913
0.813207
0.812392
0.80711
0.798613
0.788729
0.779481
0.772626
0.769241
0.769578
0.773244
0.779298
0.786443
0.793151
0.797854
0.799277
0.796757
0.790513
0.781842
0.772853
0.765858
0.762391
0.762709
0.766079
0.771494
0.778113
0.785424
0.792933
0.799907
0.805453
0.808681
0.809147
0.807013
0.803046
0.798314
0.793943
0.790921
0.789983
0.79173
0.796637
0.804927
0.816455
0.830484
0.845803
0.860918
0.874412
0.88502
0.89177
0.893725
0.890194
0.880999
0.866875
0.849593
0.831516
0.814775
0.800436
0.788425
0.778049
0.768744
0.760565
0.754213
0.750531
0.750024
0.752591
0.757534
0.763754
0.770049
0.775326
0.778722
0.779807
0.778643
0.775719
0.771812
0.767779
0.764539
0.762866
0.763143
0.765235
0.768405
0.771588
0.773588
0.773462
0.770836
0.765922
0.759533
0.752832
0.747042
0.743077
0.741376
0.741852
0.744186
0.748138
0.753889
0.761953
0.772781
0.786405
0.802262
0.81915
0.8353
0.848602
0.857031
0.859197
0.854854
0.845099
0.832003
0.817898
0.80457
0.793063
0.783841
0.776926
0.772055
0.76879
0.766834
0.766169
0.767162
0.770576
0.777389
0.788455
0.803859
0.822487
0.84204
0.859711
0.873017
0.880503
0.881889
0.877928
0.869778
0.858543
0.845121
0.830433
0.815591
0.801987
0.791101
0.783998
0.78105
0.781668
0.784293
0.787
0.788579
0.789207
0.790243
0.793312
0.799237
0.807598
0.816958
0.82544
0.83123
0.833022
0.830334
0.823482
0.813283
0.800789
0.787027
0.773185
0.760631
0.750868
0.745313
0.744766
0.748942
0.756399
0.764932
0.772308
0.776939
0.77813
0.776089
0.771744
0.766502
0.761859
0.75889
0.757708
0.757486
0.756931
0.754928
0.751116
0.745959
0.740719
0.737143
0.737077
0.742149
0.753274
0.77049
0.792699
0.817923
0.843575
0.866987
0.885952
0.898881
0.904963
0.904244
0.89731
0.885189
0.869051
0.850266
0.830432
0.811355
0.794752
0.781857
0.772978
0.7673
0.763359
0.759864
0.756182
0.752362
0.748852
0.746302
0.745331
0.746409
0.749822
0.755629
0.763757
0.773981
0.785743
0.798215
0.810289
0.820859
0.829114
0.83472
0.837835
0.839041
0.839149
0.838987
0.839111
0.839473
0.839495
0.83825
0.834986
0.829568
0.822584
0.815071
0.807954
0.801566
0.795818
0.7904
0.784934
0.77913
0.772716
0.765592
0.757903
0.750074
0.742887
0.73723
0.733789
0.732847
0.734215
0.737262
0.741173
0.745156
0.748557
0.750821
0.751633
0.751028
0.749404
0.747423
0.745897
0.74567
0.747416
0.75143
0.757581
0.765287
0.773747
0.782065
0.789523
0.795864
0.801467
0.807266
0.814459
0.823909
0.835627
0.848565
0.860965
0.870808
0.876242
0.875969
0.869549
0.857532
0.841346
0.822827
0.803452
0.78401
0.764743
0.746034
0.72901
0.71572
0.708757
0.710375
0.721393
0.740299
0.76356
0.786878
0.806473
0.819971
0.82657
0.826838
0.822631
0.816697
0.811944
0.810632
0.813569
0.820035
0.828318
0.836355
0.842352
0.84494
0.84331
0.837304
0.827405
0.814778
0.800994
0.787545
0.775362
0.76483
0.756008
0.748937
0.743866
0.741309
0.742054
0.746887
0.7563
0.770214
0.787696
0.806868
0.825282
0.840615
0.851272
0.856478
0.855956
0.849886
0.838841
0.824095
0.807492
0.791151
0.777078
0.766808
0.76134
0.761248
0.766612
0.776927
0.790898
0.806473
0.821081
0.832325
0.83848
0.838778
0.833317
0.82299
0.809257
0.794006
0.779448
0.767845
0.760909
0.759456
0.763232
0.771024
0.781236
0.792412
0.803452
0.813563
0.822
0.828085
0.831191
0.831176
0.828616
0.824677
0.820784
0.818165
0.81728
0.817641
0.817958
0.816739
0.812824
0.80589
0.79652
0.785595
0.773636
0.760558
0.746117
0.730824
0.716454
0.70588
0.702154
0.707169
0.720641
0.739881
0.760728
0.778947
0.791528
0.79716
0.796192
0.790192
0.781297
0.771631
0.762769
0.755372
0.749268
0.744003
0.739566
0.736997
0.738109
0.744679
0.757449
0.775505
0.796551
0.817832
0.837148
0.853246
0.865744
0.874643
0.879797
0.88072
0.876751
0.867395
0.852733
0.833796
0.812652
0.792172
0.775548
0.765426
0.763027
0.767598
0.776875
0.787953
0.798062
0.805194
0.808307
0.807233
0.802441
0.794815
0.78545
0.775914
0.768034
0.763411
0.762716
0.765362
0.76986
0.774528
0.778044
0.779977
0.780962
0.782592
0.787013
0.795758
0.808671
0.823723
0.837781
0.847834
0.852003
0.850055
0.843351
0.834299
0.825312
0.817652
0.810968
0.803974
0.795488
0.785196
0.773852
0.762963
0.754277
0.749166
0.748297
0.75179
0.759425
0.770651
0.784614
0.800057
0.815459
0.829158
0.839611
0.845496
0.845848
0.840321
0.829281
0.813902
0.796028
0.778048
0.762254
0.750163
0.742008
0.736989
0.734053
0.732794
0.733577
0.736999
0.743211
0.75159
0.76078
0.769061
0.774898
0.777561
0.777306
0.775354
0.773508
0.7735
0.776399
0.782306
0.790316
0.79886
0.806316
0.811462
0.813722
0.813282
0.810897
0.807664
0.804686
0.802676
0.801939
0.802347
0.803675
0.805852
0.809042
0.813222
0.817728
0.820963
0.820808
0.815459
0.804368
0.788866
0.772107
0.758272
0.751048
0.752111
0.76053
0.773383
0.786933
0.7979
0.804264
0.805529
0.802654
0.797346
0.791357
0.785974
0.782122
0.780939
0.783878
0.79191
0.804502
0.819615
0.834597
0.847177
0.855718
0.859212
0.857054
0.849119
0.835923
0.818637
0.799124
0.779591
0.762151
0.748337
0.738849
0.733484
0.731358
0.731279
0.732353
0.734367
0.737728
0.742965
0.750331
0.759503
0.769713
0.779924
0.789015
0.796121
0.800843
0.803265
0.803963
0.80397
0.804618
0.807145
0.81206
0.818661
0.82535
0.830418
0.832732
0.8319
0.828017
0.821542
0.813236
0.804121
0.795158
0.787002
0.779843
0.773546
0.767963
0.763162
0.759295
0.756471
0.754736
0.754203
0.75511
0.757564
0.761459
0.766373
0.77192
0.777976
0.784892
0.793336
0.803774
0.815947
0.828716
0.84037
0.849105
0.853639
0.85338
0.848344
0.839008
0.826297
0.811403
0.795846
0.781448
0.770067
0.76319
0.761566
0.764886
0.771894
0.780751
0.789564
0.796862
0.801921
0.804755
0.805841
0.805668
0.804286
0.801171
0.795471
0.786642
0.775
0.761979
0.749793
0.740623
0.735904
0.736136
0.741228
0.751088
0.765785
0.785119
0.808144
0.832798
0.856186
0.875155
0.887034
0.890289
0.884668
0.871085
0.851379
0.828194
0.804597
0.783798
0.768682
0.761375
0.762883
0.772822
0.789433
0.809893
0.830851
0.848972
0.86169
0.86753
0.866152
0.858042
0.844151
0.825507
0.80319
0.778367
0.752706
0.728525
0.708452
0.694566
0.687678
0.687137
0.691471
0.699395
0.710161
0.723314
0.738234
0.753852
0.768859
0.782114
0.792861
0.800769
0.805751
0.808004
0.807954
0.8062
0.803414
0.800214
0.79691
0.793428
0.789428
0.78461
0.779018
0.773208
0.768313
0.765775
0.766953
0.772778
0.783344
0.797705
0.814044
0.83004
0.843643
0.853566
0.859636
0.86251
0.863214
0.862745
0.861775
0.860635
0.859336
0.857625
0.855075
0.851103
0.845049
0.836465
0.825505
0.813282
0.801775
0.793017
0.788048
0.786197
0.78562
0.78437
0.781218
0.775674
0.767928
0.75859
0.748611
0.739133
0.73131
0.726118
0.724113
0.725326
0.729182
0.734713
0.740795
0.746326
0.750452
0.752572
0.752471
0.75035
0.747018
0.744041
0.743622
0.74784
0.757644
0.772298
0.789624
0.806996
0.822141
0.833659
0.841067
0.844655
0.845175
0.843511
0.840448
0.836539
0.832092
0.827262
0.822106
0.816648
0.810899
0.804779
0.798059
0.790402
0.781532
0.771496
0.76104
0.751756
0.745893
0.745678
0.752357
0.765541
0.783272
0.802808
0.821606
0.838249
0.852789
0.866104
0.878165
0.887191
0.890691
0.887255
0.87717
0.862222
0.844889
0.82773
0.812908
0.801846
0.795057
0.792291
0.792697
0.795039
0.798019
0.80063
0.802461
0.803571
0.804095
0.803832
0.802026
0.7976
0.789627
0.777687
0.76199
0.743464
0.723785
0.705294
0.690664
0.682222
0.681138
0.68711
0.698601
0.713491
0.729824
0.746114
0.761339
0.774865
0.786227
0.795103
0.80132
0.804902
0.806108
0.805338
0.803123
0.799874
0.795869
0.791168
0.785669
0.77914
0.771362
0.762448
0.752903
0.74366
0.735936
0.730977
0.729686
0.73258
0.739855
0.751551
0.767574
0.787503
0.810245
0.834064
0.856973
0.876919
0.892002
0.900668
0.901785
0.894912
0.880537
0.86037
0.837225
0.814363
0.794463
0.778683
0.766805
0.757905
0.75116
0.746659
0.745543
0.749625
0.760183
0.776589
0.795814
0.813262
0.824392
0.826271
0.818544
0.803366
0.784688
0.766843
0.753385
0.746232
0.745529
0.75043
0.759993
0.773573
0.790473
0.809358
0.828157
0.844337
0.855575
0.860221
0.857928
0.849956
0.83909
0.828552
0.820403
0.814524
0.8093
0.803221
0.795782
0.787559
0.779532
0.772415
0.766407
0.761315
0.756928
0.753356
0.751139
0.751126
0.754132
0.760547
0.77002
0.781485
0.793397
0.804198
0.812801
0.818842
0.82255
0.824362
0.824559
0.823215
0.82031
0.815964
0.81051
0.804465
0.798513
0.793344
0.789619
0.787877
0.788517
0.791511
0.79631
0.801934
0.807361
0.811926
0.815383
0.817829
0.819329
0.819706
0.818614
0.815759
0.811099
0.804724
0.796708
0.787152
0.776182
0.764337
0.752689
0.742695
0.735746
0.732826
0.7344
0.74062
0.751264
0.765485
0.782088
0.799799
0.817437
0.833912
0.848035
0.85859
0.864465
0.86481
0.859309
0.848184
0.83227
0.813184
0.793434
0.776131
0.764206
0.759533
0.762296
0.771131
0.783882
0.798195
0.812023
0.82374
0.832005
0.835796
0.834453
0.827805
0.816338
0.801332
0.785098
0.770814
0.761739
0.76003
0.765867
0.777416
0.791677
0.805708
0.817313
0.825176
0.828814
0.828266
0.824006
0.816833
0.807695
0.797576
0.787531
0.778535
0.771269
0.765953
0.76238
0.76012
0.758718
0.757867
0.75758
0.758261
0.760556
0.765083
0.772141
0.781339
0.791468
0.800707
0.807074
0.809089
0.806157
0.798608
0.787468
0.773948
0.759354
0.745147
0.733243
0.726027
0.725836
0.734106
0.750795
0.774136
0.800978
0.827357
0.849268
0.863346
0.867496
0.861313
0.846339
0.825807
0.804054
0.785186
0.771631
0.763552
0.759728
0.758812
0.759943
0.762846
0.767441
0.773659
0.78132
0.789998
0.798906
0.80695
0.812898
0.815761
0.815024
0.810888
0.804165
0.796128
0.78818
0.781505
0.777103
0.77567
0.777459
0.782151
0.788738
0.795758
0.801605
0.804822
0.804332
0.79969
0.791205
0.780028
0.76798
0.757419
0.750887
0.750501
0.756968
0.768994
0.783682
0.797582
0.807708
0.812283
0.810944
0.804587
0.794886
0.783833
0.773309
0.764741
0.759047
0.756678
0.757835
0.76269
0.771446
0.784256
0.800897
0.820328
0.840651
0.859495
0.874587
0.884102
0.886946
0.883133
0.874016
0.861889
0.849116
0.837166
0.826484
0.816938
0.8084
0.80089
0.79434
0.788443
0.782571
0.776283
0.769639
0.763456
0.758762
0.756056
0.754813
0.753624
0.750925
0.745688
0.738112
0.72966
0.722534
0.71886
0.7199
0.725572
0.73465
0.745359
0.756095
0.76593
0.774744
0.783226
0.792511
0.803609
0.81691
0.831927
0.847394
0.861761
0.873523
0.881526
0.885013
0.883461
0.876547
0.864338
0.847594
0.827944
0.807784
0.789811
0.776234
0.768363
0.766515
0.770146
0.777905
0.787683
0.796949
0.803119
0.804088
0.798665
0.786819
0.769795
0.749962
0.730547
0.714849
0.70557
0.70405
0.710113
0.722545
0.739905
0.761004
0.78482
0.810095
0.834907
0.85677
0.873009
0.881377
0.880741
0.871405
0.855155
0.8349
0.814116
0.796228
0.783966
0.778893
0.781054
0.788998
0.800174
0.811661
0.820929
0.826535
0.82829
0.826835
0.822913
0.816821
0.808315
0.796817
0.782021
0.764419
0.745619
0.728244
0.71546
0.710021
0.713208
0.724188
0.740329
0.758334
0.775473
0.790386
0.803093
0.81443
0.825172
0.835322
0.843956
0.849637
0.851037
0.847515
0.839213
0.826893
0.8119
0.796226
0.782416
0.773302
0.771254
0.777305
0.790557
0.808284
0.826761
0.842458
0.85291
0.856948
0.85462
0.84666
0.833803
0.816553
0.795247
0.770452
0.74349
0.716577
0.692681
0.67493
0.665872
0.666942
0.67807
0.697536
0.722261
0.748519
0.772926
0.79308
0.807818
0.81713
0.821745
0.822789
0.821386
0.818405
0.814324
0.809232
0.803114
0.796281
0.789557
0.784208
0.781528
0.782288
0.786563
0.793791
0.802939
0.812785
0.821956
0.829043
0.832706
0.83194
0.826364
0.816605
0.804287
0.791715
0.781222
0.774504
0.772008
0.772871
0.775544
0.778551
0.781352
0.784431
0.788975
0.795887
0.805017
0.81512
0.824516
0.831812
0.836455
0.838955
0.840567
0.842746
0.846126
0.850215
0.853528
0.854354
0.851628
0.845287
0.836162
0.825496
0.814345
0.803166
0.792188
0.781854
0.773109
0.767124
0.764589
0.765326
0.768125
0.771327
0.773587
0.774219
0.773083
0.770245
0.76588
0.760401
0.754494
0.749019
0.744781
0.742365
0.74205
0.743749
0.747108
0.75149
0.756224
0.760827
0.765176
0.769532
0.774481
0.780632
0.788363
0.797653
0.80796
0.818174
0.826805
0.832407
0.834047
0.831593
0.825714
0.817661
0.808809
0.800346
0.792994
0.787223
0.783314
0.781468
0.781704
0.783762
0.787051
0.790698
0.793776
0.795619
0.79594
0.794937
0.793228
0.791571
0.790586
0.790424
0.790631
0.790248
0.788513
0.785511
0.782571
0.781778
0.784829
0.79204
0.802123
0.812924
0.822176
0.828234
0.83038
0.828871
0.824702
0.819114
0.813264
0.807886
0.803343
0.799737
0.797051
0.795198
0.793931
0.792801
0.791267
0.78892
0.78554
0.781111
0.775786
0.769749
0.763231
0.756597
