1.18578
1.15852
1.1208
1.07567
1.02681
0.978094
0.93306
0.894517
0.864214
0.84288
0.830506
0.826534
0.829968
0.839403
0.852988
0.86863
0.88429
0.898227
0.909055
0.915923
0.918608
0.917439
0.913413
0.907968
0.902751
0.899383
0.898992
0.9021
0.908563
0.91756
0.927714
0.937395
0.945233
0.950628
0.954035
0.956782
0.960518
0.96653
0.975069
0.985124
0.994574
1.00091
1.00199
0.996697
0.985266
0.96909
0.950398
0.931594
0.914548
0.900309
0.888936
0.879815
0.872178
0.865477
0.859636
0.855131
0.852879
0.85387
0.858819
0.868073
0.881435
0.898395
0.918203
0.939838
0.962154
0.983929
1.00405
1.02161
1.03604
1.04718
1.05515
1.06018
1.06259
1.06253
1.06004
1.05499
1.04704
1.03568
1.02032
1.00048
0.976135
0.948033
0.917806
0.887927
0.861103
0.839772
0.825343
0.817818
0.816031
0.818366
0.823462
0.830576
0.839467
0.850009
0.861839
0.874353
0.886808
0.898515
0.908942
0.917914
