-6.73112
-6.73224
-6.73647
-6.73725
-6.74193
-6.748
-6.75556
-6.76471
-6.77581
-6.78168
-6.78877
-6.78975
-6.78686
-6.77655
-6.75557
-6.72746
-6.69721
-6.6639
-6.63188
-6.60838
-6.5903
-6.5821
-6.58154
-6.58794
-6.59689
-6.61044
-6.62402
-6.63958
-6.6516
-6.66377
-6.67249
-6.67985
-6.68561
-6.69093
-6.70052
-6.70937
-6.72207
-6.73411
-6.74534
-6.75295
-6.7529
-6.74614
-6.73255
-6.71497
-6.6945
-6.67208
-6.64881
-6.62765
-6.61424
-6.60483
-6.60219
-6.60292
-6.60502
-6.60993
-6.61397
-6.61962
-6.62666
-6.63931
-6.65674
-6.67531
-6.69791
-6.72286
-6.748
-6.77434
-6.798
-6.81761
-6.83053
-6.83586
-6.83397
-6.82293
-6.8066
-6.78369
-6.7598
-6.73438
-6.70465
-6.67919
-6.65509
-6.63822
-6.6255
-6.61704
-6.60978
-6.60605
-6.60199
-6.60215
-6.6024
-6.60084
-6.60318
-6.60472
-6.60873
-6.6159
-6.62618
-6.63757
-6.64742
-6.65284
-6.65935
-6.66363
-6.66918
-6.67386
-6.67806
-6.68309
