-6.65046
-6.64754
-6.62974
-6.61937
-6.60933
-6.59929
-6.59314
-6.58957
-6.5873
-6.58567
-6.58276
-6.58179
-6.58049
-6.57888
-6.57953
-6.57986
-6.57954
-6.57792
-6.57857
-6.57857
-6.57663
-6.5763
-6.57922
-6.58019
-6.57986
-6.57824
-6.57792
-6.57889
-6.58115
-6.58245
-6.58407
-6.58342
-6.58342
-6.58213
-6.58051
-6.58051
-6.58083
-6.58148
-6.58051
-6.57986
-6.58083
-6.58083
-6.58245
-6.58537
-6.58537
-6.58569
-6.58537
-6.58537
-6.58602
-6.58666
-6.58602
-6.58342
-6.58375
-6.58245
-6.5844
-6.58569
-6.58796
-6.58504
-6.58602
-6.58634
-6.58602
-6.58764
-6.58537
-6.5844
-6.58408
-6.58634
-6.58505
-6.58375
-6.58343
-6.58213
-6.58342
-6.58181
-6.58181
-6.58278
-6.58278
-6.58148
-6.58148
-6.58083
-6.58083
-6.58245
-6.58213
-6.58213
-6.58472
-6.58246
-6.58408
-6.5844
-6.58343
-6.58375
-6.58472
-6.58278
-6.5844
-6.58376
-6.58343
-6.58117
-6.58246
-6.58214
-6.58084
-6.58343
-6.58246
-6.58473
