-5.95408
-5.95278
-5.95246
-5.95051
-5.94856
-5.94727
-5.94597
-5.94565
-5.94759
-5.94629
-5.945
-5.94662
-5.94759
-5.94565
-5.94695
-5.94759
-5.94857
-5.94921
-5.94986
-5.95018
-5.95083
-5.94921
-5.95245
-5.95083
-5.9518
-5.94986
-5.9505
-5.95018
-5.94824
-5.94889
-5.94856
-5.94824
-5.94889
-5.94856
-5.94986
-5.94921
-5.94791
-5.94597
-5.94824
-5.94824
-5.94791
-5.94889
-5.94889
-5.94889
-5.94921
-5.94953
-5.94921
-5.94985
-5.94888
-5.94791
-5.94662
-5.94532
-5.94403
-5.94532
-5.9437
-5.94273
-5.94111
-5.94111
-5.94079
-5.94176
-5.94273
-5.94176
-5.94306
-5.94371
-5.94338
-5.94274
-5.94371
-5.94403
-5.94371
-5.94339
-5.94403
-5.94921
-5.94953
-5.94791
-5.94727
-5.94856
-5.94824
-5.94889
-5.94953
-5.95083
-5.95212
-5.95309
-5.9518
-5.94985
-5.9505
-5.9505
-5.94823
-5.94888
-5.95083
-5.9505
-5.95083
-5.94986
-5.95115
-5.95147
-5.95115
-5.95115
-5.95115
-5.95083
-5.95148
-5.95115
