0.42169   0.439147   -0.456202
-0.343118   -0.334342   0.463691
0.4286   -0.312419   -0.300787
-0.271312   0.476637   -0.323599
-0.120877   0.424589   0.439013
0.000776144   -0.313669   0.43234
-0.18785   -0.404032   -0.339771
0.024464   -0.49262   -0.262885
0.214635   0.498027   0.444626
0.352474   -0.351752   -0.464075
0.224676   -0.299803   -0.362927
0.262284   -0.470392   -0.353347
-0.483658   -0.134201   -0.42091
-0.357199   -0.0436604   -0.422054
-0.469371   0.0324992   -0.304977
-0.400971   -0.152103   -0.270399
-0.204173   -0.181912   -0.454523
-0.0069743   -0.0450501   0.472232
-0.191415   -0.0556484   -0.329668
0.0559382   -0.111167   -0.393006
0.223397   -0.171947   -0.491431
0.302811   0.0667924   -0.495142
0.127818   -0.0673337   -0.260679
0.265633   -0.172812   -0.344624
0.46288   0.222473   -0.489802
-0.342071   0.393317   0.43844
-0.46465   0.367749   -0.278772
-0.393743   0.0877347   -0.299565
-0.115421   0.180214   -0.459132
0.0300508   0.401853   -0.43634
-0.210134   0.298757   -0.34965
-0.00163795   0.174468   -0.276103
0.150037   0.211887   0.471455
0.317169   0.33302   -0.498999
0.131167   0.279528   -0.379491
0.340454   0.205945   -0.397465
-0.498645   0.49362   -0.0920821
-0.300068   -0.33107   -0.102543
-0.48473   -0.288168   -0.0449294
-0.380246   -0.473919   -0.0496548
-0.232176   0.460225   -0.235977
-0.0165034   -0.410001   -0.129311
-0.104341   -0.3784   -0.0419371
-0.031178   -0.447567   0.0280208
0.110294   -0.478797   -0.178247
0.313001   -0.339102   -0.213781
0.17582   -0.287533   0.0192537
0.398281   -0.497592   -0.0470511
-0.431271   -0.18661   -0.214201
-0.327201   -0.0431064   -0.162778
0.49092   0.0634025   -0.0504601
-0.381981   -0.199677   0.0250634
-0.226137   -0.14953   -0.142585
0.0419826   -0.043529   -0.164467
-0.186964   -0.0503696   -0.0648464
0.0563928   -0.183345   -0.0475439
0.229914   -0.185704   -0.216403
0.387165   -0.0666858   -0.211302
0.0989693   -0.0261727   -0.0312609
0.275165   -0.130099   -0.000547112
0.47392   0.153175   -0.114457
-0.272249   0.350657   -0.203655
-0.476953   0.389007   -0.0317545
-0.283159   0.156509   0.00655659
-0.155444   0.208202   -0.122804
-0.00921119   0.394926   -0.141256
-0.179338   0.375789   0.0338302
0.0265446   0.233739   0.0742153
0.215386   0.129438   -0.155374
0.331901   0.268253   -0.173662
0.17445   0.383549   -0.00314425
0.363955   0.216466   0.0385584
-0.458729   -0.475123   0.208484
-0.408641   -0.281341   0.176236
0.491016   -0.404045   0.370767
-0.338648   -0.48096   0.366292
-0.215105   -0.443748   0.226998
0.0544969   -0.332702   0.118353
-0.17832   -0.265908   0.296578
-0.0117621   0.466603   0.341494
0.219978   0.485142   0.167658
0.37538   -0.359323   0.12944
0.237413   -0.391034   0.358728
0.346923   0.419717   0.264674
-0.46261   -0.138907   0.145328
-0.349383   0.0213754   0.199283
0.452415   0.0444615   0.370088
-0.287471   -0.233506   0.276594
-0.13059   -0.152874   0.129964
-0.0466583   -0.0687028   0.155966
-0.102662   0.0610714   0.322606
-0.0381611   -0.143783   0.306796
0.204581   -0.129984   0.160534
0.296915   -0.0519693   0.0993647
0.117069   0.0661916   0.30091
0.377295   -0.226764   0.323885
-0.48862   0.112665   0.221518
-0.388108   0.400365   0.136201
0.456361   0.267885   0.297235
-0.316782   0.190224   0.38294
-0.140798   0.198553   0.197856
0.0162009   0.26081   0.186452
-0.211068   0.300436   0.369042
-0.0609243   0.199742   0.342762
0.170925   0.174007   0.146992
0.359954   0.273642   0.12136
0.160958   0.381424   0.386023
0.33852   0.196608   0.311646
