0.340199   0.374248   -0.416733
-0.352746   -0.337045   0.426586
0.355088   -0.289168   -0.266576
-0.223815   0.451899   -0.379842
-0.0710898   0.352796   0.374299
0.00139292   -0.294054   0.365368
-0.203421   -0.455972   -0.339865
0.0031357   0.495794   -0.230962
0.253095   0.485563   0.387394
0.369399   -0.369308   -0.426626
0.283901   -0.255163   -0.388593
0.192727   -0.439411   -0.373565
-0.465683   -0.100601   -0.347608
-0.373569   -0.0848929   -0.367696
0.467914   0.00565571   -0.287407
-0.424249   -0.0781753   -0.273791
-0.241291   -0.195308   -0.408209
-0.013039   -0.0902071   0.445842
-0.217338   -0.112051   -0.327223
0.111587   -0.0554966   -0.452131
0.279424   -0.178658   -0.477538
0.273676   0.134681   -0.48994
0.102236   -0.152256   -0.210196
0.200465   -0.192187   -0.350117
0.420186   0.277938   -0.476892
-0.34967   0.457614   0.373564
-0.429138   0.401948   -0.224644
-0.359251   0.06429   -0.256407
-0.0649811   0.194184   -0.418826
0.0603103   0.468867   -0.373234
-0.253208   0.266129   -0.364067
-0.00323844   0.182455   -0.219972
0.133813   0.257835   0.445663
0.306855   0.332512   -0.492595
0.0958932   0.226515   -0.428032
0.349734   0.248104   -0.467225
-0.474815   -0.475152   -0.0114086
-0.268298   -0.328946   -0.0388292
-0.465241   -0.24174   -0.0895376
-0.441576   -0.455843   -0.0971492
-0.301314   0.426471   -0.25207
-0.016916   -0.474386   -0.103732
-0.0489048   -0.410264   -0.0528821
-0.0675338   -0.388931   0.038529
0.0931403   -0.439898   -0.14486
0.293017   -0.344171   -0.265429
0.181541   -0.241921   0.0392105
0.440496   -0.490991   -0.0987691
-0.417004   -0.265511   -0.160977
-0.324906   -0.0798018   -0.167342
-0.496504   0.067673   -0.0747745
-0.4338   -0.232972   0.0509069
-0.288457   -0.141086   -0.108866
0.0727766   -0.0700264   -0.133728
-0.201695   -0.0988105   -0.132665
0.113493   -0.197216   -0.0942989
0.291776   -0.204592   -0.27858
0.440929   -0.132605   -0.256186
0.0313795   -0.055762   -0.0695216
0.20003   -0.105987   -0.0295955
0.424813   0.199367   -0.0874521
-0.198799   0.344002   -0.234305
-0.438917   0.410972   -0.0656158
-0.23312   0.146726   0.0124753
-0.145022   0.249344   -0.0793147
-0.0147863   0.426445   -0.125227
-0.191743   0.417578   0.0669942
0.0514583   0.297784   0.16478
0.264303   0.0936939   -0.144411
0.330599   0.20235   -0.17959
0.182048   0.433141   -0.00595548
0.401708   0.223417   -0.00911586
-0.417182   -0.451714   0.249555
-0.482331   -0.226017   0.183809
0.483247   -0.474034   0.407025
-0.344636   -0.465765   0.402146
-0.263609   -0.386185   0.286926
0.109916   -0.331134   0.0677822
-0.200484   -0.197142   0.257529
-0.0282985   0.4292   0.354046
0.273759   0.469647   0.169267
0.417121   -0.385149   0.0927563
0.312459   -0.444052   0.385695
0.359756   0.338868   0.195738
-0.423687   -0.116958   0.122795
-0.368111   0.0434327   0.231966
0.40544   0.0896282   0.4053
-0.231612   -0.303724   0.222741
-0.12374   -0.168353   0.0685376
-0.0637998   -0.108425   0.174452
-0.0383802   0.127333   0.312227
-0.0769011   -0.120764   0.277787
0.248606   -0.0892745   0.145332
0.270589   -0.0969969   0.0698479
0.0667421   0.132636   0.268154
0.420692   -0.286518   0.314503
-0.475932   0.0588534   0.276439
-0.443272   0.468466   0.106427
0.420388   0.198986   0.25665
-0.301022   0.212565   0.433497
-0.111988   0.229926   0.232378
0.033699   0.188884   0.190562
-0.252864   0.270011   0.402989
-0.1228   0.227943   0.347739
0.173047   0.182232   0.127942
0.379473   0.25712   0.163114
0.159739   0.434462   0.439839
0.336516   0.230587   0.293599
