0.262846   0.303442   -0.380602
-0.359462   -0.354507   0.386716
0.3194   -0.251654   -0.233918
-0.203289   0.380846   -0.452813
-0.017646   0.287488   0.308413
0.00161789   -0.274963   0.302229
-0.199299   -0.456347   -0.330986
-0.0470015   0.471582   -0.216948
0.263028   0.439122   0.34812
0.38154   -0.382484   -0.388601
0.325756   -0.226813   -0.410066
0.124437   -0.412998   -0.389544
-0.463679   -0.0773179   -0.317613
-0.369044   -0.110289   -0.390698
0.399648   -0.0410411   -0.273316
-0.452569   -0.0150558   -0.148417
-0.286754   -0.219352   -0.376553
-0.0176202   -0.132823   0.421326
-0.235886   -0.151383   -0.31159
0.163166   -0.00384284   0.491349
0.329218   -0.164522   0.496359
0.250943   0.206937   -0.484128
0.0975697   -0.251836   -0.182343
0.164382   -0.22718   -0.351416
0.415181   0.35677   -0.472412
-0.35866   0.49648   0.307513
-0.386932   0.436516   -0.170047
-0.311719   0.0468315   -0.213592
-0.0142166   0.207865   -0.382144
0.0926328   -0.463926   -0.314279
-0.292961   0.237487   -0.376423
-0.00512047   0.190611   -0.167401
0.117615   0.300439   0.427374
0.306224   0.35114   -0.486536
0.0613995   0.178232   -0.478572
0.308993   0.243626   0.471271
-0.439524   -0.405345   0.0393552
-0.238816   -0.326242   0.0209947
-0.442252   -0.19643   -0.13062
-0.471186   -0.430008   -0.111085
-0.376005   0.415629   -0.261295
0.0184709   -0.428398   -0.102435
-0.0238793   -0.39904   0.000418328
-0.102595   -0.333329   0.0229102
0.0899172   -0.396991   -0.078368
0.242021   -0.365429   -0.312678
0.178152   -0.207995   0.0573779
0.429338   0.496884   -0.149147
-0.405497   -0.339641   -0.106669
-0.359077   -0.070939   -0.205848
-0.476154   0.0453575   -0.0859945
-0.485793   -0.260514   0.0785259
-0.32496   -0.183906   -0.0552021
0.0787666   -0.0783914   -0.149352
-0.213674   -0.134535   -0.191506
0.168944   -0.191128   -0.138772
0.342977   -0.21397   -0.308468
0.499393   -0.185628   -0.305278
-0.0551064   -0.0783901   -0.0703058
0.142403   -0.124476   -0.0546217
0.37538   0.244878   -0.171314
-0.124132   0.311894   -0.256042
-0.390584   0.404471   -0.100934
-0.184958   0.138888   0.0169018
-0.135991   0.287346   -0.0381707
-0.00958357   0.315219   -0.146193
-0.203233   0.45696   0.0979191
0.0715057   0.341424   0.259916
0.315939   0.0689532   -0.136938
0.333753   0.136127   -0.173844
0.188868   0.48026   -0.00851117
0.424033   0.236875   0.012786
-0.375575   -0.427272   0.291514
0.451779   -0.170488   0.184291
0.475117   0.461603   0.439557
-0.350774   -0.417003   0.437115
-0.309263   -0.322437   0.338204
0.170366   -0.315308   0.016477
-0.219657   -0.139403   0.217713
-0.0498358   0.384444   0.369472
0.326114   0.452198   0.17119
0.460544   -0.409543   0.0555173
0.401996   -0.46768   0.402999
0.351275   0.324852   0.142954
-0.388871   -0.106053   0.100718
-0.404281   0.0636734   0.271457
0.360341   0.134426   0.437921
-0.179846   -0.370711   0.184616
-0.139674   -0.205908   -0.00513996
-0.0465691   -0.126745   0.188674
-0.0349103   0.203155   0.337152
-0.130098   -0.0994342   0.269781
0.28146   -0.0484266   0.158031
0.266375   -0.129204   0.0441328
0.0775099   0.181398   0.246411
0.462101   -0.343167   0.305107
-0.447245   0.00961196   0.319795
-0.499628   -0.467976   0.0759955
0.427994   0.0989922   0.230214
-0.327904   0.184689   -0.496287
-0.0870944   0.253573   0.288661
0.0453159   0.150713   0.139443
-0.243129   0.289057   0.40914
-0.173366   0.256264   0.333985
0.170344   0.190804   0.112568
0.398057   0.22744   0.201325
0.169727   0.489826   0.485891
0.310705   0.262522   0.27618
