0.191344   0.231307   -0.362573
-0.421024   -0.369603   0.39845
0.290791   -0.218036   -0.213289
-0.182814   0.30738   0.472106
0.098638   0.262146   0.275856
0.00101   -0.253509   0.237742
-0.195207   -0.458784   -0.322442
-0.0963302   0.446409   -0.20024
0.274603   0.392675   0.311024
0.390754   -0.39275   -0.348683
0.361594   -0.241886   -0.42495
0.0526269   -0.40099   -0.376594
-0.460941   -0.072392   -0.288054
-0.374772   -0.141367   -0.399741
0.336179   -0.0941015   -0.259358
-0.431035   -0.0553298   -0.116868
-0.348745   -0.259045   -0.365956
-0.0223491   -0.176517   0.395133
-0.261268   -0.171627   -0.323749
0.215523   0.0489542   0.433961
0.376692   -0.11377   0.40143
0.213727   0.272379   -0.460274
0.096404   -0.347869   -0.150819
0.135264   -0.267153   -0.351431
0.380693   0.434374   -0.479934
-0.350992   0.482773   0.266285
-0.344342   0.495687   -0.188013
-0.269261   0.0184954   -0.169126
0.0431886   0.220745   -0.350749
0.136685   -0.377315   -0.283778
-0.327407   0.221988   -0.377573
-0.00616795   0.13992   -0.102862
0.104994   0.335834   0.421085
0.324091   0.368193   -0.478852
0.0216843   0.133124   0.474078
0.296529   0.247572   0.403118
-0.426343   -0.322693   0.0747093
-0.196003   -0.320332   0.0784348
-0.412082   -0.153119   -0.170952
-0.476888   -0.393677   -0.122111
-0.449444   0.41085   -0.253996
0.0322468   -0.388428   -0.0943131
0.00323251   -0.380156   0.0371897
-0.143457   -0.276368   0.00670248
0.102852   -0.343406   -0.00255824
0.187141   -0.380607   -0.360536
0.175454   -0.179502   0.0605934
0.380944   0.466495   -0.204535
-0.380903   -0.401391   -0.0384931
-0.399231   -0.0510695   -0.235335
-0.491078   0.117507   -0.0137385
0.462487   -0.293559   0.105052
-0.364434   -0.225686   -0.0063369
0.0236825   -0.065977   -0.232985
-0.218859   -0.166732   -0.2005
0.217381   -0.172014   -0.167784
0.387244   -0.21674   -0.263599
-0.432737   -0.220127   -0.359526
-0.138497   -0.104277   -0.0727101
0.154001   -0.192367   -0.0160927
0.317783   0.270871   -0.270521
-0.0447957   0.278798   -0.274841
-0.345921   0.371923   -0.0790465
-0.135182   0.132683   0.0205579
-0.126271   0.324516   0.00299326
-0.00990921   0.264909   -0.183113
-0.213552   0.499555   0.130081
0.0699895   0.370859   0.349118
0.359689   0.010144   -0.111281
0.356708   0.119173   -0.181997
0.19454   -0.469911   -0.0116211
0.442708   0.254029   0.0466633
-0.334446   -0.338893   0.291881
0.386815   -0.114516   0.181571
0.447613   0.411452   0.469823
-0.356966   -0.393901   0.479064
-0.319349   -0.243566   0.344362
0.230006   -0.28094   -0.0332689
-0.223399   -0.074356   0.182629
-0.0771874   0.350977   0.369684
0.380531   0.425911   0.1716
0.462463   -0.333439   -0.0164131
-0.496725   0.48695   0.429296
0.342911   0.317577   0.102286
-0.35444   -0.0977782   0.0777106
-0.448776   0.0758884   0.318151
0.307484   0.191029   0.476186
-0.130547   -0.439956   0.145438
-0.153545   -0.253821   -0.0757914
-0.0293697   -0.145285   0.190803
-0.0394491   0.257539   0.400609
-0.199352   -0.0872531   0.268945
0.315605   -0.0124785   0.16237
0.250929   -0.167099   0.022794
0.122127   0.228622   0.20324
-0.493066   -0.402126   0.297036
-0.412806   -0.0316728   0.35594
-0.492247   0.491461   0.0869481
0.447844   -0.034877   0.228186
-0.356894   0.148117   -0.439646
-0.136845   0.252588   0.321434
0.0658231   0.127498   0.0841962
-0.218761   0.299123   0.407142
-0.227287   0.297365   0.319744
0.157053   0.196821   0.102476
0.38853   0.234114   0.219424
0.181938   -0.453686   -0.467704
0.300936   0.290531   0.243922
