0.125475   0.158538   -0.371519
-0.465937   -0.383138   0.449802
0.324404   -0.227498   -0.223253
-0.114775   0.245552   0.470817
0.213204   0.251873   0.259052
0.00353007   -0.248196   0.171371
-0.191173   -0.461688   -0.312955
-0.145031   0.421211   -0.184389
0.284832   0.340689   0.28012
0.398653   -0.401279   -0.309449
0.39804   -0.256933   -0.434959
0.0014858   -0.38696   -0.348642
0.493399   -0.0888396   -0.303635
-0.360824   -0.146951   -0.407925
0.267885   -0.135607   -0.247154
-0.397749   -0.117213   -0.116888
-0.337583   -0.3264   -0.347806
-0.0270285   -0.219947   0.367589
-0.304157   -0.208255   -0.380085
0.267645   0.102759   0.377701
0.424174   -0.0643177   0.306508
0.182752   0.331812   -0.427393
0.116447   -0.442653   -0.134447
0.103684   -0.311421   -0.351784
0.34958   0.485839   0.498894
-0.344399   0.474698   0.226508
-0.307108   -0.452648   -0.209297
-0.230832   -0.0141504   -0.125858
0.11579   0.238419   -0.318301
0.191905   -0.28996   -0.286823
-0.347061   0.236506   -0.341746
-0.00743066   0.0478242   -0.0312928
0.131066   0.328399   -0.495436
0.337533   0.397592   -0.465386
-0.0186891   0.094722   0.427436
0.278285   0.255874   0.345237
-0.440352   -0.241049   0.121101
-0.134581   -0.301463   0.110973
-0.381877   -0.108612   -0.214502
-0.494469   -0.363399   -0.12844
0.481463   0.411284   -0.239213
0.0376729   -0.340769   -0.0464393
0.0420399   -0.357616   0.055437
-0.199104   -0.235048   0.00758964
0.101958   -0.292313   0.061659
0.101235   -0.39495   -0.385294
0.155594   -0.161519   0.0848482
0.334906   0.43687   -0.259593
-0.350221   -0.450052   0.0348971
-0.390185   -0.00924293   -0.199961
0.486823   0.205832   0.0713692
0.423308   -0.334142   0.119855
-0.396795   -0.266339   0.0263131
-0.0303167   -0.0543465   -0.314671
-0.212485   -0.194178   -0.161131
0.235017   -0.129084   -0.174222
0.402692   -0.214886   -0.207153
-0.454495   -0.232123   -0.412526
-0.223018   -0.135918   -0.0789856
0.193095   -0.275313   0.00326505
0.2584   0.293661   -0.370228
0.0220774   0.248698   -0.307881
-0.302044   0.343497   -0.0605921
-0.083818   0.126647   0.022459
-0.116589   0.360595   0.0433234
-0.0142922   0.25929   -0.208752
-0.199002   -0.447038   0.162178
0.0232395   0.422265   0.345022
0.403481   -0.0371794   -0.0940042
0.379328   0.0935543   -0.183581
0.197325   -0.416947   -0.0154523
0.453382   0.27263   0.0833474
-0.288825   -0.240236   0.285634
0.335725   -0.0635798   0.191073
0.42679   0.389674   0.494003
-0.385139   -0.36379   0.492799
-0.334805   -0.193869   0.337584
0.27124   -0.241318   -0.0863758
-0.230883   -0.0147918   0.152523
-0.135904   0.401884   0.353003
0.432667   0.391537   0.168013
0.478292   -0.259936   -0.0816162
-0.40588   0.423066   0.465968
0.345626   0.308829   0.0707418
-0.319381   -0.091913   0.0542581
-0.490877   0.0691388   0.371137
0.250587   0.252477   -0.489319
-0.107908   0.483919   0.104095
-0.169054   -0.296835   -0.139244
-0.0175278   -0.147206   0.196983
-0.0207203   0.210824   0.469488
-0.264061   -0.0725832   0.261912
0.35481   0.0332551   0.164527
0.23439   -0.193534   -0.00308088
0.171496   0.272538   0.144301
-0.441945   -0.459614   0.296058
-0.382353   -0.0548359   0.383075
-0.485819   0.454713   0.0974386
0.450141   -0.172848   0.218389
-0.39936   0.0826258   -0.421219
-0.157281   0.260505   0.350094
0.102481   0.120956   0.0372964
-0.253598   0.31073   0.375679
-0.27315   0.332084   0.272532
0.122258   0.189953   0.0989374
0.359078   0.254326   0.242273
0.198895   -0.397074   -0.421142
0.310614   0.311383   0.196551
