1.20208
1.20446
1.20685
1.20908
1.21101
1.21256
1.21367
1.2143
1.21442
1.21401
1.21307
1.21161
1.20971
1.20753
1.20529
1.20328
1.20179
1.20104
1.2011
1.20188
1.20317
1.20474
1.20636
1.20791
1.20933
1.21066
1.21193
1.21322
1.21457
1.21601
1.21756
1.2192
1.22092
1.22272
1.22461
1.22663
1.22879
1.23112
1.23361
1.23621
1.23886
1.24145
1.24388
1.24604
1.24782
1.24915
1.24995
1.25016
1.24975
1.24867
1.24692
1.24449
1.24141
1.23774
1.23357
1.22905
1.22434
1.21963
1.21512
1.21098
1.20736
1.20438
1.20213
1.20064
1.19991
1.19988
1.20042
1.20137
1.20253
1.20373
1.20481
1.20572
1.20644
1.20702
1.20755
1.2081
1.20874
1.20953
1.2105
1.21171
1.2132
1.21497
1.217
1.2192
1.22147
1.22364
1.22558
1.22714
1.22822
1.22875
1.22873
1.22816
1.22709
1.22561
1.22384
1.22191
1.21997
1.21818
1.21666
1.21552
