1.76816
1.76816
1.76816
1.76816
1.76816
1.76816
1.76816
1.76816
1.76816
1.76816
1.76816
1.76816
1.76816
1.76814
1.76813
1.76811
1.76809
1.76808
1.76805
1.76803
1.76801
1.76799
1.76796
1.76794
1.76791
1.76788
1.76786
1.76784
1.76781
1.76779
1.76777
1.76776
1.76773
1.7677
1.76768
1.76767
1.76766
1.76762
1.7676
1.76759
1.7676
1.76759
1.76758
1.76757
1.76756
1.76755
1.76755
1.76753
1.76752
1.76752
1.76751
1.7675
1.7675
1.7675
1.76749
1.76749
1.76749
1.76748
1.76749
1.76748
1.76748
1.76748
1.76748
1.76747
1.76746
1.76746
1.76745
1.76745
1.76745
1.76745
1.76744
1.76744
1.76744
1.76743
1.76742
1.76741
1.76741
1.76741
1.76741
1.76741
1.76741
1.76741
1.76741
1.7674
1.76739
1.76738
1.76738
1.76737
1.76737
1.76737
1.76736
1.76737
1.76737
1.76736
1.76736
1.76736
1.76735
1.76735
1.76735
1.76735
