1.80146
1.80293
1.80415
1.80491
1.80499
1.80423
1.80251
1.79988
1.79653
1.79283
1.78925
1.78628
1.7843
1.78351
1.7839
1.78529
1.78744
1.79001
1.79271
1.79524
1.79739
1.79905
1.80023
1.80101
1.80156
1.80203
1.80254
1.80314
1.80376
1.80429
1.80456
1.80436
1.80354
1.80192
1.79942
1.79601
1.79179
1.78699
1.78197
1.77716
1.77293
1.7695
1.7669
1.765
1.76371
1.763
1.76294
1.76358
1.76484
1.76648
1.76817
1.76956
1.77041
1.77059
1.7701
1.769
1.76737
1.76529
1.76283
1.76012
1.75739
1.75515
1.7542
1.75549
1.75976
1.76707
1.77665
1.78722
1.79752
1.80663
1.81413
1.81996
1.82428
1.82732
1.82934
1.83052
1.83101
1.83088
1.83017
1.82887
1.82693
1.82428
1.82085
1.81655
1.81134
1.80518
1.79812
1.79024
1.78174
1.77285
1.76388
1.75515
1.74702
1.73992
1.73435
1.73091
1.73015
1.73239
1.7375
1.74487
