1.80851
1.8177
1.82632
1.83374
1.83951
1.8433
1.84489
1.84413
1.84105
1.83595
1.8296
1.82328
1.81858
1.81689
1.81874
1.82359
1.83018
1.83712
1.84343
1.84859
1.85251
1.85529
1.85714
1.85824
1.85875
1.85877
1.85837
1.85757
1.85633
1.85461
1.85232
1.84938
1.84566
1.84106
1.83551
1.82897
1.82153
1.81344
1.80511
1.79717
1.79035
1.78535
1.78271
1.78269
1.78521
1.78994
1.79641
1.80403
1.8122
1.82038
1.82812
1.8351
1.84113
1.84615
1.85018
1.8533
1.85559
1.85714
1.85803
1.85832
1.85806
1.85726
1.85595
1.85414
1.85183
1.84905
1.84579
1.84206
1.83786
1.83317
1.82802
1.82257
1.81724
1.81268
1.80969
1.8089
1.81035
1.81344
1.81708
1.82013
1.82179
1.82177
1.82035
1.81821
1.81629
1.81549
1.81644
1.81924
1.82353
1.82862
1.83377
1.83835
1.84198
1.84458
1.8463
1.84749
1.8486
1.85002
1.85205
1.85475
