-0.282298
-0.291497
-0.300128
-0.307543
-0.313302
-0.317094
-0.318695
-0.317938
-0.314854
-0.309752
-0.3034
-0.29708
-0.292387
-0.290693
-0.292547
-0.297401
-0.303994
-0.310946
-0.317258
-0.322428
-0.326338
-0.32913
-0.330975
-0.332081
-0.332595
-0.332625
-0.332227
-0.331422
-0.330186
-0.32847
-0.32619
-0.323247
-0.31953
-0.314923
-0.309376
-0.302834
-0.295403
-0.287302
-0.278986
-0.271034
-0.264209
-0.259221
-0.256594
-0.256569
-0.259094
-0.263837
-0.270308
-0.27793
-0.286106
-0.294286
-0.30203
-0.30901
-0.315044
-0.320073
-0.324103
-0.327214
-0.329501
-0.33105
-0.331944
-0.332228
-0.331964
-0.33116
-0.329852
-0.328031
-0.325724
-0.322942
-0.31969
-0.315973
-0.311772
-0.307072
-0.301923
-0.296477
-0.291137
-0.286579
-0.283596
-0.282797
-0.284256
-0.287345
-0.290985
-0.294034
-0.295692
-0.295681
-0.294257
-0.292122
-0.290189
-0.289385
-0.290334
-0.29314
-0.297431
-0.302525
-0.307673
-0.312246
-0.315886
-0.318485
-0.320193
-0.321391
-0.322499
-0.323927
-0.325947
-0.328653
