1.47232
1.47232
1.47232
1.47232
1.47232
1.47232
1.47232
1.47231
1.47232
1.47232
1.47231
1.47232
1.47232
1.47231
1.47232
1.47231
1.47231
1.47231
1.47231
1.47231
1.4723
1.4723
1.47231
1.47231
1.47231
1.47231
1.47231
1.47232
1.47232
1.47232
1.47232
1.47232
1.47233
1.47233
1.47233
1.47232
1.47232
1.47233
1.47233
1.47234
1.47234
1.47234
1.47233
1.47233
1.47231
1.47232
1.47231
1.47231
1.47232
1.47232
1.47232
1.47232
1.47232
1.47233
1.47233
1.47232
1.47232
1.47231
1.47231
1.47231
1.47231
1.4723
1.4723
1.4723
1.4723
1.47231
1.47231
1.4723
1.4723
1.47231
1.47231
1.4723
1.47231
1.47231
1.47231
1.47231
1.47231
1.47231
1.47231
1.47232
1.47232
1.47232
1.47232
1.47231
1.47231
1.47231
1.47231
1.47231
1.47231
1.47232
1.47231
1.47231
1.47231
1.47231
1.47233
1.47233
1.47233
1.47234
1.47234
1.47233
