1.47089
1.47089
1.47089
1.47089
1.47089
1.4709
1.47089
1.47089
1.47089
1.4709
1.4709
1.47089
1.4709
1.47089
1.47089
1.47089
1.47088
1.47089
1.4709
1.47089
1.47089
1.47089
1.47089
1.47089
1.47088
1.47088
1.47088
1.47089
1.47089
1.4709
1.4709
1.4709
1.4709
1.4709
1.4709
1.47091
1.47091
1.47091
1.47092
1.47091
1.47091
1.47092
1.47091
1.47091
1.47091
1.47091
1.47092
1.47092
1.47091
1.47092
1.47091
1.47091
1.4709
1.4709
1.47089
1.47089
1.47089
1.47088
1.47088
1.47088
1.47088
1.47088
1.47088
1.47089
1.47089
1.47089
1.4709
1.4709
1.47089
1.47089
1.47088
1.47088
1.47088
1.47088
1.47088
1.47088
1.47088
1.47088
1.47088
1.47088
1.47088
1.47089
1.47088
1.47088
1.47088
1.47088
1.47089
1.47088
1.47089
1.47089
1.47088
1.47089
1.47089
1.47089
1.47088
1.47088
1.47088
1.47089
1.47089
1.47088
