1.20567
1.2118
1.21755
1.22249
1.22634
1.22887
1.22993
1.22942
1.22737
1.22397
1.21973
1.21552
1.21239
1.21126
1.21249
1.21573
1.22012
1.22475
1.22895
1.2324
1.23501
1.23686
1.23809
1.23882
1.23916
1.23918
1.23892
1.23838
1.23755
1.2364
1.23488
1.23292
1.23044
1.22738
1.22367
1.21931
1.21435
1.20896
1.20341
1.19812
1.19356
1.19023
1.18847
1.18846
1.19014
1.1933
1.19761
1.20268
1.20813
1.21359
1.21875
1.2234
1.22742
1.23077
1.23346
1.23553
1.23706
1.23809
1.23869
1.23888
1.23871
1.23818
1.2373
1.23609
1.23456
1.2327
1.23053
1.22804
1.22524
1.22211
1.21868
1.21505
1.21149
1.20845
1.20646
1.20593
1.2069
1.20896
1.21139
1.21342
1.21452
1.21452
1.21357
1.21214
1.21086
1.21033
1.21096
1.21282
1.21568
1.21908
1.22251
1.22557
1.22799
1.22972
1.23087
1.23166
1.2324
1.23335
1.2347
1.2365
