-0.332226
-0.335798
-0.339387
-0.342728
-0.34563
-0.347948
-0.349613
-0.350559
-0.35074
-0.350123
-0.348706
-0.346525
-0.343675
-0.340402
-0.337046
-0.33403
-0.331803
-0.330677
-0.330757
-0.331929
-0.333869
-0.336213
-0.338644
-0.340974
-0.343117
-0.345106
-0.347013
-0.348935
-0.350963
-0.353123
-0.355437
-0.357897
-0.360478
-0.363176
-0.366015
-0.369032
-0.372272
-0.375768
-0.379494
-0.383402
-0.387373
-0.391261
-0.39491
-0.398148
-0.400824
-0.402811
-0.404
-0.404322
-0.403709
-0.402092
-0.399472
-0.395833
-0.391222
-0.385714
-0.379465
-0.37268
-0.36561
-0.358561
-0.351796
-0.345589
-0.340158
-0.335694
-0.332312
-0.330075
-0.328977
-0.328923
-0.329733
-0.331151
-0.332902
-0.334702
-0.33634
-0.337703
-0.33878
-0.339653
-0.340442
-0.341269
-0.34223
-0.343403
-0.344873
-0.346688
-0.348917
-0.351566
-0.354613
-0.357924
-0.361323
-0.364587
-0.367482
-0.369823
-0.371439
-0.372245
-0.372211
-0.371345
-0.369745
-0.367535
-0.364882
-0.361987
-0.359075
-0.356374
-0.354106
-0.352394
