1.71037
1.71037
1.71037
1.71037
1.71037
1.71037
1.71036
1.71036
1.71036
1.71037
1.71036
1.71036
1.71036
1.71035
1.71035
1.71035
1.71035
1.71034
1.71035
1.71034
1.71034
1.71033
1.71032
1.71032
1.71032
1.71031
1.71031
1.7103
1.7103
1.71031
1.71031
1.71032
1.71032
1.71032
1.71033
1.71032
1.71032
1.71032
1.71031
1.71032
1.71032
1.71031
1.71031
1.71031
1.7103
1.7103
1.71032
1.7103
1.7103
1.7103
1.71031
1.71031
1.71031
1.71031
1.71032
1.71031
1.71031
1.7103
1.7103
1.7103
1.7103
1.71031
1.71032
1.71032
1.71031
1.7103
1.7103
1.7103
1.7103
1.71029
1.71028
1.71028
1.71027
1.71028
1.71028
1.71028
1.71028
1.71028
1.71028
1.71028
1.71027
1.71027
1.71027
1.71028
1.71027
1.71027
1.71026
1.71027
1.71025
1.71025
1.71026
1.71026
1.71027
1.71026
1.71025
1.71025
1.71025
1.71025
1.71025
1.71025
