1.80312
1.80669
1.81028
1.81362
1.81652
1.81885
1.82051
1.82145
1.82163
1.82102
1.8196
1.81742
1.81457
1.81129
1.80793
1.80492
1.80269
1.80156
1.80165
1.80282
1.80476
1.80711
1.80954
1.81186
1.814
1.81599
1.8179
1.81983
1.82185
1.82402
1.82634
1.8288
1.83138
1.83408
1.83692
1.83994
1.84319
1.84668
1.85041
1.85432
1.85829
1.86218
1.86582
1.86906
1.87173
1.87372
1.87492
1.87524
1.87462
1.87301
1.87038
1.86674
1.86212
1.85661
1.85036
1.84357
1.8365
1.82944
1.82268
1.81647
1.81104
1.80657
1.80319
1.80096
1.79987
1.79982
1.80063
1.80205
1.8038
1.80559
1.80722
1.80858
1.80966
1.81053
1.81132
1.81215
1.81311
1.81429
1.81575
1.81757
1.8198
1.82245
1.82549
1.8288
1.8322
1.83547
1.83837
1.84071
1.84233
1.84313
1.84309
1.84223
1.84063
1.83842
1.83576
1.83287
1.82996
1.82727
1.82499
1.82328
