-0.0318396
-0.031848
-0.0318622
-0.0318825
-0.0319087
-0.031941
-0.0319793
-0.0320236
-0.0320741
-0.0321308
-0.0321937
-0.0322652
-0.0323433
-0.0324422
-0.0325433
-0.0326561
-0.0327832
-0.0328986
-0.0330473
-0.033199
-0.0333513
-0.0335162
-0.0336891
-0.0338725
-0.0340643
-0.034267
-0.0344667
-0.03468
-0.0349119
-0.0351415
-0.0353807
-0.0356298
-0.0358962
-0.0361756
-0.0364564
-0.0367412
-0.0370375
-0.0373695
-0.0376973
-0.0380284
-0.0383587
-0.0387193
-0.0390871
-0.0394815
-0.0398795
-0.0402958
-0.0407265
-0.0411841
-0.0416575
-0.0421452
-0.0426504
-0.0431858
-0.0437263
-0.0442922
-0.0448866
-0.0455013
-0.0461448
-0.0468208
-0.0475164
-0.0482498
-0.0490158
-0.0498067
-0.0506455
-0.051525
-0.0524402
-0.0533958
-0.0544015
-0.0554481
-0.0565432
-0.057697
-0.0589149
-0.0601909
-0.0615213
-0.062931
-0.0644117
-0.0659692
-0.0675855
-0.0692964
-0.0710805
-0.0729504
-0.0749009
-0.0769381
-0.0790436
-0.0812127
-0.0834339
-0.0856694
-0.0878687
-0.0899862
-0.0919382
-0.0936215
-0.0949163
-0.0956517
-0.0956994
-0.094938
-0.0933543
-0.0911443
-0.088784
-0.0870551
-0.0868878
-0.0890793
