1.80486
1.81217
1.82087
1.82996
1.83862
1.8463
1.85268
1.85762
1.86103
1.86284
1.86296
1.86137
1.85813
1.85355
1.8482
1.84293
1.83864
1.83607
1.8356
1.83732
1.84118
1.84715
1.85509
1.86465
1.87514
1.88566
1.89535
1.90355
1.90997
1.91465
1.91792
1.9202
1.92189
1.92318
1.92408
1.92442
1.92398
1.92272
1.92079
1.91856
1.91653
1.91512
1.91457
1.91485
1.91576
1.91702
1.91843
1.91996
1.92175
1.92406
1.9272
1.9314
1.93679
1.94338
1.95104
1.95954
1.96856
1.97778
1.98682
1.99535
2.00306
2.00971
2.01512
2.0192
2.02191
2.02327
2.02333
2.0222
2.01997
2.01669
2.01238
2.00695
2.00026
1.9922
1.98281
1.97238
1.96135
1.95014
1.93915
1.92919
1.92212
1.92071
1.92695
1.94017
1.95718
1.97425
1.98891
2.00032
2.00872
2.01477
2.01918
2.02254
2.02522
2.02746
2.02941
2.03116
2.03281
2.03442
2.03604
2.03768
