-0.0944959
-0.101802
-0.110496
-0.119594
-0.128257
-0.135929
-0.142312
-0.147253
-0.150663
-0.152469
-0.152605
-0.151008
-0.147774
-0.143198
-0.137858
-0.132583
-0.128291
-0.125727
-0.125253
-0.126973
-0.130841
-0.136819
-0.144769
-0.154328
-0.164816
-0.175349
-0.185039
-0.19325
-0.199664
-0.204346
-0.20761
-0.209881
-0.211563
-0.212859
-0.21375
-0.214096
-0.213663
-0.212404
-0.210477
-0.208243
-0.206208
-0.204806
-0.204256
-0.204547
-0.205461
-0.206716
-0.208113
-0.209654
-0.21145
-0.213757
-0.21689
-0.22109
-0.226484
-0.23307
-0.240726
-0.249226
-0.258258
-0.267482
-0.276524
-0.285048
-0.292755
-0.299397
-0.304804
-0.308886
-0.311603
-0.312965
-0.313036
-0.311908
-0.309671
-0.306406
-0.302098
-0.296672
-0.289982
-0.281919
-0.272535
-0.262103
-0.251066
-0.239855
-0.228865
-0.218909
-0.211851
-0.210442
-0.216679
-0.229892
-0.246907
-0.263983
-0.27865
-0.290058
-0.298461
-0.304515
-0.308923
-0.312282
-0.31495
-0.317196
-0.319154
-0.320909
-0.32256
-0.324167
-0.325788
-0.327429
