1.20324
1.20811
1.21391
1.21998
1.22575
1.23086
1.23512
1.23841
1.24069
1.24189
1.24198
1.24091
1.23875
1.2357
1.23214
1.22862
1.22576
1.22405
1.22373
1.22488
1.22745
1.23143
1.23673
1.2431
1.25009
1.25711
1.26357
1.26903
1.27331
1.27643
1.27861
1.28014
1.28126
1.28212
1.28272
1.28294
1.28266
1.28182
1.28053
1.27904
1.27768
1.27674
1.27638
1.27657
1.27717
1.27801
1.27895
1.27997
1.28116
1.28271
1.2848
1.2876
1.2912
1.29559
1.30069
1.30636
1.31238
1.31852
1.32455
1.33023
1.33537
1.3398
1.34341
1.34613
1.34794
1.34884
1.34889
1.34814
1.34665
1.34446
1.34159
1.33797
1.3335
1.32813
1.32187
1.31492
1.30756
1.30009
1.29276
1.28612
1.28142
1.28048
1.28463
1.29345
1.30479
1.31617
1.32594
1.33355
1.33914
1.34318
1.34612
1.34836
1.35014
1.35164
1.35294
1.35411
1.3552
1.35628
1.35736
1.35845
