1.8
1.80001
1.80003
1.80005
1.80007
1.8001
1.80014
1.80019
1.80024
1.80029
1.80036
1.80043
1.8005
1.80058
1.80067
1.80077
1.80087
1.80098
1.8011
1.80123
1.80136
1.8015
1.80165
1.80181
1.80197
1.80215
1.80233
1.80252
1.80272
1.80293
1.80315
1.80338
1.80363
1.80388
1.80414
1.80441
1.8047
1.80499
1.8053
1.80562
1.80596
1.80631
1.80667
1.80705
1.80744
1.80785
1.80828
1.80872
1.80918
1.80966
1.81016
1.81068
1.81123
1.81179
1.81238
1.813
1.81364
1.81431
1.815
1.81573
1.81649
1.81729
1.81812
1.81899
1.8199
1.82085
1.82185
1.8229
1.824
1.82515
1.82636
1.82763
1.82896
1.83036
1.83183
1.83338
1.835
1.8367
1.83849
1.84036
1.84231
1.84434
1.84645
1.84862
1.85083
1.85305
1.85525
1.85736
1.85931
1.86099
1.86228
1.86302
1.86307
1.8623
1.86072
1.8585
1.85614
1.8544
1.85423
1.85643
