1.52621
1.52621
1.52619
1.5262
1.5262
1.52621
1.52619
1.52619
1.52619
1.5262
1.5262
1.5262
1.5262
1.5262
1.52619
1.52619
1.52618
1.52618
1.52617
1.52617
1.52617
1.52616
1.52616
1.52616
1.52615
1.52615
1.52615
1.52614
1.52614
1.52614
1.52613
1.52613
1.52613
1.52614
1.52613
1.52613
1.52613
1.52613
1.52613
1.52614
1.52614
1.52613
1.52612
1.52612
1.52611
1.52611
1.5261
1.5261
1.52609
1.5261
1.52609
1.52609
1.52608
1.52608
1.52608
1.52608
1.52608
1.52609
1.52608
1.52609
1.52609
1.5261
1.5261
1.52611
1.52611
1.5261
1.5261
1.52609
1.52609
1.5261
1.52609
1.5261
1.5261
1.5261
1.5261
1.5261
1.5261
1.5261
1.5261
1.5261
1.52609
1.52609
1.52609
1.52609
1.5261
1.52611
1.5261
1.5261
1.5261
1.5261
1.5261
1.5261
1.5261
1.52609
1.52611
1.5261
1.5261
1.52609
1.5261
1.52609
