-0.329138
-0.330603
-0.331831
-0.332594
-0.332675
-0.331904
-0.330188
-0.327567
-0.324213
-0.320514
-0.31694
-0.313968
-0.311986
-0.311197
-0.311572
-0.31298
-0.315131
-0.317707
-0.320404
-0.322932
-0.325088
-0.326751
-0.327918
-0.328699
-0.329247
-0.329714
-0.330228
-0.330821
-0.331443
-0.331974
-0.332235
-0.33204
-0.331206
-0.32959
-0.327088
-0.323686
-0.319465
-0.314657
-0.309634
-0.304819
-0.300589
-0.297165
-0.294563
-0.292673
-0.291399
-0.290685
-0.290629
-0.291267
-0.292521
-0.294161
-0.295848
-0.297239
-0.298086
-0.298266
-0.297777
-0.296677
-0.295048
-0.292975
-0.290521
-0.287805
-0.285082
-0.282853
-0.2819
-0.28319
-0.28746
-0.294759
-0.304335
-0.314921
-0.325215
-0.334321
-0.341818
-0.347655
-0.351966
-0.355015
-0.357025
-0.358213
-0.358693
-0.358572
-0.357863
-0.356551
-0.354612
-0.351964
-0.348531
-0.344245
-0.339027
-0.332869
-0.325802
-0.317934
-0.309429
-0.300531
-0.291565
-0.282835
-0.274709
-0.267605
-0.262022
-0.258578
-0.257818
-0.260054
-0.265155
-0.272538
