1.20097
1.20195
1.20277
1.20327
1.20333
1.20282
1.20167
1.19992
1.19769
1.19522
1.19284
1.19086
1.18954
1.18901
1.18926
1.1902
1.19162
1.19334
1.19514
1.19683
1.19826
1.19937
1.20015
1.20067
1.20104
1.20135
1.20169
1.20209
1.20251
1.20286
1.20304
1.20291
1.20236
1.20128
1.19961
1.19734
1.19453
1.19133
1.18798
1.18477
1.18195
1.17967
1.17793
1.17667
1.1758
1.17533
1.17529
1.17572
1.17656
1.17765
1.17878
1.17971
1.18027
1.1804
1.18007
1.17933
1.17825
1.17686
1.17522
1.17341
1.17159
1.1701
1.16946
1.17033
1.17318
1.17805
1.18443
1.19148
1.19835
1.20442
1.20942
1.21331
1.21618
1.21821
1.21956
1.22035
1.22067
1.22059
1.22011
1.21925
1.21795
1.21619
1.2139
1.21104
1.20756
1.20346
1.19874
1.19349
1.18782
1.1819
1.17592
1.1701
1.16468
1.15994
1.15623
1.15394
1.15343
1.15493
1.15833
1.16325
