0.440601   0.47993   -0.456043
-0.332199   -0.34275   0.489401
0.477704   -0.277763   -0.359499
-0.378942   -0.468947   -0.342307
-0.198975   -0.491548   0.486831
0.0737107   -0.299116   0.444482
-0.169276   -0.350087   -0.342079
0.00261671   0.480274   -0.339061
0.188076   -0.483936   0.482862
0.31848   -0.313647   -0.491219
0.138321   -0.364566   -0.344367
0.289206   0.480615   -0.310543
-0.460889   -0.143746   -0.490863
-0.340649   0.00150853   -0.453788
0.490629   -0.00685433   -0.338522
-0.313767   -0.200934   -0.334684
-0.179701   -0.18206   0.462795
0.0471423   -0.0246281   0.472635
-0.180292   -0.0510895   -0.305396
-0.00226239   -0.17881   -0.370101
0.216483   -0.146813   0.375682
0.299609   -0.00126685   0.4892
0.148443   0.0386453   -0.3147
0.289882   -0.161554   -0.318229
0.482457   0.174772   -0.477339
-0.355078   0.35964   0.490085
0.4902   0.294228   -0.315903
-0.268644   0.170389   -0.294589
-0.10709   0.140451   -0.417149
0.051564   0.36944   0.483721
-0.190162   0.371427   -0.350425
-0.00565224   0.147599   -0.241222
0.0881213   0.173053   -0.444999
0.269346   0.30044   -0.443663
0.136064   0.333548   -0.290683
0.330285   0.154043   -0.271268
0.469425   0.479916   -0.201194
-0.335059   -0.345806   -0.134588
0.47867   -0.364485   -0.0235109
-0.359555   0.481912   0.0161455
-0.202166   0.482544   -0.176877
0.00221036   -0.368309   -0.173308
-0.169544   -0.334976   0.00967031
0.0176609   -0.46598   0.0315643
0.160424   -0.493658   -0.141013
0.350181   -0.323156   -0.19405
0.18969   -0.34925   0.0222439
0.348791   0.485811   0.00391085
0.493811   -0.177   -0.153372
-0.329262   -0.0121347   -0.184987
-0.495822   -0.00706954   -0.0137835
-0.31949   -0.150526   -0.0297266
-0.149099   -0.223498   -0.17387
0.00904728   -0.0376329   -0.158304
-0.181971   0.00341439   -0.0362237
-0.026126   -0.178429   0.0341369
0.122885   -0.203019   -0.21772
0.347568   -0.00617367   -0.148887
0.175973   -0.0138486   -0.0195097
0.360276   -0.143729   0.0368156
-0.467242   0.151802   -0.170832
-0.312493   0.341701   -0.104397
0.498383   0.341444   -0.0321606
-0.357808   0.158115   -0.00647275
-0.153734   0.189523   -0.104636
0.00283485   0.341284   -0.124842
-0.134423   0.371062   0.0167481
0.0327876   0.144114   -0.0242417
0.188836   0.196232   -0.141976
0.33676   0.324733   -0.157586
0.172106   0.344386   0.00337079
0.373055   0.157259   -0.0201566
0.487232   0.473854   0.154323
-0.371409   -0.281388   0.125607
0.489459   -0.398668   0.396084
-0.338351   -0.477306   0.297662
-0.161271   -0.486448   0.174309
-0.00255647   -0.31346   0.195002
-0.176828   -0.316936   0.319327
-0.0122201   -0.470515   0.326906
0.219779   0.486608   0.163333
0.392451   -0.352835   0.171007
0.236917   -0.350932   0.328645
0.347674   0.434219   0.360863
-0.49047   -0.074125   0.191897
-0.30627   0.0210955   0.157025
0.497906   0.0192887   0.385918
-0.34782   -0.149966   0.325683
-0.180826   -0.14424   0.174491
-0.0249006   0.0172116   0.114991
-0.126187   0.0497676   0.328816
-0.00178948   -0.128524   0.284829
0.180245   -0.141532   0.167661
0.324796   0.00420789   0.185887
0.0791134   0.0874309   0.281912
0.410591   -0.222312   0.331392
-0.492235   0.134894   0.159197
-0.307493   0.316908   0.119518
-0.494178   0.302032   0.296093
-0.347141   0.152411   0.347075
-0.156091   0.174908   0.133781
0.0277082   0.301833   0.131686
-0.205576   0.36351   0.324497
-0.0498109   0.240026   0.32437
0.192825   0.163744   0.136572
0.3504   0.291009   0.140965
0.144278   0.339082   0.289673
0.289104   0.158687   0.327574
