0.455416   0.478083   -0.442557
-0.307304   -0.302946   0.488613
0.451629   -0.339761   -0.357696
-0.300917   -0.479266   -0.428456
-0.0913814   -0.450695   0.451886
0.085377   -0.322363   0.462551
-0.139303   -0.314401   -0.362788
0.0142423   -0.469029   -0.356171
0.16838   -0.494745   0.487797
0.299765   -0.237271   0.477435
0.200091   -0.354267   -0.34822
0.320382   0.474618   -0.27291
-0.49322   -0.10157   0.446282
-0.312686   -0.0170725   -0.473602
0.465218   -0.0503314   -0.325024
-0.355119   -0.183194   -0.34974
-0.133068   -0.129584   -0.460514
0.12407   -0.0905001   -0.465177
-0.116393   0.0526671   -0.325765
0.0146627   -0.172357   -0.32014
0.22068   -0.0917852   0.324979
0.324588   -0.0193905   0.487337
0.110171   0.0334968   -0.25343
0.276701   -0.180948   -0.310216
0.481841   0.0950426   -0.445922
-0.359618   0.37067   0.459512
0.489919   0.318371   -0.353572
-0.346963   0.182453   -0.382312
-0.188711   0.151074   0.492543
0.0140469   0.37545   0.467006
-0.141182   0.362373   -0.368778
0.0139226   0.221961   -0.303033
0.179976   0.167917   -0.423897
0.304012   0.348121   -0.430164
0.155052   0.376613   -0.285465
0.318511   0.0648794   -0.340085
0.476001   -0.445635   -0.150598
-0.333217   -0.377358   -0.17172
0.488693   -0.276321   0.00319132
-0.315154   -0.480783   0.00557513
-0.148914   -0.495634   -0.187425
0.00388261   -0.356226   -0.186444
-0.164284   -0.338902   0.0935525
-0.0196677   -0.458771   0.00184379
0.183983   -0.466486   -0.138398
0.318223   -0.298876   -0.129904
0.135422   -0.352149   0.0419457
0.357714   -0.49796   0.0236282
-0.493786   -0.216292   -0.187723
-0.335539   0.0123631   -0.200883
-0.479448   -0.0245564   -0.0512492
-0.319107   -0.163728   0.0240634
-0.157547   -0.275459   -0.0892671
-0.106382   -0.0927102   -0.150221
-0.154788   -0.0342019   0.0445262
0.0110708   -0.189531   0.033652
0.135551   -0.183178   -0.138712
0.329095   -0.0563024   -0.160614
0.175962   -0.0124085   -0.0369724
0.267412   -0.178119   0.0325938
0.475961   0.119516   -0.190608
-0.413067   0.377511   -0.0922783
0.428166   0.268448   -0.00944029
-0.343851   0.167431   -0.0391144
-0.170152   0.159594   -0.177016
0.0237306   0.34408   -0.115702
-0.205421   0.336962   -0.0535792
-0.0147637   0.0949872   -0.038693
0.144316   0.183755   -0.131482
0.311363   0.256646   -0.214893
0.228092   0.356225   -0.0330224
0.353445   0.0642296   0.00637182
0.442698   0.379763   0.163154
-0.364906   -0.317231   0.145123
0.482081   -0.336174   0.418945
-0.404087   0.49795   0.322385
-0.0793381   0.496628   0.172719
0.00983485   -0.309556   0.226037
-0.226891   -0.345184   0.303287
0.0557767   -0.473736   0.313031
0.235416   -0.497763   0.172148
0.419322   -0.386543   0.206701
0.248219   -0.274713   0.206478
0.345978   0.421468   0.372325
0.486461   -0.0946647   0.138024
-0.345436   0.0349421   0.115919
-0.394969   0.0405475   0.332326
-0.345734   -0.182343   0.303176
-0.185199   -0.150372   0.192736
-0.0348575   0.0569996   0.214465
-0.179213   -0.0236585   0.343133
0.0259538   -0.110037   0.356609
0.109229   -0.0968856   0.172363
0.372164   0.0400358   0.226378
0.113694   0.0601106   0.403388
0.408787   -0.182216   0.29597
-0.460786   0.186419   0.149508
-0.347623   0.347478   0.0936243
-0.48715   0.206129   0.380404
-0.303501   0.251781   0.272038
-0.163388   0.160208   0.0844882
0.0290266   0.334176   0.117247
-0.191059   0.417373   0.329247
-0.0656815   0.257312   0.283567
0.157677   0.0970324   0.132797
0.301186   0.24554   0.213926
0.154706   0.327285   0.320304
0.305834   0.179432   0.410739
