-0.496799   -0.468498   -0.453862
-0.274779   -0.284717   0.453484
0.454234   -0.324543   -0.319782
-0.270676   -0.468648   -0.497861
-0.0933572   -0.365085   0.478594
0.0915171   -0.29092   -0.474661
-0.144086   -0.292447   -0.315106
0.0427446   -0.474611   -0.362155
0.218771   0.491184   -0.464559
0.30263   -0.29081   0.436791
0.212763   -0.346281   -0.318597
0.311472   0.447946   -0.300362
-0.454835   -0.113105   -0.481408
-0.306117   0.0141893   -0.426637
-0.478636   -0.034785   -0.275738
-0.31837   -0.163157   -0.332729
-0.128849   -0.151175   -0.487558
0.158413   -0.0567565   -0.471616
-0.0958944   0.0557073   -0.468071
0.0354352   -0.178105   -0.293172
0.155322   -0.0703114   0.315283
0.369014   0.0702537   -0.454553
0.0705442   0.0210289   -0.286771
0.270214   -0.126263   -0.316983
-0.444112   0.158751   -0.46106
-0.367808   0.328772   0.465758
-0.44989   0.372289   -0.310689
-0.296446   0.18603   -0.286523
-0.219402   0.188005   0.435154
0.014688   0.365935   0.489514
-0.16195   0.351671   -0.451287
-0.0188761   0.228376   -0.33309
0.177319   0.147147   -0.414613
0.399406   0.301154   -0.460136
0.145683   0.341581   -0.326912
0.327216   0.0545134   -0.242069
-0.483548   -0.436063   -0.1341
-0.3232   -0.480586   -0.298921
0.392657   -0.288397   0.0437714
-0.263542   -0.469166   -0.0514983
-0.135064   -0.477804   -0.222361
0.022799   -0.328841   -0.164748
-0.186603   -0.354523   0.0988065
-0.0710304   -0.450105   -0.0259759
0.165945   0.492488   -0.161557
0.292251   -0.295483   -0.142831
0.178977   -0.338527   0.040475
0.336638   0.494521   -0.0288405
-0.496751   -0.203757   -0.155392
-0.28557   -0.0201403   -0.171175
-0.442355   -0.0265837   -0.0225747
-0.279156   -0.182918   0.037895
-0.312608   -0.301801   -0.158108
-0.135973   -0.0407085   -0.298215
-0.193953   -0.00581606   0.00724344
-0.0705085   -0.215527   0.0090629
0.170979   -0.119424   -0.140404
0.36796   -0.0913578   -0.0393076
0.00952611   0.00485485   -0.0952558
0.239876   -0.149049   0.15662
-0.457692   0.170969   -0.16872
-0.391324   0.359646   -0.0581671
0.435513   0.270228   0.0213292
-0.328508   0.128701   -0.0386452
-0.129336   0.125055   -0.126052
0.0157641   0.367681   -0.15493
-0.209086   0.326471   -0.086405
0.0294914   0.203803   -0.00924458
0.156421   0.208077   -0.188742
0.351737   0.26195   -0.242117
0.231727   0.326057   0.00206271
0.351541   0.0411753   0.092299
0.447053   0.395366   0.184672
-0.390771   -0.364655   0.144625
-0.498055   -0.341122   0.405308
-0.390485   0.436427   0.299749
-0.121999   0.45079   0.143093
0.0307925   -0.408352   0.183104
-0.209045   -0.423226   0.286234
0.0481675   -0.492883   0.351794
0.252969   0.469245   0.150795
0.375663   -0.343713   0.226844
0.156235   -0.298429   0.269834
0.313263   0.386569   0.35434
0.48008   -0.0880439   0.179559
-0.327472   -0.00237611   0.157855
-0.42559   0.0267355   0.373749
-0.313605   -0.226717   0.262543
-0.145063   -0.155155   0.188181
-0.0992547   0.0699688   0.243116
-0.239244   -0.0411308   0.342671
0.0109463   -0.211033   0.34925
0.0379023   -0.0901497   0.136834
0.367887   0.0509182   0.312525
0.0704862   0.108555   0.382242
0.443156   -0.161614   0.351709
-0.475246   0.12821   0.13724
-0.315891   0.432514   0.130796
0.492179   0.231147   0.334624
-0.314435   0.220091   0.249072
-0.194881   0.197056   0.0905332
0.0568794   0.404052   0.0746572
-0.202832   0.363488   0.319309
-0.0233897   0.25054   0.256729
0.12456   0.0858901   0.18823
0.293872   0.240714   0.188659
0.139386   0.366076   0.249847
0.255281   0.204832   0.38838
