0.468682   -0.499478   -0.448581
-0.314617   -0.168198   0.460107
-0.499737   -0.30202   -0.359544
-0.308042   -0.351448   -0.440675
-0.153835   -0.289402   0.461497
0.0473012   -0.30533   0.495975
-0.102515   -0.364732   -0.338504
-0.0350357   -0.49691   0.498706
0.163095   0.46654   0.441902
0.334694   -0.32974   0.448728
0.217576   -0.362821   -0.396055
0.366945   -0.447585   -0.261613
-0.486348   -0.109985   -0.394019
-0.239668   -0.00182988   -0.447215
-0.486711   -0.0318159   -0.207152
-0.2906   -0.176741   -0.341563
-0.0623436   -0.120506   -0.449397
0.185182   -0.102793   0.480378
-0.105139   0.126231   0.483867
0.123204   -0.169818   -0.31567
0.083041   -0.116935   0.303549
0.334048   0.0300616   -0.453659
0.0800776   0.0431548   -0.314683
0.319237   -0.157387   -0.341956
-0.483037   0.0986899   -0.427803
-0.393217   0.272017   -0.413532
-0.465154   0.352627   -0.218163
-0.216663   0.157585   -0.327573
-0.295542   0.152118   0.427651
0.0240538   0.301588   0.477091
-0.195453   0.344773   -0.435839
-0.0142444   0.211471   -0.357165
0.204601   0.236753   -0.3886
0.366669   0.342418   -0.392915
0.181277   0.446715   -0.310486
0.342181   0.0942103   -0.255515
-0.439583   -0.396155   -0.069501
-0.352969   -0.412944   -0.257115
0.427889   -0.255784   0.0319416
-0.228202   -0.452212   -0.067854
-0.212038   0.431855   -0.221062
0.119337   -0.356084   -0.239047
-0.183855   -0.401714   0.14065
-0.0454605   -0.462406   -0.14188
0.206688   -0.487866   -0.112737
0.311691   -0.28089   -0.145721
0.163665   -0.256134   -0.0249398
0.385545   0.455165   -0.0685582
-0.492448   -0.221919   -0.160808
-0.274779   0.0038131   -0.188867
-0.401797   0.0263054   -0.0236684
-0.391192   -0.218495   0.0223406
-0.291594   -0.262357   -0.156088
-0.108633   -0.0263772   -0.295021
-0.222838   0.0114405   0.0882125
-0.0597655   -0.282898   -0.0512012
0.17266   -0.0840815   -0.144011
0.349535   -0.0651231   -0.0579824
-0.0935953   -0.0357076   -0.0483959
0.244547   -0.180157   0.140234
-0.410202   0.187917   -0.167912
-0.399159   0.407343   -0.0203316
0.393524   0.122328   -0.0510279
-0.323693   0.226377   0.00493567
-0.123706   0.145561   -0.144267
0.0163694   0.345559   -0.157014
-0.151878   0.344108   -0.0487188
0.0728549   0.233679   0.0197633
0.169072   0.180166   -0.18449
0.33171   0.291281   -0.169497
0.239532   0.339328   0.0325961
0.187881   0.036028   0.0103741
0.465292   0.321546   0.0643777
-0.396348   -0.426202   0.134746
-0.45643   -0.312496   0.411164
-0.377209   0.368668   0.401901
-0.0969865   0.401014   0.142965
0.0523398   -0.38409   0.133073
-0.25926   -0.456152   0.312299
-0.0236435   -0.495048   0.293566
0.265147   -0.386891   0.127161
0.407361   -0.304793   0.23999
0.155238   -0.356257   0.3219
0.422476   -0.486513   0.331803
0.390256   -0.0707508   0.199494
-0.405421   -0.036044   0.214892
-0.469975   -0.00078406   0.408546
-0.334891   -0.251739   0.245542
-0.198739   -0.178553   0.139515
-0.0573815   0.014137   0.193322
-0.146212   -0.0641502   0.372102
-0.091722   -0.275506   0.274739
0.0520488   -0.176489   0.111888
0.31429   0.0566472   0.33923
0.0865191   0.125242   0.396541
0.375187   -0.132085   0.439577
0.488772   0.12665   0.146195
-0.300884   0.378785   0.148396
0.480976   0.200683   0.422664
-0.298551   0.148609   0.197975
-0.119258   0.192311   0.122429
0.0579461   0.455761   0.0119825
-0.140708   0.370477   0.373239
0.0533213   0.267566   0.25484
0.133782   0.0502956   0.199562
0.289112   0.196749   0.215612
0.163614   0.448665   0.229546
0.240864   0.25031   0.412329
