-0.459107   0.482737   -0.35897
-0.303876   -0.201809   0.397786
0.44971   -0.312547   -0.448002
-0.308948   -0.326699   -0.454838
-0.130294   -0.296158   0.45844
0.0466224   -0.298161   -0.463515
-0.0978943   -0.309096   -0.299496
-0.0807922   0.492014   -0.429638
0.161588   -0.493946   -0.47935
0.311809   0.485837   0.36819
0.250745   -0.305349   -0.436769
0.467121   -0.390877   -0.22694
-0.413118   -0.151515   -0.429369
-0.263719   -0.012816   -0.409987
0.421133   0.0221601   -0.144303
-0.280218   -0.213853   -0.279155
-0.0448533   -0.116626   -0.449035
0.197752   -0.117511   -0.472067
-0.0947806   0.139284   0.480738
0.109656   -0.183237   -0.285018
0.0557636   -0.164122   0.381563
0.311039   0.0562558   -0.457028
0.0738166   0.00865234   -0.379775
0.373676   -0.12993   -0.388652
0.492548   0.0882062   -0.421145
-0.429485   0.276438   -0.341861
-0.491444   0.387305   -0.19082
-0.247536   0.15753   -0.279065
-0.316189   0.178137   -0.483113
0.0351193   0.348608   0.42569
-0.19109   0.326497   -0.424219
-0.0497038   0.156282   -0.311038
0.15039   0.198791   -0.420667
0.354895   0.394007   -0.451141
0.091606   0.36167   -0.331212
0.299483   0.158536   -0.283165
-0.420838   -0.333795   -0.0846539
-0.330594   -0.431869   -0.261078
0.378471   -0.287046   -0.0304946
-0.217327   -0.32981   -0.121118
-0.284896   0.370789   -0.246785
0.0849824   -0.41105   -0.298362
-0.170203   -0.439512   0.113248
-0.0747636   0.492881   -0.210626
0.251104   -0.449388   -0.117819
0.298268   -0.242455   -0.218554
0.172708   -0.243927   -0.0670774
0.417008   0.464243   -0.0157638
-0.490859   -0.181214   -0.238103
-0.392093   -0.0190828   -0.24436
-0.422113   0.0688567   -0.0165998
-0.466803   -0.180286   0.0758444
-0.321215   -0.143406   -0.0853146
-0.189285   -0.0340693   -0.214003
-0.236669   0.0128585   0.0657842
-0.0173271   -0.307484   -0.0974404
0.244151   -0.0489359   -0.233702
0.307471   -0.100306   -0.0581644
-0.0582271   0.062421   -0.0423782
0.310797   -0.20827   0.131709
-0.416912   0.202553   -0.138727
-0.299089   0.427793   -0.0432046
0.323086   0.156168   -0.0596988
-0.365858   0.278668   0.0738095
-0.200985   0.216851   -0.0990901
-0.00207566   0.306966   -0.149101
-0.120204   0.376512   -0.00325925
0.0227759   0.239925   0.0376625
0.116769   0.0871998   -0.190524
0.314562   0.362641   -0.1994
0.196073   0.376877   0.0635184
0.184353   0.0518916   0.0238949
0.434883   0.284528   0.0581515
-0.411025   -0.471811   0.0843669
-0.403878   -0.370469   0.359236
-0.323059   0.469151   0.479308
-0.0311532   0.363354   0.201716
0.0335587   -0.353498   0.103896
-0.213729   -0.439855   0.326598
-0.0114534   -0.41686   0.320911
0.366613   0.450588   0.175194
0.407754   -0.312407   0.289079
0.197992   -0.290913   0.31703
-0.484391   0.450273   0.294674
0.415168   -0.029509   0.157735
-0.368155   -0.064901   0.214051
-0.432781   -0.00969906   0.411535
-0.323835   -0.300509   0.186656
-0.149038   -0.218883   0.0454311
0.005237   -0.0107131   0.225897
-0.146587   -0.0749377   0.322173
-0.112431   -0.260351   0.24357
0.0370636   -0.126347   0.0761874
0.378368   0.0466243   0.344274
0.135401   0.0341729   0.419078
0.383582   -0.159201   0.424807
0.486556   0.156011   0.193941
-0.283532   0.387406   0.233171
0.439113   0.223061   0.401506
-0.306774   0.13303   0.30192
-0.192238   0.2019   0.145397
0.039962   0.49464   -0.0600537
-0.12556   0.278783   0.338444
0.0983792   0.188885   0.221523
0.212575   -0.0461653   0.231478
0.282489   0.161102   0.146507
0.158388   0.467868   0.262837
0.230875   0.306771   0.418655
