1.09939
1.08719
1.07488
1.06483
1.05967
1.06025
1.06471
1.06943
1.07099
1.06767
1.05991
1.0499
1.04047
1.03399
1.03163
1.03337
1.03882
1.04793
1.06099
1.07793
1.09773
1.11848
1.13816
1.15508
1.16808
1.17634
1.17923
1.17651
1.16878
1.15775
1.14594
1.13577
1.12862
1.12455
1.12276
1.12219
1.12202
1.12176
1.12127
1.12068
1.12021
1.12002
1.12005
1.11992
1.11889
1.11574
1.10899
1.09762
1.08192
1.06415
1.04813
1.03768
1.03452
1.03735
1.04287
1.04763
1.04926
1.0468
1.04035
1.0307
1.01894
1.00625
0.994187
0.98497
0.981152
0.984432
0.994644
1.00996
1.02806
1.04719
1.0666
1.08629
1.10646
1.12674
1.14597
1.16237
1.17415
1.18004
1.17951
1.17274
1.16051
1.14416
1.12556
1.10694
1.09021
1.07628
1.06495
1.0555
1.04803
1.04422
1.04688
1.05777
1.07562
1.09649
1.11625
1.13235
1.14407
1.15169
1.15577
1.15655
1.15382
1.14713
1.13612
1.12088
1.10209
1.08117
1.06017
1.0413
1.02631
1.01601
1.0103
1.00858
1.01019
1.01445
1.02064
1.02801
1.03581
1.04345
1.0505
1.05676
1.06224
1.06718
1.072
1.07716
1.08296
1.08937
1.09596
1.10204
1.10693
1.11014
1.11133
1.11015
1.10609
1.09867
1.08768
1.0735
1.05732
1.04109
1.0272
1.01795
1.01492
1.01841
1.02737
1.03982
1.05342
1.06603
1.07591
1.0818
1.08306
1.07979
1.07315
1.06572
1.06126
1.06359
1.07509
1.09563
1.12276
1.15257
1.18082
1.20384
1.21906
1.22522
1.22229
1.21131
1.19409
1.17289
1.15026
1.12881
1.11101
1.09881
1.09325
1.09387
1.09873
1.10497
1.10975
1.11096
1.10755
1.09963
1.08832
1.0756
1.06385
1.05528
1.05129
1.05217
1.05712
1.06472
1.07336
1.08162
1.08865
1.09421
1.09856
1.10224
1.10567
1.10901
1.1121
1.11459
1.11619
1.11693
1.11726
1.11795
1.11975
1.12301
1.12761
1.13319
1.13936
1.14579
1.15211
1.15767
1.16164
1.1632
1.1618
1.15745
1.15081
1.14301
1.13525
1.12828
1.12215
1.11638
1.11041
1.1041
1.09775
1.09181
1.0867
1.0827
1.08012
1.07917
1.0799
1.08208
1.08505
1.08757
1.08776
1.08366
1.07411
1.05986
1.04404
1.03175
1.02823
1.03649
1.05572
1.08158
1.10832
1.131
1.14667
1.1543
1.15434
1.14829
1.13836
1.12723
1.11768
1.11206
1.11185
1.11724
1.127
1.13898
1.15096
1.16158
1.17031
1.17669
1.17961
1.17741
1.16873
1.15351
1.13348
1.11193
1.09252
1.07803
1.06953
1.06653
1.06772
1.07159
1.07686
1.08265
1.08864
1.09512
1.10272
1.11211
1.12367
1.13725
1.15184
1.16561
1.17654
1.18311
1.18479
1.182
1.17574
1.16702
1.15653
1.14459
1.13131
1.11673
1.10091
1.08401
1.06639
1.0489
1.03297
1.02035
1.01251
1.00999
1.01233
1.01847
1.02735
1.03826
1.05057
1.06342
1.07544
1.08512
1.09122
1.0932
1.09136
1.08673
1.08074
1.07459
1.06879
1.06318
1.05734
1.05106
1.04467
1.03884
1.03407
1.03031
1.02712
1.0243
1.02227
1.02182
1.02362
1.02806
1.0353
1.04523
1.05738
1.07095
1.08517
1.09954
1.11373
1.12742
1.14024
1.15162
1.16082
1.16699
1.16931
1.16713
1.16011
1.14834
1.13251
1.11402
1.09474
1.07659
1.06105
1.04876
1.03934
1.0315
1.02341
1.0136
1.00175
0.989298
0.979134
0.974623
0.978153
0.990192
1.00887
1.03004
1.04814
1.0579
1.05617
1.04356
1.02495
1.00801
0.999608
1.00279
1.01686
1.03882
1.06446
1.0891
1.1087
1.12079
1.12477
1.12165
1.1134
1.10229
1.09038
1.07938
1.07065
1.06511
1.06309
1.06417
1.06711
1.07011
1.07129
1.06945
1.06458
1.05798
1.05196
1.04918
1.05153
1.05929
1.07104
1.08436
1.09671
1.10604
1.11097
1.11096
1.10679
1.10085
1.09645
1.09584
1.09856
1.1021
1.10373
1.10195
1.09731
1.09284
1.09314
1.10109
1.11469
1.12822
1.13613
1.13539
1.12559
1.10816
1.0857
1.06136
1.03841
1.0196
1.00666
1.00013
0.999537
1.00403
1.01282
1.02533
1.04072
1.05718
1.07185
1.08167
1.0847
1.08112
1.07296
1.06278
1.05205
1.04062
1.02797
1.0147
1.00324
0.996939
0.9982
1.00694
1.02054
1.0353
1.04807
1.05717
1.06251
1.06509
1.06654
1.06867
1.07298
1.08015
1.08978
1.10048
1.11045
1.11819
1.1231
1.12563
1.12692
1.12812
1.1297
1.13136
1.13239
1.13226
1.13096
1.12912
1.12778
1.12807
1.13073
1.13568
1.14189
1.14774
1.15164
1.15268
1.15078
1.14663
1.1415
1.13677
1.13341
1.13171
1.13122
1.13121
1.13107
1.13054
1.12957
1.12816
1.12616
1.12338
1.11973
1.11548
1.11136
1.10846
1.10771
1.10934
1.11282
1.11727
1.12196
1.12656
1.13108
1.13569
1.14053
1.14568
1.15117
1.15708
1.16345
1.17011
1.17653
1.1817
1.18431
1.18291
1.17637
1.16419
1.14689
1.12609
1.10432
1.08443
1.06874
1.05825
1.05239
1.04939
1.04717
1.04423
1.04012
1.03547
1.03166
1.03025
1.03233
1.03813
1.04692
1.05721
1.06717
1.07524
1.08064
1.08372
1.08555
1.08718
1.08889
1.09031
1.09126
1.09242
1.09522
1.10102
1.11031
1.12256
1.13642
1.15028
1.16271
1.17284
1.1805
1.18595
1.18962
1.19165
1.19177
1.18954
1.1849
1.17842
1.17098
1.16302
1.15434
1.14443
1.13355
1.12296
1.11445
1.10909
1.10636
1.10433
1.10074
1.09427
1.08522
1.07528
1.06676
1.06155
1.06036
1.06272
1.06743
1.07343
1.07997
1.08675
1.09369
1.10087
1.10833
1.1159
1.12304
1.12889
1.13254
1.13316
1.13021
1.12344
1.11315
1.1002
1.08603
1.07226
1.06027
1.0508
1.04381
1.03881
1.0353
1.03323
1.03297
1.035
1.0396
1.04669
1.05593
1.06696
1.07936
1.09252
1.1056
1.11739
1.12646
1.13141
1.13121
1.1257
1.11578
1.10343
1.09133
1.08196
1.07674
1.07577
1.07826
1.08299
1.08857
1.09346
1.09619
1.09549
1.09056
1.08124
1.06817
1.05275
1.03704
1.02344
1.01413
1.01063
1.01325
1.02092
1.0315
1.04245
1.05166
1.05795
1.06132
1.06284
1.06438
1.06785
1.07452
1.08435
1.09578
1.10626
1.113
1.11375
1.10748
1.09486
1.0784
1.06169
1.04752
1.03631
1.02653
1.01653
1.00608
0.996046
0.987321
0.980098
0.974123
0.969445
0.966673
0.966532
0.969405
0.975334
0.984486
0.99732
1.01398
1.03346
1.05349
1.07142
1.08535
1.09444
1.09884
1.09937
1.09723
1.09367
1.08957
1.08509
1.07962
1.07225
1.06228
1.04975
1.03549
1.02087
1.00735
0.996132
0.988068
0.983457
0.981792
0.981797
0.981977
0.98168
0.982064
0.985791
0.994925
1.00871
1.02393
1.03726
1.04684
1.05231
1.05423
1.05331
1.05001
1.04448
1.03694
1.02829
1.02041
1.01577
1.01651
1.02314
1.03422
1.04724
1.0599
1.07105
1.08079
1.09
1.09956
1.10948
1.11877
1.12603
1.13033
1.13187
1.13172
1.13093
1.1296
1.12687
1.12175
1.11422
1.10557
1.09778
1.09272
1.09163
1.09514
1.10335
1.11553
1.12967
1.14272
1.15148
1.15403
1.15061
1.14372
1.13707
1.13384
1.13529
1.14071
1.14837
1.15638
1.16316
1.16753
1.16877
1.16675
1.16191
1.15509
1.14715
1.13853
1.12923
1.11903
1.10811
1.09741
1.08883
1.08469
1.08682
1.09557
1.10944
1.12558
1.14091
1.15299
1.1603
1.16245
1.16016
1.15545
1.15155
1.1519
1.15809
1.16854
1.17974
1.189
1.19611
1.203
1.21191
1.22341
1.2357
1.24564
1.25039
1.24829
1.23902
1.22328
1.2025
1.17849
1.15297
1.12713
1.10142
1.07598
1.05137
1.02937
1.01306
1.00593
1.01007
1.02473
1.04639
1.07067
1.094
1.11415
1.12982
1.14001
1.14412
1.14249
1.13711
1.13132
1.12867
1.13112
1.13852
1.14918
1.1612
1.17296
1.18287
1.18905
1.18941
1.18239
1.16758
1.14618
1.12151
1.09885
1.08415
1.08128
1.08991
1.106
1.12404
1.13942
1.14952
1.15378
1.15316
1.1495
1.14489
1.14096
1.13842
1.13721
1.13698
1.13752
1.13888
1.14114
1.14414
1.14749
1.15066
1.1532
1.1548
1.15525
1.15435
1.15195
1.1482
1.14373
1.13953
1.13653
1.13517
1.13513
1.13554
1.13526
1.13318
1.12846
1.12066
1.10985
1.09671
1.08243
1.06848
1.05635
1.04732
1.04235
1.04206
1.0465
1.05508
1.06661
1.07945
1.09201
1.10296
1.1115
1.11762
1.12205
1.12582
1.12947
1.13239
1.13306
1.12997
1.12289
1.11369
1.1064
1.10544
1.11253
1.12494
1.1373
1.14478
1.14468
1.13663
1.12216
1.1043
1.08696
1.07416
1.06915
1.07349
1.08618
1.1036
1.12089
1.13397
1.14092
1.1421
1.13936
1.13491
1.13022
1.12549
1.11999
1.11295
1.10429
1.09486
1.08622
1.07999
1.07726
1.07837
1.0828
1.08936
1.09642
1.10216
1.10489
1.10345
1.0977
1.08892
1.08006
1.07522
1.07805
1.08982
1.10866
1.13088
1.15269
1.17126
1.18484
1.19263
1.19472
1.19194
1.18513
1.17436
1.15887
1.13819
1.1134
1.08743
1.06412
1.04663
1.03625
1.03227
1.03315
1.03745
1.04428
1.05292
1.06242
1.07177
1.08039
1.08839
1.09632
1.10465
1.11323
1.12107
1.12674
1.12898
1.12729
1.12208
1.11447
1.10581
1.0972
1.08921
1.08195
1.07547
1.07021
1.06717
1.06784
1.07354
1.08485
1.10119
1.12096
1.14212
1.16275
1.1813
1.19651
1.20729
1.21268
1.21218
1.20634
1.19714
1.18775
1.18117
1.17856
1.17863
1.17866
1.17596
1.16872
1.15615
1.13871
1.11824
1.098
1.08181
1.07232
1.06981
1.07272
1.07965
1.09018
1.10389
1.11886
1.13195
1.14054
1.14392
1.14334
1.14103
1.13905
1.13853
1.13954
1.14129
1.14261
1.14238
1.13996
1.13529
1.12879
1.1212
1.11353
1.10665
1.10057
1.09443
1.08747
1.08
1.07293
1.06668
1.06081
1.05476
1.04881
1.04397
1.04106
1.04009
1.04054
1.04187
1.04365
1.04533
1.0458
1.04351
1.0375
1.02889
1.02162
1.02089
1.0293
1.04502
1.06416
1.08382
1.1028
1.12079
1.13744
1.15195
1.16308
1.16959
1.1707
1.16642
1.15744
1.14471
1.12908
1.11131
1.09219
1.07263
1.0535
1.03551
1.01921
1.00495
0.993012
0.983915
0.978834
0.979331
0.986395
0.999699
1.01765
1.03802
1.05864
1.07772
1.09409
1.10721
1.11692
1.12314
1.12565
1.12405
1.11812
1.1081
1.09486
1.07968
1.064
1.04932
1.03719
1.02895
1.02516
1.02517
1.02708
1.02857
1.02794
1.02497
1.02115
1.01911
1.02168
1.03105
1.04816
1.07205
1.10008
1.12896
1.15584
1.17895
1.19745
1.2111
1.21973
1.22315
1.22136
1.21495
1.20548
1.195
1.18525
1.17697
1.1701
1.16415
1.15836
1.15198
1.14463
1.1365
1.12829
1.12084
1.11488
1.11088
1.10897
1.10892
1.11013
1.11185
1.11334
1.11407
1.11368
1.11181
1.10816
1.10282
1.09691
1.09262
1.09225
1.09692
1.10584
1.11668
1.12624
1.13139
1.13027
1.12337
1.11341
1.10408
1.09851
1.09832
1.10332
1.11185
1.12155
1.13027
1.13674
1.14066
1.1423
1.14199
1.13993
1.13646
1.13226
1.1284
1.12576
1.12461
1.12443
1.12425
1.12296
1.11971
1.11456
1.10897
1.10568
1.10718
1.11383
1.12347
1.13304
1.14035
1.14455
1.14572
1.14432
1.14078
1.13554
1.12919
1.12267
1.11717
1.11386
1.11348
1.11606
1.12089
1.12685
1.13295
1.1389
1.14517
1.15231
1.16013
1.16741
1.17247
1.17389
1.1711
1.16457
1.15554
1.14538
1.13503
1.12485
1.11482
1.10474
1.09442
1.08375
1.07297
1.06271
1.05396
1.04764
1.04438
1.04433
1.04667
1.0495
1.05042
1.04768
1.04093
1.03126
1.02076
1.01166
1.00547
1.0026
1.00253
1.00454
1.00836
1.01454
1.02428
1.03854
1.05716
1.07851
1.09981
1.11811
1.13107
1.13749
1.13747
1.13242
1.12477
1.11739
1.11288
1.11297
1.11818
1.12787
1.1406
1.15451
1.16781
1.17892
1.1867
1.19052
1.19053
1.1877
1.18375
1.18055
1.17946
1.18094
1.18479
1.19059
1.19787
1.20575
1.21284
1.21759
1.21884
1.21615
1.20985
1.20084
1.19041
1.17997
1.17069
1.16316
1.15733
1.15259
1.14811
1.14293
1.13619
1.12731
1.11613
1.10302
1.08881
1.07445
1.06092
1.0495
1.04203
1.04093
1.04832
1.06475
1.08858
1.11659
1.14505
1.17063
1.19055
1.20277
1.2063
1.20191
1.19251
1.18224
1.17421
1.16849
1.16291
1.15524
1.14455
1.13094
1.11487
1.09702
1.07872
1.06261
1.05239
1.05143
1.06093
1.0789
1.10101
1.12263
1.14048
1.15315
1.16055
1.16325
1.16193
1.15712
1.14919
1.13856
1.12582
1.11185
1.09772
1.08461
1.07354
1.06535
1.06059
1.05936
1.06135
1.06588
1.07216
1.07947
1.08694
1.09334
1.09689
1.09586
1.08938
1.07809
1.06375
1.04819
1.03239
1.01619
0.998895
0.980027
0.960082
0.940855
0.925212
0.916029
0.914658
0.919986
0.928971
0.938501
0.947058
0.955128
0.964377
0.976313
0.99126
1.00808
1.02476
1.03943
1.05125
1.06061
1.06866
1.07652
1.08462
1.09249
1.09895
1.10244
1.1015
1.09516
1.08343
1.06752
1.04983
1.03351
1.0218
1.01738
1.02187
1.03527
1.05574
1.08
1.1044
1.12598
1.14303
1.15517
1.16304
1.16776
1.17033
1.17121
1.17043
1.16791
1.16383
1.15872
1.15327
1.14806
1.14363
1.1407
1.14014
1.14232
1.14649
1.15073
1.15291
1.15163
1.14671
1.13892
1.12945
1.11951
1.11029
1.10285
1.09802
1.09637
1.09843
1.10473
1.11529
1.12907
1.14406
1.1581
1.16962
1.17785
1.1826
1.18386
1.18166
1.17605
1.16725
1.15578
1.1423
1.12747
1.11177
1.09558
1.07939
1.06379
1.04933
1.03629
1.02479
1.01495
1.00729
1.00265
1.002
1.00576
1.01303
1.02146
1.0285
1.03365
1.03946
1.0494
1.06425
1.08125
1.09656
1.10768
1.11411
1.11674
1.11662
1.11397
1.10822
1.0989
1.08644
1.07209
1.05761
1.04492
1.03581
1.03128
1.03077
1.03245
1.0346
1.03642
1.03767
1.03808
1.03715
1.03451
1.03041
1.02599
1.02319
1.02412
1.03011
1.04121
1.05633
1.07379
1.09171
1.10818
1.1216
1.13093
1.13594
1.13717
1.13557
1.13199
1.12676
1.11982
1.11128
1.10187
1.09279
1.08526
1.08008
1.07767
1.07834
1.08228
1.08935
1.09888
1.10962
1.11985
1.1278
1.13201
1.13185
1.12774
1.12115
1.11417
1.10888
1.10661
1.10757
1.11093
1.11527
1.11924
1.12212
1.12401
1.12564
1.12783
1.13111
1.13555
1.14097
1.14711
1.15356
1.15947
1.16364
1.16497
1.16301
1.15815
1.15148
1.14463
1.13942
1.13723
1.13812
1.14051
1.14175
1.13928
1.13141
1.11775
1.09906
1.07705
1.05387
1.03172
1.01275
0.998989
0.991809
0.990978
0.994596
1.00012
1.00567
1.01079
1.01639
1.02402
1.03485
1.04883
1.06465
1.08031
1.09359
1.10248
1.10576
1.10354
1.09741
1.09019
1.08525
1.08576
1.09369
1.10911
1.13021
1.15405
1.17755
1.19816
1.21414
1.22453
1.2291
1.22832
1.22331
1.21553
1.2065
1.19744
1.1892
1.18236
1.17713
1.17342
1.17097
1.16948
1.16845
1.16712
1.16464
1.16061
1.15572
1.15176
1.15106
1.15539
1.16474
1.17714
1.18944
1.19848
1.20195
1.19865
1.18852
1.17245
1.1521
1.1296
1.10727
1.0874
1.07184
1.06167
1.05689
1.0564
1.05844
1.06115
1.06301
1.06296
1.06027
1.05445
1.04531
1.03331
1.01965
1.00629
0.995473
0.989085
0.988149
0.992625
1.00177
1.01451
1.02955
1.04511
1.05898
1.0692
1.07472
1.07584
1.07397
1.0709
1.06825
1.06723
1.06871
1.07352
1.08231
1.09498
1.11026
1.12566
1.13835
1.14599
1.14751
1.14317
1.13434
1.123
1.11112
1.10015
1.09092
1.0839
1.07922
1.07664
1.07548
1.07479
1.07355
1.07105
1.06706
1.06199
1.05665
1.05168
1.04716
1.04265
1.03805
1.03423
1.03292
1.03616
1.0454
1.06101
1.08215
1.10691
1.13265
1.15656
1.17624
1.19026
1.19823
1.20051
1.19779
1.19058
1.1791
1.16338
1.14351
1.12031
1.09608
1.07464
1.05969
1.05262
1.0514
1.052
1.05071
1.0463
1.04069
1.0374
1.03872
1.04433
1.05252
1.06174
1.07084
1.0787
1.08405
1.08572
1.08308
1.07619
1.06578
1.05298
1.03924
1.02681
1.01907
1.01952
1.02952
1.04686
1.06695
1.08565
1.10134
1.11498
1.12814
1.14053
1.14928
1.15093
1.14395
1.12967
1.11167
1.09386
1.07831
1.06438
1.04984
1.03263
1.01205
0.98912
0.966165
0.946121
0.93163
0.924228
0.923892
0.929193
0.937909
0.947847
0.957433
0.965956
0.974024
0.983861
0.998308
1.01839
1.0417
1.06371
1.07999
1.0875
1.08467
1.07157
1.05032
1.02533
1.00257
0.987821
0.984691
0.993741
1.013
1.0392
1.06899
1.09943
1.12812
1.15307
1.17266
1.18568
1.19159
1.19054
1.18342
1.17153
1.15622
1.13851
1.11927
1.09951
1.0809
1.06585
1.05672
1.05479
1.05942
1.06835
1.07863
1.08779
1.09429
1.0974
1.09681
1.09256
1.08526
1.07635
1.06802
1.06271
1.06225
1.06724
1.07687
1.08916
1.10148
1.11109
1.11603
1.11552
1.11022
1.10194
1.09303
1.08544
1.07989
1.07562
1.0707
1.0631
1.05176
1.0376
1.02378
1.01504
1.0158
1.02761
1.04823
1.07305
1.09755
1.11839
1.13321
1.1403
1.13901
1.13066
1.11879
1.10756
1.09875
1.09097
1.08206
1.07191
1.06297
1.05885
1.06216
1.07295
1.08896
1.10672
1.12274
1.13426
1.13989
1.14005
1.13698
1.1338
1.13308
1.13564
1.1403
1.14472
1.14639
1.14352
1.13538
1.12244
1.10601
1.0877
1.06905
1.05165
1.03691
1.0258
1.01859
1.01503
1.01475
1.01762
1.02372
1.03292
1.04459
1.0575
1.07
1.0803
1.08678
1.08833
1.08457
1.07606
1.06429
1.05145
1.03997
1.03179
1.02782
1.02762
1.02963
1.03179
1.03246
1.03116
1.02881
1.02746
1.02953
1.03696
1.05043
1.06904
1.09052
1.1119
1.13021
1.14319
1.14973
1.14973
1.14388
1.13333
1.11964
1.10483
1.0914
1.08183
1.07773
1.07921
1.08504
1.09345
1.10258
1.11064
1.116
1.11764
1.11548
1.11043
1.10418
1.09878
1.09595
1.09656
1.10034
1.10594
1.11148
1.11517
1.11577
1.11282
1.10659
1.098
1.08843
1.07958
1.07309
1.0702
1.07131
1.0759
1.08264
1.08977
1.09561
1.09897
1.09957
1.09798
1.09528
1.09243
1.08954
1.08576
1.08012
1.07247
1.06362
1.05477
1.04699
1.04107
1.03744
1.03604
1.03623
1.03722
1.03879
1.04163
1.04682
1.05495
1.06569
1.07784
1.08993
1.10055
1.10857
1.11321
1.11419
1.11185
1.10726
1.10236
1.09953
1.10083
1.10702
1.11728
1.1298
1.14278
1.15548
1.16822
1.18157
1.19539
1.20864
1.22011
1.22888
1.23431
1.23598
1.23366
1.22736
1.21759
1.20548
1.1927
1.18068
1.1697
1.15889
1.14722
1.13438
1.12097
1.10789
1.0959
1.08557
1.07811
1.07576
1.08086
1.09361
1.11091
1.12808
1.1418
1.15103
1.15636
1.15883
1.15945
1.15906
1.1583
1.15775
1.15782
1.15881
1.16063
1.16287
1.16488
1.16608
1.16623
1.16548
1.16431
1.16323
1.16257
1.16229
1.16207
1.16159
1.16065
1.15916
1.15704
1.15448
1.15197
1.15026
1.14993
1.15102
1.15313
1.15572
1.15834
1.16058
1.16198
1.16201
1.16024
1.15649
1.15089
1.14373
1.13528
1.1257
1.11503
1.1035
1.09191
1.08189
1.07552
1.07397
1.07644
1.08062
1.08432
1.08663
1.08791
1.08899
1.09054
1.09267
1.09507
1.0973
1.09912
1.10065
1.10234
1.10479
1.10843
1.11338
1.1194
1.12606
1.1328
1.13896
1.14391
1.14723
1.14882
1.14888
1.1477
1.14561
1.14297
1.14017
1.13743
1.13459
1.13109
1.12637
1.1204
1.114
1.10871
1.10615
1.10712
1.11105
1.11621
1.12051
1.12223
1.12052
1.11538
1.10766
1.09886
1.09106
1.08645
1.08657
1.09157
1.09992
1.10889
1.11571
1.11841
1.11623
1.10962
1.10014
1.0904
1.08353
1.08195
1.08609
1.09423
1.10359
1.11168
1.11717
1.12002
1.12113
1.12178
1.12306
1.12545
1.12867
1.13193
1.1343
1.13511
1.13403
1.13106
1.12646
1.1207
1.11452
1.10897
1.10538
1.10502
1.1087
1.11645
1.12753
1.1405
1.15356
1.16477
1.17236
1.17499
1.17195
1.16329
1.14978
1.13284
1.11438
1.09657
1.08133
1.06983
1.06235
1.05839
1.0569
1.05655
1.05599
1.05422
1.05093
1.04672
1.04292
1.04111
1.04242
1.04692
1.05338
1.05971
1.06376
1.06413
1.06054
1.05381
1.04552
1.0377
1.03241
1.03122
1.03473
1.04211
1.0512
1.05911
1.06343
1.06336
1.06035
1.05755
1.05812
1.0635
1.07259
1.08264
1.09067
1.09461
1.09348
1.0873
1.07675
1.06295
1.04735
1.03162
1.01787
1.00849
1.00575
1.01085
1.02314
1.04012
1.05835
1.07464
1.08716
1.09593
1.10251
1.1087
1.11525
1.12157
1.12644
1.12901
1.1293
1.128
1.12603
1.12418
1.12306
1.12348
1.12664
1.13379
1.14545
1.16077
1.1776
1.19329
1.20559
1.21323
1.21598
1.21438
1.20904
1.20018
1.18749
1.17064
1.15
1.1269
1.10351
1.08223
1.06492
1.05263
1.04554
1.04348
1.04628
1.05367
1.06472
1.07743
1.08896
1.09652
1.09845
1.09504
1.0884
1.08137
1.07595
1.07225
1.06916
1.06584
1.06279
1.06157
1.06367
1.06939
1.07754
1.08613
1.09333
1.09805
1.10009
1.10013
1.09941
1.0991
1.09969
1.10127
1.10414
1.10878
1.11534
1.12313
1.13061
1.13586
1.1372
1.13358
1.12476
1.11127
1.09427
1.07554
1.05751
1.04298
1.03457
1.03376
1.04044
1.05328
1.07043
1.09009
1.11083
1.13165
1.1517
1.16994
1.18492
1.19511
1.19964
1.19866
1.19317
1.18441
1.17342
1.16107
1.14845
1.13672
1.12672
1.11859
1.11193
1.10626
1.10157
1.09857
1.0985
1.10266
1.11167
1.12512
1.14146
1.15838
1.17338
1.18445
1.19081
1.19317
1.19349
1.194
1.19618
1.20025
1.20518
1.20899
1.2095
1.20496
1.19464
1.17892
1.15928
1.13802
1.11784
1.10128
1.09014
1.08501
1.08519
1.08903
1.09463
1.10046
1.10562
1.10974
1.11261
1.11378
1.11255
1.10811
1.10001
1.08851
1.07467
1.06015
1.0468
1.03639
1.03057
1.03081
1.03803
1.05195
1.07065
1.0911
1.11019
1.12564
1.13632
1.14214
1.14367
1.14181
1.13772
1.13283
1.12875
1.12698
1.1283
1.13247
1.13846
1.14494
1.15084
1.1555
1.15861
1.16001
1.15961
1.15738
1.15346
1.14821
1.14219
1.1361
1.13061
1.12634
1.12371
1.12291
1.12392
1.12647
1.12999
1.13371
1.13692
1.13922
1.14068
1.14177
1.14322
1.14572
1.14974
1.15519
1.16118
1.16629
1.16899
1.16821
1.16355
1.15525
1.14415
1.1315
1.1186
1.10641
1.09542
1.08593
1.07835
1.07324
1.0708
1.07043
1.07083
1.07065
1.06901
1.0657
1.06109
1.05593
1.05125
1.04819
1.0478
1.05072
1.05709
1.06664
1.07871
1.0922
1.10563
1.11764
1.12761
1.13576
1.14221
1.14623
1.14645
1.14213
1.13447
1.1265
1.12127
1.1197
1.12052
1.12209
1.12352
1.12434
1.1241
1.12251
1.11985
1.11715
1.11601
1.11795
1.12344
1.13149
1.13999
1.14653
1.14914
1.1468
1.13964
1.12903
1.11714
1.10624
1.09808
1.09345
1.09205
1.09273
1.09388
1.09427
1.0935
1.09199
1.09042
1.08921
1.08832
1.08744
1.08622
1.08438
1.08174
1.07837
1.07462
1.0712
1.06898
1.06879
1.07107
1.07554
1.08139
1.08758
1.09332
1.09813
1.1017
1.1036
1.10335
1.10072
1.09599
1.09
1.08382
1.07837
1.07403
1.07064
1.0677
1.06485
1.06231
1.06065
1.06001
1.0594
1.0571
1.05161
1.04239
1.0303
1.01786
1.00883
1.00633
1.01088
1.02048
1.03249
1.04503
1.05727
1.069
1.08036
1.09148
1.10251
1.11359
1.12474
1.13575
1.14588
1.15388
1.15813
1.15714
1.15011
1.13738
1.12058
1.10224
1.08489
1.07011
1.05843
1.04981
1.04426
1.04168
1.04139
1.04201
1.04188
1.03966
1.0348
1.02792
1.0207
1.01536
1.01372
1.01645
1.02287
1.03154
1.04097
1.04998
1.05774
1.06366
1.06735
1.06867
1.0678
1.06533
1.06188
1.05768
1.05238
1.04531
1.03598
1.02444
1.01151
0.999073
0.990488
0.990317
1.00244
1.02731
1.06093
1.09697
1.12957
1.15479
1.17069
1.17695
1.17451
1.16547
1.15294
1.14056
1.13142
1.12674
1.12544
1.12531
1.1246
1.12298
1.1214
1.12128
1.12362
1.12831
1.13384
1.13768
1.13723
1.13091
1.1192
1.10502
1.09286
1.08641
1.08608
1.08906
1.09138
1.09018
1.08452
1.07518
1.06405
1.05352
1.04571
1.04221
1.04393
1.05114
1.06341
1.07949
1.0976
1.11585
1.13249
1.1458
1.15409
1.1556
1.14885
1.13301
1.10849
1.07771
1.0455
1.01876
1.00452
1.00661
1.02352
1.04929
1.07673
1.10004
1.11564
1.122
1.11942
1.11009
1.09771
1.08641
1.07895
1.07551
1.07412
1.07218
1.06765
1.05993
1.05011
1.04093
1.03561
1.03614
1.04231
1.05251
1.06524
1.07975
1.09572
1.1127
1.13001
1.14686
1.16248
1.17595
1.18603
1.19129
1.19063
1.18397
1.17268
1.15929
1.14664
1.13685
1.13101
1.12946
1.13213
1.1386
1.14791
1.1587
1.16943
1.17881
1.18599
1.19056
1.19232
1.19112
1.18675
1.17897
1.16783
1.15395
1.13888
1.12502
1.11494
1.11018
1.11042
1.11385
1.11831
1.12212
1.12426
1.12417
1.12179
1.11782
1.11399
1.11266
1.11538
1.12157
1.12861
1.13324
1.13285
1.12604
1.11265
1.09382
1.07193
1.05044
1.03321
1.0234
1.02242
1.02946
1.04191
1.0563
1.0694
1.07911
1.0847
1.08654
1.08549
1.0823
1.07747
1.07143
1.06501
1.05964
1.05731
1.05978
1.06733
1.07786
1.08749
1.09248
1.09115
1.0848
1.07716
1.07217
1.07155
1.07449
1.0794
1.08544
1.09257
1.10075
1.10942
1.11774
1.12493
1.13049
1.13395
1.13463
1.13156
1.12373
1.11053
1.0921
1.06962
1.04532
1.02213
1.00319
0.991
0.986841
0.990679
1.00153
1.01809
1.03879
1.06161
1.08389
1.10283
1.1163
1.12326
1.1237
1.11861
1.10991
1.10031
1.09243
1.08763
1.08568
1.08561
1.08671
1.08901
1.09304
1.09939
1.10819
1.11894
1.13067
1.14217
1.15224
1.15979
1.16397
1.16421
1.16018
1.15173
1.13875
1.12121
1.09949
1.07482
1.04953
1.02678
1.00971
1.00031
0.998584
1.0028
1.01054
1.01976
1.02919
1.03824
1.04668
1.05425
1.06059
1.06534
1.06831
1.06956
1.06935
1.06806
1.06611
1.06419
1.06331
1.06411
1.06616
1.0681
1.06873
1.06805
1.0673
1.06827
1.0722
1.07912
1.08799
1.09726
1.10562
1.11248
1.11798
1.12264
1.12695
1.13105
1.13483
1.13813
1.1408
1.14269
1.14353
1.14283
1.13989
1.13393
1.1245
1.11183
1.09715
1.08284
1.07225
1.06894
1.0751
1.09007
1.11052
1.13208
1.151
1.16482
1.17237
1.17357
1.16951
1.1624
1.15492
1.14902
1.1451
1.14219
1.13874
1.13337
1.1252
1.11372
1.09865
1.07997
1.05835
1.03572
1.0154
1.00132
0.996418
1.00122
1.01373
1.03055
1.04826
1.06428
1.07692
1.08508
1.0882
1.08652
1.08139
1.07529
1.07124
1.07182
1.07826
1.09017
1.10576
1.12252
1.13781
1.14944
1.15612
1.15774
1.15561
1.15245
1.15183
1.15685
1.16852
1.18517
1.20334
1.21934
1.2302
1.23404
1.22991
1.21767
1.19803
1.17263
1.14409
1.1157
1.09064
1.0712
1.05846
1.05254
1.05288
1.05834
1.06717
1.07715
1.08597
1.09165
1.0931
1.09051
1.08551
1.08087
1.07976
1.08441
1.09499
1.10959
1.12547
1.14016
1.15203
1.16038
1.16539
1.16791
1.16912
1.16999
1.17089
1.17145
1.1708
1.16793
1.16195
1.1522
1.13824
1.12003
1.09825
1.07466
1.05213
1.03383
1.0221
1.01757
1.01907
1.02443
1.03139
1.03833
1.04447
1.04966
1.05396
1.05735
1.05955
1.06011
1.05865
1.05517
1.05032
1.04566
1.0433
1.04486
1.05021
1.05759
1.06499
1.07118
1.07574
1.07857
1.0797
1.07939
1.07808
1.07627
1.07425
1.07199
1.06925
1.06586
1.06205
1.05863
1.05684
1.05822
1.06413
1.07527
1.09135
1.1111
1.13253
1.15349
1.17206
1.1867
1.19625
1.19993
1.19739
1.18909
1.17669
1.16309
1.15134
1.14259
1.13524
1.12636
1.11398
1.09812
1.08045
1.06316
1.048
1.03561
1.02562
1.01724
1.00993
1.00368
0.998954
0.996596
0.997815
1.0042
1.01715
1.03684
1.06145
1.08761
1.11161
1.13068
1.14338
1.14946
1.14952
1.14451
1.13553
1.12379
1.11083
1.09857
1.08923
1.08471
1.08589
1.09203
1.10095
1.1098
1.11624
1.11925
1.11927
1.11754
1.11546
1.11437
1.11524
1.11791
1.12072
1.12142
1.1187
1.11262
1.10394
1.09341
1.08163
1.06924
1.05713
1.04658
1.0393
1.03721
1.04184
1.05345
1.07027
1.08856
1.10377
1.11219
1.11225
1.10496
1.09323
1.08067
1.07017
1.06274
1.05754
1.05325
1.04956
1.0472
1.04714
1.04975
1.05453
1.06031
1.06594
1.07093
1.07584
1.08214
1.091
1.10234
1.11473
1.12631
1.13567
1.14206
1.1453
1.14559
1.14332
1.13886
1.13265
1.12544
1.11836
1.11233
1.10711
1.1009
1.09138
1.07724
1.05915
1.03986
1.0231
1.01214
1.00845
1.01157
1.01976
1.03101
1.0434
1.05493
1.06363
1.06804
1.06786
1.06406
1.05854
1.05357
1.05113
1.05248
1.05773
1.06582
1.07492
1.08313
1.08919
1.09292
1.09527
1.09778
1.10184
1.10801
1.11583
1.12413
1.13143
1.13646
1.1384
1.13701
1.13253
1.12556
1.11693
1.10733
1.09712
1.08631
1.07506
1.06455
1.05694
1.05436
1.05766
1.0662
1.07829
1.09198
1.10532
1.11657
1.12421
1.12717
1.12501
1.11824
1.10842
1.09777
1.08836
1.08101
1.07504
1.06905
1.0623
1.05562
1.05092
1.05007
1.05381
1.06146
1.07121
1.08081
1.08823
1.09235
1.09316
1.09179
1.09016
1.09023
1.09305
1.09812
1.10354
1.10682
1.10603
1.10049
1.0908
1.07844
1.06514
1.05243
1.04179
1.03505
1.03429
1.04083
1.05426
1.0722
1.09112
1.10733
1.11784
1.12088
1.11591
1.10352
1.08537
1.0642
1.04353
1.02676
1.01604
1.01182
1.01317
1.01855
1.02642
1.03553
1.04495
1.05407
1.06256
1.07059
1.07902
1.0892
1.1021
1.11752
1.13412
1.14997
1.16313
1.17189
1.17516
1.17277
1.16552
1.1548
1.14191
1.12759
1.11208
1.09552
1.07846
1.06197
1.04727
1.03521
1.02605
1.01953
1.01539
1.01371
1.01503
1.02007
1.0294
1.0429
1.05944
1.07712
1.09405
1.10893
1.12133
1.13146
1.13967
1.14609
1.15025
1.15113
1.14735
1.13753
1.12102
1.09859
1.07327
1.0501
1.03394
1.02655
1.02617
1.02995
1.03629
1.04472
1.05494
1.066
1.07638
1.08441
1.08888
1.08941
1.08651
1.08135
1.0753
1.06952
1.06465
1.06076
1.05751
1.05436
1.05085
1.04659
1.04124
1.03464
1.02709
1.01948
1.01295
1.00807
1.00447
1.00115
0.997236
0.99269
0.988385
0.985718
0.986025
0.99021
0.998641
1.01115
1.02699
1.04495
1.06371
1.08226
1.10013
1.11747
1.13458
1.1514
1.16715
1.18036
1.18946
1.19328
1.19154
1.18492
1.17482
1.16285
1.15049
1.13873
1.12819
1.11915
1.11184
1.10642
1.10302
1.10164
1.1021
1.10407
1.10713
1.11095
1.1153
1.11996
1.12458
1.12857
1.13121
1.13202
1.13117
1.12961
1.12872
1.12978
1.13362
1.14054
1.15038
1.16262
1.17661
1.19174
1.20736
1.22258
1.23613
1.24634
1.25143
1.24985
1.24062
1.22376
1.2007
1.17425
1.1481
1.12574
1.10923
1.09879
1.09321
1.09074
1.08991
1.08971
1.08947
1.08854
1.08619
1.08166
1.07433
1.06393
1.05078
1.03571
1.02016
1.00589
0.994717
0.988227
0.987523
0.993169
1.00506
1.02214
1.04235
1.06309
1.08191
1.09711
1.10804
1.11492
1.11861
1.12021
1.12074
1.12092
1.12107
1.1212
1.12106
1.12019
1.11795
1.11368
1.10679
1.09702
1.08457
1.0701
1.05457
1.03894
1.0238
1.00931
0.995298
0.981786
0.969602
0.960716
0.958078
0.964652
0.981615
1.00705
1.03652
1.06528
1.08999
1.10905
1.12204
1.12914
1.13067
1.12689
1.11824
1.10567
1.09087
1.07599
1.06309
1.05349
1.04765
1.04554
1.04687
1.05092
1.05626
1.06111
1.06396
1.06411
1.06207
1.05936
1.05794
1.05946
1.06467
1.07326
1.08397
1.09503
1.10457
1.1111
1.11392
1.11306
1.10904
1.10245
1.09382
1.0835
1.0718
1.05879
1.04418
1.02742
1.00856
0.989444
0.974206
0.967099
0.969022
0.977198
0.988353
1.00121
1.01629
1.03457
1.05619
1.07987
1.10316
1.12313
1.13716
1.14362
1.14225
1.13442
1.12305
1.11166
1.10288
1.09728
1.09338
1.0887
1.08095
1.06879
1.05234
1.03306
1.01327
0.99554
0.982159
0.974823
0.974501
0.981216
0.993991
1.01106
1.03034
1.05
1.06884
1.08637
1.10251
1.11732
1.13065
1.14221
1.15174
1.15919
1.16471
1.16853
1.17057
1.17043
1.168
1.16425
1.16109
1.15975
1.15949
1.15835
1.15476
1.14853
1.14075
1.13312
1.12731
1.12455
1.1254
1.1296
1.13606
1.14296
1.14809
1.14949
1.14594
1.13718
1.12364
1.10601
1.08484
1.06071
1.03478
1.01002
0.992081
0.987517
0.998414
1.01949
1.04247
1.06172
1.0749
1.08101
1.07948
1.07052
1.0554
1.03605
1.01491
0.994998
0.979605
0.971283
0.970987
0.97793
0.989861
1.00366
1.01605
1.0244
1.02727
1.02473
1.01801
1.00917
1.00081
0.995428
0.994454
0.998245
1.00687
1.02025
1.03724
1.05546
1.0723
1.08602
1.09595
1.10186
1.10356
1.10053
1.09225
1.07856
1.06017
1.03892
1.0177
0.999597
0.986619
0.978987
0.976319
0.97988
0.992681
1.01597
1.04711
1.08195
1.11716
1.15023
1.17916
1.20279
1.22085
1.23354
1.24097
1.24323
1.24049
1.23307
1.22143
1.20587
1.18672
1.16448
1.14026
1.11592
1.0938
1.07601
1.06358
1.0561
1.0523
1.05126
1.05303
1.05794
1.0653
1.07332
1.08051
1.08665
1.0926
1.09914
1.10598
1.11172
1.11464
1.11393
1.11022
1.10538
1.10172
1.10084
1.10286
1.10636
1.10899
1.10843
1.10298
1.09202
1.07611
1.05711
1.0378
1.02087
1.00794
0.999136
0.993622
0.990572
0.989803
0.991723
0.996738
1.00469
1.01535
1.02978
1.05043
1.07881
1.11306
1.1487
1.18113
1.2071
1.2248
1.2336
1.23384
1.22663
1.21362
1.19675
1.17807
1.15963
1.1432
1.1303
1.12196
1.11885
1.12105
1.12796
1.13815
1.14945
1.15937
1.16566
1.16683
1.16249
1.15331
1.14071
1.12663
1.11332
1.10301
1.09691
1.09438
1.09331
1.09152
1.08806
1.08332
1.07837
1.07405
1.07041
1.06675
1.06202
1.05537
1.04657
1.03638
1.02694
1.02165
1.02397
1.03547
1.0547
1.07781
1.10056
1.11994
1.13473
1.14522
1.15253
1.15791
1.16207
1.16502
1.16623
1.16527
1.1623
1.15834
1.15507
1.15435
1.15747
1.16456
1.17451
1.18548
1.19556
1.20311
1.20704
1.20687
1.20278
1.19551
1.18584
1.1742
1.16061
1.14503
1.12797
1.11072
1.09512
1.08282
1.07458
1.07001
1.06795
1.06716
1.06687
1.06706
1.06822
1.07108
1.07595
1.08232
1.08898
1.09452
1.09787
1.09844
1.09596
1.09015
1.0807
1.06747
1.05069
1.03101
1.00952
0.987686
0.967292
0.950385
0.939129
0.935448
0.940302
0.952918
0.970839
0.99087
1.01019
1.02702
1.04068
1.05139
1.05966
1.06589
1.07013
1.07215
1.07184
1.06945
1.06571
1.06154
1.05787
1.05531
1.05418
1.0546
1.05662
1.06014
1.06475
1.06972
1.07429
1.078
1.08081
1.08289
1.08438
1.08527
1.08571
1.08611
1.08713
1.08948
1.0937
1.10009
1.10852
1.11834
1.12844
1.13746
1.14412
1.1475
1.14716
1.14307
1.13553
1.12501
1.11221
1.09813
1.08401
1.07121
1.06086
1.05358
1.04957
1.04885
1.05137
1.05692
1.06508
1.07526
1.08676
1.09884
1.11072
1.12154
1.13038
1.1363
1.13855
1.13685
1.13174
1.12454
1.1172
1.11167
1.10924
1.11022
1.11381
1.11844
1.12206
1.12241
1.11764
1.10697
1.09114
1.07245
1.05424
1.03991
1.03187
1.03098
1.03662
1.04717
1.06045
1.07413
1.08606
1.09468
1.09916
1.09945
1.09609
1.08999
1.08237
1.07479
1.06882
1.06548
1.06473
1.0656
1.06701
1.06833
1.06936
1.07002
1.07023
1.07027
1.07103
1.07405
1.08077
1.09147
1.10465
1.11738
1.12636
1.12915
1.12496
1.11454
1.09981
1.08333
1.06805
1.05716
1.0537
1.05967
1.07492
1.09684
1.12133
1.14411
1.16185
1.17267
1.17629
1.17374
1.16687
1.15757
1.14727
1.13677
1.12635
1.11597
1.10563
1.09562
1.08665
1.07969
1.07551
1.07422
1.07505
1.07671
1.07794
1.07813
1.0774
1.0764
1.07581
1.07601
1.07687
1.07794
1.07864
1.07836
1.07657
1.07271
1.06638
1.05757
1.04695
1.03592
1.02642
1.02072
1.02077
1.02734
1.03919
1.05346
1.06703
1.07779
1.08489
1.08848
1.08913
1.08742
1.08356
1.07718
1.06769
1.05478
1.03926
1.02336
1.01036
1.00347
1.00439
1.01271
1.0265
1.04324
1.06054
1.07621
1.08861
1.09705
1.10209
1.10535
1.10853
1.11229
1.11581
1.1176
1.11681
1.11398
1.11072
1.10856
1.10796
1.10832
1.10894
1.11012
1.11379
1.12237
1.13641
1.15323
1.16814
1.17704
1.17805
1.17142
1.15894
1.14335
1.12793
1.11621
1.11134
1.11495
1.12598
1.14101
1.15583
1.16731
1.17384
1.17522
1.17203
1.16525
1.1558
1.14435
1.13125
1.11672
1.10126
1.08573
1.07135
1.05928
1.05032
1.0447
1.04193
1.04095
1.0405
1.03955
1.03773
1.03532
1.03296
1.03131
1.0305
1.03012
1.02957
1.02841
1.02662
1.02466
1.02356
1.02477
1.02966
1.03881
1.05159
1.06634
1.08113
1.09453
1.10618
1.11665
1.12697
1.13798
1.14973
1.16138
1.17126
1.17705
1.17606
1.16603
1.14651
1.12035
1.09355
1.07262
1.06125
1.05947
1.06496
1.07489
1.08692
1.09951
1.1117
1.12266
1.13157
1.13782
1.14139
1.14289
1.1434
1.14397
1.14523
1.14727
1.1499
1.15298
1.15656
1.16078
1.16543
1.16968
1.17216
1.17153
1.16705
1.15908
1.14905
1.13912
1.13131
1.12655
1.12424
1.12278
1.12045
1.11613
1.10959
1.10145
1.09296
1.08548
1.07991
1.07642
1.07481
1.07501
1.07729
1.08175
1.08778
1.09398
1.09857
1.0999
1.0968
1.08868
1.07575
1.05933
1.04231
1.02882
1.02271
1.02516
1.03412
1.04598
1.05783
1.06835
1.07733
1.08502
1.09148
1.09655
1.09993
1.10134
1.10061
1.09784
1.09332
1.08756
1.08118
1.075
1.06995
1.06684
1.06616
1.06787
1.07151
1.07657
1.08273
1.08992
1.09816
1.10743
1.11747
1.12769
1.13717
1.14482
1.14974
1.15177
1.1516
1.1504
1.14911
1.14785
1.14598
1.14256
1.13705
1.1297
1.12145
1.11352
1.10689
1.10197
1.09861
1.09622
1.0941
1.09186
1.08954
1.08745
1.0858
1.08444
1.08288
1.08058
1.07734
1.07365
1.07065
1.06947
1.07061
1.07378
1.07864
1.08527
1.09372
1.10324
1.11188
1.11736
1.11802
1.1133
1.10359
1.08994
1.07383
1.05703
1.0413
1.02805
1.01798
1.01102
1.00664
1.0044
1.00448
1.00774
1.01526
1.02745
1.04322
1.06005
1.07471
1.08434
1.08715
1.08265
1.07163
1.05612
1.03927
1.02478
1.01579
1.0137
1.01767
1.02525
1.03369
1.04109
1.04694
1.05174
1.05603
1.05977
1.06219
1.06208
1.05831
1.05024
1.03809
1.02326
1.00835
0.996357
0.989465
0.988355
0.992409
1.00042
1.01092
1.02216
1.03203
1.03848
1.03994
1.03591
1.02723
1.01611
1.00575
0.999469
0.999559
1.00654
1.01917
1.03518
1.0522
1.06844
1.0829
1.09519
1.10506
1.1122
1.1161
1.11621
1.1121
1.10377
1.09184
1.07747
1.06213
1.04717
1.03342
1.02122
1.01054
1.00125
0.993316
0.98655
0.980391
0.97386
0.965965
0.95669
0.948047
0.943993
0.948327
0.961891
0.981792
1.00343
1.0228
1.03754
1.04687
1.05168
1.05415
1.05691
1.06187
1.06965
1.07987
1.09156
1.10352
1.11444
1.12315
1.1288
1.13095
1.1296
1.12506
1.11811
1.10998
1.10223
1.09616
1.09206
1.08914
1.08632
1.08332
1.08112
1.08102
1.08329
1.08662
1.08894
1.0885
1.0846
1.07773
1.06935
1.0614
1.05587
1.05431
1.05744
1.0646
1.07381
1.08233
1.08749
1.08734
1.08095
1.06824
1.04968
1.02602
0.998484
0.969462
0.943172
0.924893
0.917902
0.920726
0.928416
0.93644
0.943018
0.94869
0.954772
0.962266
0.971503
0.982388
0.99464
1.00783
1.02146
1.03505
1.0483
1.06121
1.07426
1.08822
1.10386
1.12148
1.14049
1.15944
1.17642
1.18973
1.19843
1.20238
1.20158
1.19544
1.18272
1.16252
1.13553
1.10476
1.07504
1.05112
1.03564
1.02868
1.02869
1.03348
1.04084
1.04885
1.05619
1.06243
1.0681
1.07425
1.08171
1.09037
1.09927
1.10742
1.1145
1.12096
1.12766
1.13528
1.1439
1.15299
1.16172
1.16919
1.17464
1.17735
1.17655
1.17164
1.1627
1.15087
1.13857
1.12889
1.12413
1.12427
1.12697
1.12939
1.12999
1.12894
1.12754
1.12721
1.12872
1.13181
1.13522
1.13711
1.13554
1.12892
1.11631
1.09753
1.07337
1.04558
1.01674
0.98976
0.967239
0.950737
0.940593
0.936416
0.937885
0.94537
0.959755
0.981579
1.00987
1.04177
1.07362
1.10247
1.12675
1.14589
1.15968
1.16805
1.17114
1.16945
1.16393
1.15607
1.14781
1.14116
1.13746
1.13644
1.1359
1.13249
1.12325
1.10691
1.08458
1.05964
1.03709
1.02208
1.01796
1.02485
1.04002
1.05962
1.08051
1.1008
1.11962
1.13644
1.1508
1.16246
1.17158
1.17872
1.18452
1.1894
1.19333
1.19582
1.19603
1.19302
1.18609
1.17491
1.15963
1.14087
1.11977
1.09808
1.07811
1.06246
1.05332
1.05157
1.05655
1.06661
1.07999
1.09534
1.11181
1.12899
1.14671
1.16465
1.18202
1.19758
1.20978
1.21702
1.21783
1.21112
1.19663
1.17531
1.14945
1.12236
1.09742
1.07738
1.06395
1.05763
1.05749
1.06114
1.06531
1.06687
1.064
1.05685
1.04767
1.04039
1.03944
1.04787
1.06565
1.08959
1.11496
1.13765
1.15546
1.16798
1.17599
1.18071
1.18318
1.18384
1.18276
1.1801
1.1766
1.17347
1.17177
1.1717
1.1722
1.1714
1.16736
1.15881
1.14569
1.12941
1.11273
1.09887
1.09025
1.08738
1.08867
1.09156
1.09412
1.09579
1.097
1.09839
1.10044
1.10335
1.10725
1.11221
1.11803
1.12388
1.1285
1.13049
1.12883
1.12315
1.11383
1.10196
1.0892
1.07758
1.06935
1.06663
1.07101
1.08275
1.10003
1.11921
1.13616
1.14795
1.15361
1.15396
1.15091
1.14675
1.14363
1.14318
1.14623
1.15274
1.16183
1.17221
1.18265
1.19211
1.19973
1.20487
1.20722
1.20703
1.20504
1.20194
1.19805
1.1933
1.18763
1.18124
1.17449
1.16745
1.15969
1.15033
1.1385
1.12383
1.10681
1.08882
1.07178
1.05753
1.04728
1.04133
1.03928
1.04037
1.04381
1.04883
1.05461
1.06002
1.06371
1.06465
1.06275
1.05914
1.05586
1.05489
1.05715
1.06223
1.06906
1.07652
1.08373
1.09
1.09464
1.09712
1.09716
1.09496
1.09126
1.08731
1.08454
1.0842
1.08693
1.09258
1.10026
1.10873
1.11679
1.12356
1.12864
1.13197
1.13371
1.13394
1.13241
1.12841
1.12106
1.10989
1.09536
1.07914
1.06357
1.05094
1.04274
1.03923
1.03957
1.04226
1.04574
1.04902
1.05181
1.05451
1.05773
1.06196
1.0673
1.0735
1.08038
1.08825
1.09792
1.1103
1.1257
1.14329
1.16111
1.17647
1.18663
1.18943
1.18369
1.16953
1.14857
1.1239
1.09931
1.07835
1.06326
1.05475
1.05214
1.05382
1.05784
1.06226
1.06571
1.06768
1.0687
1.06993
1.07256
1.07695
1.0824
1.0874
1.09036
1.09015
1.08641
1.07945
1.07
1.05899
1.04732
1.03584
1.02544
1.01694
1.01091
1.00741
1.00605
1.00633
1.00822
1.01246
1.02056
1.03405
1.05347
1.0778
1.10455
1.13052
1.15275
1.1692
1.17897
1.18221
1.17982
1.17308
1.16333
1.15168
1.13891
1.12552
1.11188
1.09857
1.08655
1.07738
1.07293
1.07477
1.0833
1.09719
1.11362
1.1293
1.14148
1.14858
1.15009
1.14637
1.13822
1.12661
1.11279
1.09834
1.08483
1.07316
1.063
1.05341
1.04386
1.03478
1.02732
1.02276
1.02192
1.02486
1.03106
1.03981
1.05046
1.06236
1.07478
1.08682
1.09762
1.10648
1.11305
1.11724
1.11924
1.11939
1.11813
1.11588
1.11283
1.10876
1.10289
1.09421
1.08233
1.06881
1.05775
1.05406
1.05989
1.0732
1.08989
1.10637
1.12022
1.12981
1.13407
1.13271
1.12639
1.11662
1.10523
1.0938
1.08341
1.07447
1.06705
1.06121
1.05736
1.0563
1.05893
1.06573
1.07653
1.09023
1.10504
1.11896
1.13035
1.13825
1.14213
1.14168
1.13662
1.12705
1.11389
1.0989
1.08402
1.07064
1.05949
1.05093
1.04494
1.04102
1.03866
1.03788
1.0394
1.04426
1.05323
1.06655
1.08389
1.10433
1.12627
1.14757
1.16578
1.17864
1.18454
1.18284
1.17401
1.15958
1.1418
1.1231
1.1056
1.09086
1.07982
1.07271
1.069
1.06766
1.06761
1.06808
1.06858
1.06868
1.06802
1.06656
1.06475
1.0634
1.06309
1.06382
1.06516
1.06714
1.0707
1.07695
1.08588
1.09571
1.10388
1.10855
1.10957
1.10815
1.10572
1.10269
1.09841
1.09204
1.08337
1.07308
1.06256
1.05371
1.04876
1.04972
1.05733
1.06992
1.08394
1.09559
1.10236
1.10343
1.09924
1.09081
1.07945
1.06662
1.05403
1.04337
1.03586
1.03184
1.03067
1.03137
1.03327
1.0365
1.04194
1.05078
1.06388
1.08122
1.10168
1.12342
1.14448
1.16354
1.17997
1.1935
1.20383
1.21063
1.2137
1.21317
1.20946
1.20311
1.19453
1.18394
1.17136
1.15678
1.14033
1.12246
1.10419
1.08726
1.07402
1.06669
1.06625
1.07181
1.0811
1.09147
1.10073
1.10731
1.11016
1.10862
1.10247
1.09218
1.07919
1.06595
1.05539
1.04993
1.05044
1.05606
1.06468
1.07377
1.08131
1.08616
1.08824
1.08829
1.08756
1.08747
1.0892
1.09337
1.09992
1.10806
1.11649
1.12388
1.12964
1.13441
1.13974
1.14688
1.15562
1.16447
1.17158
1.1755
1.17524
1.17031
1.16075
1.14726
1.13125
1.11472
1.1
1.0895
1.08518
1.08779
1.0965
1.10888
1.12182
1.13252
1.13925
1.14159
1.14022
1.13635
1.13123
1.12574
1.12027
1.11475
1.10904
1.10318
1.09753
1.09283
1.08992
1.08953
1.09206
1.09746
1.10515
1.11413
1.1231
1.13066
1.13562
1.13723
1.13537
1.13045
1.1232
1.11443
1.1049
1.09533
1.08648
1.07909
1.07359
1.06987
1.06736
1.06549
1.06409
1.06347
1.06396
1.06524
1.06644
1.06672
1.06597
1.06487
1.06457
1.06628
1.07093
1.07916
1.09126
1.10703
1.1256
1.1454
1.16427
1.17998
1.19075
1.19549
1.19395
1.18659
1.17456
1.1595
1.14333
1.12789
1.11468
1.10497
1.09977
1.09977
1.10475
1.11322
1.12243
1.12927
1.13126
1.12745
1.11861
1.10682
1.09473
1.08471
1.07804
1.07431
1.07172
1.06828
1.06301
1.05638
1.04994
1.04531
1.04328
1.04356
1.04526
1.0476
1.05035
1.05373
1.05802
1.063
1.06762
1.07026
1.06944
1.06447
1.05558
1.04382
1.0307
1.01809
1.00797
1.00213
1.00161
1.0063
1.01503
1.02622
1.03843
1.05063
1.06227
1.07335
1.08435
1.09598
1.10879
1.12273
1.13708
1.15062
1.16183
1.16906
1.17074
1.16565
1.15322
1.13385
1.10904
1.08143
1.05443
1.03165
1.01601
1.00889
1.00962
1.01564
1.02323
1.02854
1.02855
1.02209
1.01071
0.998817
0.991986
0.993814
1.00399
1.01933
1.03611
1.05149
1.06381
1.07231
1.07692
1.07791
1.07561
1.07022
1.06171
1.05027
1.03708
1.02483
1.01709
1.01624
1.02144
1.02891
1.03442
1.03561
1.03267
1.02764
1.02307
1.0207
1.02093
1.02308
1.02612
1.02945
1.0332
1.0381
1.04474
1.0527
1.06022
1.06517
1.06608
1.06287
1.05677
1.04988
1.04472
1.04358
1.04804
1.05849
1.07384
1.09167
1.1088
1.12186
1.12808
1.12585
1.11527
1.09865
1.0806
1.06688
1.06187
1.0662
1.07684
1.08926
1.09959
1.10545
1.10589
1.10111
1.0921
1.08041
1.06797
1.05711
1.05029
1.04981
1.05712
1.07219
1.09328
1.11727
1.14045
1.1594
1.17164
1.17585
1.17185
1.16029
1.14241
1.12006
1.09567
1.07233
1.0535
1.04201
1.03884
1.04264
1.0505
1.05959
1.06845
1.07712
1.08643
1.09692
1.10827
1.11919
1.1277
1.13155
1.12862
1.1176
1.09866
1.07402
1.04809
1.02659
1.01453
1.01402
1.0235
1.03902
1.05641
1.073
1.0883
1.10347
1.11994
1.13796
1.15598
1.17141
1.18188
1.18622
1.18443
1.17707
1.16466
1.14757
1.12657
1.1032
1.07939
1.0566
1.03546
1.01612
0.998875
0.984446
0.973761
0.967839
0.967796
0.97482
0.989416
1.01061
1.03586
1.06205
1.08663
1.10829
1.1269
1.14311
1.15778
1.17152
1.18439
1.19592
1.20537
1.21223
1.21648
1.21868
1.21961
1.21979
1.21905
1.21661
1.21143
1.20282
1.19064
1.17542
1.15823
1.14046
1.12357
1.10884
1.0974
1.09032
1.08853
1.09246
1.10166
1.11459
1.12895
1.14218
1.15212
1.15733
1.15724
1.15214
1.14293
1.13095
1.11761
1.10406
1.09079
1.07742
1.06297
1.04696
1.03018
1.01479
1.00333
0.997297
0.996438
0.999115
1.00324
1.00714
1.00997
1.01188
1.01373
1.01655
1.0212
1.02807
1.03687
1.04655
1.05542
1.06186
1.06546
1.0676
1.07074
1.07666
1.08524
1.09492
1.10369
1.11011
1.11359
1.11435
1.11314
1.11074
1.10771
1.10449
1.10161
1.09982
1.09994
1.10253
1.10771
1.11507
1.12337
1.13055
1.13462
1.13464
1.13101
1.12505
1.11819
1.11167
1.1066
1.10447
1.10711
1.11596
1.13109
1.15094
1.17308
1.19511
1.21523
1.23222
1.2452
1.25347
1.25624
1.25272
1.24235
1.22527
1.20269
1.17701
1.15148
1.12965
1.11493
1.10983
1.1147
1.12706
1.14248
1.15669
1.16687
1.17171
1.17081
1.16437
1.15304
1.13797
1.1206
1.10246
1.0848
1.06874
1.05541
1.04604
1.04171
1.04291
1.04921
1.05921
1.07088
1.08208
1.09126
1.09796
1.10301
1.108
1.11444
1.12278
1.13239
1.14231
1.15213
1.1618
1.17063
1.17685
1.1785
1.17463
1.16591
1.15436
1.14266
1.1334
1.12848
1.12864
1.13334
1.14079
1.14845
1.15376
1.15495
1.15157
1.14448
1.13549
1.12682
1.12038
1.11742
1.11828
1.12244
1.12873
1.13569
1.14194
1.14648
1.14885
1.14902
1.14728
1.14414
1.14027
1.13618
1.1319
1.12655
1.11851
1.10614
1.08884
1.06791
1.04685
1.0305
1.02306
1.02612
1.03809
1.05537
1.07414
1.09152
1.10584
1.11651
1.12354
1.12718
1.12774
1.12532
1.11996
1.11198
1.10244
1.09305
1.08539
1.08003
1.0764
1.07346
1.07037
1.06683
1.06319
1.06034
1.05918
1.06014
1.06312
1.06754
1.07268
1.07804
1.08349
1.0891
1.09495
1.10076
1.10583
1.10904
1.10913
1.10513
1.09677
1.08489
1.07152
1.05956
1.05196
1.05043
1.05477
1.06307
1.07284
1.08219
1.09026
1.097
1.1027
1.10762
1.11175
1.1147
1.11567
1.11369
1.10798
1.09818
1.08461
1.06893
1.05441
1.04509
1.04361
1.05008
1.06214
1.07582
1.08708
1.09344
1.09484
1.09359
1.09312
1.09619
1.10356
1.11402
1.12562
1.13704
1.14843
1.16055
1.17266
1.18181
1.1848
1.18034
1.16937
1.1541
1.13692
1.1198
1.10417
1.09097
1.08054
1.07267
1.0667
1.06181
1.05737
1.05313
1.04923
1.04583
1.04274
1.03919
1.03417
1.02703
1.01808
1.00876
1.00125
0.997589
0.998814
1.00467
1.01394
1.0251
1.03691
1.0486
1.05978
1.07023
1.07971
1.08796
1.09477
1.10011
1.10416
1.10723
1.10973
1.11225
1.11561
1.12062
1.12744
1.13504
1.14156
1.14499
1.14395
1.13802
1.12773
1.11448
1.10029
1.08745
1.07811
1.07372
1.07466
1.07995
1.0876
1.09529
1.10113
1.10401
1.10368
1.1006
1.09556
1.08946
1.08309
1.07701
1.07167
1.06734
1.06412
1.06204
1.06114
1.06174
1.06435
1.06938
1.07658
1.08486
1.09268
1.09881
1.10285
1.10544
1.10795
1.11177
1.11758
1.12493
1.13243
1.13834
1.14121
1.14023
1.13531
1.12706
1.11648
1.10463
1.09226
1.07969
1.0672
1.05551
1.04591
1.03982
1.03817
1.04091
1.04708
1.05512
1.06336
1.07044
1.07549
1.07826
1.07917
1.07948
1.08107
1.08549
1.0928
1.10111
1.10764
1.11029
1.10875
1.10439
1.09948
1.09643
1.09706
1.10203
1.11054
1.1207
1.13016
1.13677
1.13902
1.13631
1.12884
1.11746
1.10344
1.08853
1.07478
1.06399
1.05686
1.05269
1.05009
1.04822
1.04731
1.0483
1.05199
1.05865
1.06812
1.08008
1.09416
1.10987
1.12644
1.14291
1.15816
1.17113
1.18083
1.18644
1.18742
1.1837
1.17605
1.16636
1.1575
1.15253
1.15338
1.15994
1.16989
1.17971
1.18604
1.18669
1.18089
1.16922
1.15313
1.13446
1.11485
1.09536
1.07648
1.05872
1.04325
1.03209
1.02756
1.03122
1.04282
1.06002
1.07925
1.09721
1.11191
1.12283
1.13052
1.13579
1.13917
1.14056
1.13947
1.1355
1.12865
1.11946
1.10888
1.09809
1.08837
1.08081
1.07612
1.07425
1.0745
1.0757
1.07665
1.07647
1.07474
1.07148
1.06714
1.06243
1.05811
1.05478
1.05276
1.052
1.05238
1.05397
1.05709
1.06227
1.06983
1.07943
1.0899
1.09956
1.10688
1.11086
1.11134
1.10891
1.10466
1.09988
1.09582
1.09358
1.09409
1.09812
1.10605
1.11754
1.13122
1.14492
1.15637
1.16413
1.16805
1.16925
1.16963
1.17094
1.17393
1.17793
1.18114
1.18131
1.17668
1.16649
1.15107
1.13186
1.11142
1.09316
1.08071
1.07668
1.08148
1.09305
1.10769
1.1214
1.13097
1.13471
1.1326
1.12598
1.11676
1.10659
1.09641
1.08658
1.07734
1.06897
1.06165
1.05516
1.04893
1.04251
1.03621
1.03118
1.02848
1.028
1.0283
1.02772
1.02572
1.02345
1.02315
1.02669
1.0344
1.0452
1.05756
1.07024
1.08248
1.09367
1.10306
1.10966
1.11232
1.11023
1.10361
1.09432
1.08581
1.08187
1.08445
1.09237
1.10226
1.11052
1.11452
1.11264
1.10416
1.08932
1.06984
1.04907
1.03123
1.01979
1.01592
1.01879
1.02708
1.04016
1.0577
1.0786
1.10062
1.1213
1.13885
1.15231
1.16125
1.16567
1.16632
1.16476
1.16258
1.16045
1.15764
1.1526
1.14388
1.13101
1.11497
1.09805
1.08295
1.07166
1.06494
1.06271
1.06459
1.07006
1.07834
1.08863
1.10026
1.11223
1.12274
1.1294
1.13041
1.12562
1.11658
1.10579
1.09575
1.08832
1.08455
1.08461
1.08774
1.09263
1.09787
1.1025
1.10604
1.10833
1.10914
1.10805
1.10459
1.09878
1.09144
1.08397
1.07776
1.07373
1.07244
1.07453
1.08074
1.09112
1.10436
1.11786
1.12865
1.13454
1.13479
1.12993
1.12118
1.10969
1.0961
1.08076
1.06423
1.0478
1.03353
1.02375
1.0204
1.02433
1.03493
1.05043
1.06843
1.08672
1.10367
1.11805
1.12878
1.13484
1.13589
1.13295
1.1284
1.12499
1.12436
1.12642
1.12976
1.13263
1.13351
1.13112
1.12443
1.11286
1.09683
1.07815
1.05993
1.04574
1.03802
1.03713
1.04172
1.05001
1.0608
1.07373
1.08876
1.10559
1.12322
1.14021
1.15509
1.16676
1.17464
1.17865
1.17897
1.176
1.17037
1.16307
1.15553
1.14941
1.14612
1.14626
1.14943
1.15432
1.1594
1.16353
1.16617
1.16717
1.16666
1.16508
1.16342
1.16314
1.16556
1.17112
1.17873
1.18611
1.19064
1.19031
1.18423
1.17246
1.15571
1.13495
1.11127
1.08592
1.06016
1.0351
1.01152
0.990219
0.972566
0.961017
0.958508
0.966792
0.984718
1.00816
1.03175
1.0509
1.06308
1.06801
1.06744
1.06436
1.06191
1.06244
1.0668
1.07433
1.08332
1.09175
1.09804
1.10159
1.10273
1.1024
1.10177
1.10195
1.10382
1.10792
1.11439
1.12329
1.13472
1.14872
1.16495
1.1822
1.19851
1.21159
1.21949
1.22099
1.21559
1.20342
1.18529
1.16271
1.13791
1.11364
1.09278
1.0778
1.07017
1.07005
1.0764
1.08744
1.10119
1.11603
1.13078
1.14457
1.15657
1.16588
1.17166
1.17331
1.17076
1.16451
1.15557
1.14517
1.13467
1.12564
1.11982
1.11878
1.1233
1.13311
1.14692
1.16272
1.17807
1.19067
1.19894
1.20232
1.20094
1.19514
1.18526
1.17159
1.15472
1.13571
1.11609
1.09774
1.08269
1.07287
1.06966
1.07361
1.08423
1.10004
1.11888
1.13828
1.1559
1.16982
1.17869
1.18184
1.17932
1.17203
1.16176
1.15085
1.14173
1.13598
1.13368
1.13357
1.13394
1.13369
1.13291
1.13266
1.13404
1.13712
1.14092
1.14416
1.14603
1.14615
1.14408
1.13909
1.1304
1.11787
1.10247
1.08637
1.07243
1.06327
1.06032
1.06353
1.07149
1.08201
1.09258
1.10088
1.10517
1.10453
1.09893
1.08898
1.07562
1.05976
1.04207
1.02321
1.00422
0.986807
0.973205
0.965425
0.964512
0.970206
0.981052
0.99489
1.00934
1.02211
1.03139
1.03623
1.03703
1.03562
1.03469
1.03669
1.04282
1.05262
1.06433
1.07571
1.08499
1.09143
1.09558
1.09882
1.1026
1.10756
1.11309
1.1177
1.12015
1.12069
1.12146
1.12552
1.13486
1.14901
1.16545
1.18117
1.19389
1.20239
1.20634
1.20596
1.20176
1.19438
1.18468
1.17398
1.16395
1.1564
1.15266
1.15323
1.15779
1.16562
1.17591
1.18778
1.2
1.21094
1.21875
1.22176
1.21878
1.20927
1.19347
1.17251
1.14855
1.12473
1.10435
1.0896
1.08078
1.07671
1.07567
1.07624
1.07748
1.07894
1.0804
1.08188
1.08338
1.08461
1.08477
1.0828
1.07803
1.07098
1.06367
1.0592
1.06071
1.07001
1.08673
1.10836
1.13125
1.15175
1.16701
1.17504
1.17471
1.16569
1.14875
1.12602
1.10077
1.07662
1.05634
1.0413
1.03187
1.02829
1.03099
1.04022
1.05552
1.07537
1.09752
1.11944
1.13881
1.15389
1.16387
1.16909
1.1709
1.17089
1.16994
1.16776
1.16331
1.15562
1.14432
1.12982
1.11315
1.09583
1.07974
1.06696
1.05921
1.05733
1.06098
1.0689
1.07946
1.09116
1.10296
1.11429
1.12488
1.13462
1.14331
1.15067
1.15628
1.15979
1.16106
1.1604
1.15868
1.1569
1.15571
1.15476
1.15262
1.14727
1.13699
1.12118
1.10081
1.07845
1.05777
1.04249
1.03524
1.03666
1.04528
1.05829
1.07258
1.08581
1.09673
1.1051
1.11132
1.11596
1.11947
1.12195
1.12298
1.12156
1.11647
1.10687
1.09318
1.07774
1.06451
1.05773
1.05988
1.07034
1.08566
1.10108
1.11248
1.11744
1.11546
1.10751
1.09541
1.08115
1.06646
1.05278
1.04132
1.03333
1.02992
1.03169
1.0383
1.0485
1.0607
1.07342
1.08525
1.09481
1.10115
1.10417
1.1046
1.10347
1.10142
1.09846
1.09424
1.08855
1.08162
1.07394
1.06586
1.05738
1.04818
1.03821
1.02838
1.02077
1.01816
1.02269
1.03474
1.05282
1.0746
1.09799
1.12163
1.14454
1.16583
1.18464
1.2003
1.21244
1.22097
1.22587
1.22702
1.22422
1.21717
1.20573
1.19006
1.17095
1.15016
1.1304
1.11466
1.1051
1.10226
1.10518
1.11207
1.12086
1.12958
1.13663
1.14099
1.14231
1.14094
1.13788
1.13431
1.13131
1.12949
1.12884
1.12883
1.12867
1.12763
1.12517
1.12101
1.11489
1.10665
1.09625
1.08403
1.07083
1.05794
1.04686
1.0391
1.03588
1.03807
1.04591
1.05887
1.07548
1.09348
1.11026
1.12345
1.13151
1.13396
1.13153
1.12589
1.11919
1.11346
1.11003
1.10918
1.11031
1.1124
1.11456
1.11631
1.11764
1.11874
1.11975
1.12062
1.1211
1.12093
1.12019
1.11944
1.11969
1.12193
1.1263
1.13168
1.13588
1.13663
1.13282
1.12484
1.11428
1.10302
1.09238
1.08295
1.07506
1.06908
1.06519
1.06303
1.06203
1.06204
1.06372
1.06806
1.07552
1.08561
1.0969
1.1076
1.11624
1.12204
1.12493
1.12523
1.1232
1.11889
1.11216
1.10302
1.09189
1.07975
1.06813
1.05902
1.05457
1.05633
1.06434
1.07688
1.09119
1.10475
1.11609
1.12487
1.13156
1.13674
1.14078
1.14365
1.14509
1.14491
1.14326
1.14063
1.13758
1.13442
1.1309
1.12629
1.11974
1.1107
1.09929
1.08648
1.07386
1.0633
1.0566
1.05505
1.0593
1.06941
1.08405
1.09987
1.11237
1.11823
1.11692
1.11042
1.10191
1.0944
1.08971
1.08802
1.08818
1.08857
1.08795
1.08592
1.08287
1.07946
1.0763
1.07395
1.0731
1.07479
1.07995
1.08868
1.09948
1.1096
1.11617
1.11759
1.11407
1.10731
1.09969
1.09334
1.08954
1.08869
1.09048
1.09419
1.09866
1.10243
1.10404
1.10247
1.09751
1.08978
1.08041
1.07084
1.0626
1.05716
1.05571
1.05871
1.06548
1.07407
1.08181
1.08607
1.08518
1.07894
1.06875
1.05711
1.04668
1.03957
1.03727
1.04119
1.05249
1.07085
1.09352
1.11597
1.13393
1.14496
1.14879
1.14659
1.14002
1.13055
1.11937
1.10773
1.09755
1.09155
1.09257
1.10198
1.11834
1.13752
1.15447
1.16526
1.16807
1.16309
1.15181
1.13633
1.11906
1.10251
1.08908
1.08053
1.0777
1.08061
1.0888
1.10139
1.11673
1.1322
1.1447
1.15163
1.15142
1.1437
1.12901
1.10861
1.08436
1.05864
1.0341
1.01333
0.998565
0.991634
0.993702
1.00475
1.023
1.04521
1.06786
1.0881
1.10405
1.1146
1.1192
1.11784
1.11115
1.10039
1.08725
1.07358
1.06106
1.0509
1.04366
1.03915
1.03663
1.03514
1.03384
1.03223
1.0303
1.02831
1.02642
1.02448
1.02191
1.01807
1.01273
1.00639
1.00027
0.995929
0.994658
0.996968
1.0025
1.01023
1.01891
1.02753
1.0355
1.04278
1.04987
1.05767
1.06736
1.07991
1.09554
1.11351
1.13224
1.14971
1.16394
1.17326
1.17664
1.17381
1.16527
1.15212
1.13579
1.11762
1.09869
1.07999
1.06277
1.04851
1.03844
1.03293
1.03149
1.03335
1.03806
1.04547
1.05547
1.06747
1.08021
1.09193
1.10081
1.10543
1.10526
1.10088
1.09386
1.08625
1.07975
1.07502
1.07153
1.06804
1.0634
1.05755
1.05206
1.04977
1.05298
1.06129
1.07167
1.08062
1.08604
1.08764
1.08633
1.08352
1.08079
1.07931
1.07961
1.08166
1.08524
1.09027
1.09679
1.105
1.1151
1.12702
1.14011
1.15314
1.16486
1.17454
1.18223
1.18823
1.19238
1.19365
1.19079
1.18322
1.17187
1.15898
1.14685
1.13636
1.12648
1.11536
1.10167
1.08525
1.06713
1.04909
1.03313
1.02109
1.01446
1.01409
1.01969
1.02936
1.04008
1.04921
1.05577
1.06067
1.06521
1.06928
1.07147
1.07107
1.06955
1.06975
1.07313
1.07837
1.08285
1.08498
1.08479
1.08297
1.07986
1.07517
1.06846
1.05958
1.04902
1.03784
1.02745
1.01917
1.01391
1.01196
1.01338
1.01835
1.02731
1.04046
1.05694
1.07478
1.09159
1.10545
1.11526
1.12043
1.12076
1.11644
1.10817
1.09729
1.08548
1.07424
1.06425
1.05526
1.04618
1.0357
1.02282
1.0072
0.989546
0.971693
0.956369
0.946762
0.945814
0.955311
0.975018
1.00219
1.03218
1.06
1.08203
1.09694
1.10545
1.10956
1.11155
1.11341
1.11656
1.12157
1.1282
1.13559
1.14281
1.14921
1.15446
1.15857
1.16173
1.1644
1.16722
1.17088
1.17556
1.18077
1.18538
1.18814
1.18793
1.18371
1.17445
1.15938
1.13898
1.11543
1.09232
1.07309
1.05986
1.05338
1.05361
1.05996
1.07113
1.08535
1.10059
1.11482
1.12621
1.13329
1.13523
1.13212
1.12499
1.11573
1.10677
1.10062
1.09943
1.10449
1.11576
1.13167
1.14957
1.16647
1.1797
1.18728
1.18815
1.18245
1.17143
1.15697
1.14059
1.1229
1.10398
1.08417
1.06432
1.04551
1.02859
1.01411
1.00263
0.995156
0.993223
0.998276
1.01078
1.02963
1.05232
1.07576
1.09746
1.11617
1.13212
1.14638
1.1601
1.17365
1.1865
1.19751
1.20562
1.21015
1.21101
1.20847
1.20312
1.19564
1.18652
1.17579
1.16277
1.14642
1.12602
1.10182
1.07514
1.04822
1.02382
1.00461
0.992412
0.987445
0.988658
0.994611
1.00425
1.01679
1.03093
1.04436
1.05424
1.05894
1.05955
1.05981
1.06351
1.07165
1.08231
1.09272
1.10084
1.10584
1.108
1.10844
1.10873
1.11002
1.11243
1.11537
1.11846
1.12203
1.12654
1.13179
1.13695
1.1412
1.14439
1.14704
1.14992
1.15363
1.15842
1.16413
1.17025
1.17591
1.18003
1.18155
1.17965
1.17394
1.16444
1.1515
1.13564
1.11751
1.09782
1.07722
1.05618
1.03502
1.01454
0.996557
0.983297
0.975742
0.97299
0.973601
0.977023
0.98335
0.9926
1.0046
1.01896
1.03471
1.05015
1.06347
1.07373
1.08121
1.08696
1.09212
1.09737
1.10298
1.10893
1.11502
1.12082
1.12569
1.12882
1.12942
1.12696
1.12136
1.11298
1.10235
1.08987
1.076
1.062
1.05056
1.0448
1.04597
1.05259
1.06206
1.07244
1.08276
1.09258
1.10192
1.1113
1.12128
1.13159
1.1407
1.14664
1.14824
1.14569
1.14021
1.13337
1.1268
1.12215
1.12078
1.1231
1.1281
1.13367
1.1378
1.13937
1.13855
1.13654
1.13514
1.136
1.13982
1.14604
1.15313
1.15938
1.16343
1.16458
1.16277
1.15846
1.15237
1.14541
1.13848
1.1323
1.1273
1.12358
1.12108
1.11978
1.11991
1.12188
1.12587
1.13153
1.13795
1.14388
1.14838
1.15137
1.15367
1.15644
1.16024
1.16448
1.16802
1.17032
1.17194
1.17425
1.17855
1.18522
1.1935
1.20182
1.20843
1.21202
1.21188
1.20787
1.20018
1.1891
1.17492
1.15794
1.13847
1.11715
1.09517
1.07438
1.05695
1.04469
1.03833
1.03739
1.04067
1.04678
1.0543
1.06201
1.06912
1.07565
1.08248
1.09027
1.09817
1.10387
1.10507
1.10077
1.09151
1.07883
1.06492
1.0523
1.04366
1.04092
1.04415
1.0511
1.0582
1.06229
1.06182
1.05718
1.05033
1.04403
1.04072
1.04158
1.04587
1.05136
1.05559
1.05727
1.05685
1.05609
1.05659
1.05864
1.06102
1.06173
1.05905
1.05222
1.04173
1.02959
1.01915
1.01435
1.01843
1.03275
1.05641
1.0867
1.11991
1.15216
1.18006
1.20123
1.21448
1.21975
1.21793
1.21052
1.19927
1.18584
1.17154
1.15735
1.1439
1.13156
1.12046
1.11043
1.10102
1.09161
1.08153
1.0704
1.05841
1.04673
1.03725
1.03213
1.03288
1.03987
1.05202
1.06707
1.08227
1.0951
1.10397
1.1085
1.10926
1.10719
1.10315
1.0979
1.09265
1.08919
1.08946
1.09433
1.1028
1.11247
1.12078
1.12586
1.12655
1.12218
1.11254
1.09815
1.08079
1.06374
1.05137
1.04759
1.05376
1.06757
1.08428
1.09918
1.10946
1.11451
1.11519
1.11293
1.10917
1.10514
1.10202
1.10081
1.10198
1.10506
1.10855
1.11047
1.10925
1.10471
1.09837
1.09311
1.09178
1.09564
1.10374
1.11347
1.12193
1.12712
1.12835
1.12587
1.12038
1.11238
1.10208
1.08953
1.07512
1.05977
1.04504
1.03262
1.02387
1.01968
1.02041
1.02595
1.0356
1.04803
1.06158
1.07478
1.08676
1.09734
1.10679
1.11532
1.12265
1.12794
1.12989
1.12724
1.1192
1.10573
1.08752
1.06585
1.04231
1.01891
0.998032
0.982204
0.973408
0.972407
0.978491
0.989821
1.00406
1.01895
1.03261
1.04376
1.05187
1.05724
1.06087
1.06421
1.06866
1.07507
1.08342
1.09265
1.101
1.1066
1.10829
1.10599
1.10073
1.09385
1.08623
1.07796
1.06879
1.05898
1.0497
1.04246
1.03808
1.03602
1.03488
1.03359
1.03232
1.03225
1.03469
1.0402
1.04851
1.05929
1.07283
1.08975
1.11013
1.13277
1.15545
1.17564
1.19117
1.20042
1.20253
1.19749
1.18623
1.17036
1.15166
1.13164
1.11128
1.09139
1.07283
1.0567
1.04421
1.03637
1.03365
1.03575
1.04163
1.04974
1.05857
1.06716
1.07551
1.08432
1.09454
1.10649
1.11937
1.13145
1.14087
1.14634
1.14745
1.14464
1.13892
1.13161
1.12404
1.11728
1.11191
1.10804
1.10546
1.10408
1.10418
1.10613
1.10988
1.11448
1.11828
1.11962
1.1174
1.11132
1.10187
1.09031
1.07864
1.06916
1.06392
1.06404
1.06955
1.07968
1.0932
1.10862
1.12414
1.13789
1.14833
1.15485
1.15786
1.15824
1.15637
1.15161
1.14303
1.13041
1.11471
1.09781
1.08182
1.06882
1.06076
1.05936
1.06556
1.07896
1.09764
1.11892
1.14033
1.16023
1.17773
1.19225
1.2032
1.21004
1.21264
1.2116
1.20789
1.20239
1.1953
1.18627
1.1749
1.16128
1.14619
1.13091
1.11697
1.10583
1.09859
1.09573
1.09701
1.10158
1.10819
1.11552
1.12233
1.12765
1.13082
1.13147
1.12955
1.12521
1.11884
1.11107
1.10271
1.09454
1.08709
1.08039
1.07399
1.06708
1.05862
1.04761
1.03361
1.01714
0.999745
0.983533
0.970306
0.961222
0.957106
0.958649
0.96605
0.978511
0.994186
1.01073
1.02604
1.03889
1.04918
1.05763
1.06541
1.07364
1.08313
1.0941
1.10625
1.11895
1.1315
1.14338
1.15426
1.16376
1.17131
1.17635
1.17861
1.17851
1.17735
1.17687
1.17863
1.18322
1.18997
1.19726
1.20332
1.2067
1.20665
1.20296
1.19584
1.18572
1.17312
1.15858
1.14264
1.12597
1.1094
1.0939
1.08032
1.06911
1.0601
1.05265
1.04604
1.04011
1.03544
1.03296
1.0332
1.03592
1.04051
1.04682
1.05555
1.06787
1.08467
1.10587
1.13005
1.15445
1.17553
1.18992
1.19534
1.19114
1.17826
1.15893
1.13625
1.11375
1.09487
1.08198
1.07597
1.07648
1.08245
1.09225
1.10375
1.11444
1.12162
1.12289
1.11663
1.10246
1.08137
1.0556
1.02836
1.00341
0.984698
0.975937
0.979431
0.994749
1.01835
1.04504
1.06985
1.08935
1.10197
1.10773
1.10766
1.10322
1.09603
1.08755
1.0789
1.07065
1.06308
1.05652
1.05168
1.04972
1.05187
1.05894
1.07102
1.08747
1.10717
1.12865
1.15006
1.16932
1.18424
1.19285
1.19375
1.18619
1.17019
1.14651
1.11672
1.08317
1.04903
1.01795
0.993396
0.977738
0.971627
0.974062
0.983077
0.996576
1.01281
1.0303
1.04746
1.06257
1.07406
1.08104
1.08359
1.08284
1.08062
1.07907
1.08007
1.08483
1.09368
1.10612
1.12101
1.13677
1.15154
1.16339
1.17042
1.17106
1.16434
1.15027
1.13038
1.10825
1.08955
1.08022
1.08293
1.09494
1.11009
1.12282
1.13009
1.13115
1.12671
1.11838
1.10846
1.09959
1.09422
1.09391
1.09868
1.10701
1.11656
1.12524
1.13184
1.13594
1.13765
1.13747
1.13608
1.13415
1.13204
1.13011
1.12894
1.12924
1.13147
1.13545
1.14013
1.14366
1.14384
1.13863
1.12684
1.10876
1.0865
1.06377
1.04473
1.03223
1.02635
1.02449
1.02319
1.0205
1.01725
1.01656
1.02224
1.03683
1.06013
1.08923
1.11968
1.14719
1.16854
1.18183
1.18643
1.18278
1.17225
1.1569
1.13923
1.12161
1.1059
1.09323
1.08402
1.07821
1.07554
1.07573
1.07841
1.08317
1.0895
1.09684
1.10459
1.11212
1.11876
1.12368
1.12583
1.12412
1.11791
1.10742
1.09401
1.07994
1.06741
1.05745
1.04931
1.0411
1.03127
1.01979
1.00842
1.00008
0.997885
1.00401
1.01875
1.04028
1.06529
1.09
1.11111
1.12649
1.13536
1.13818
1.13622
1.13112
1.12434
1.11688
1.10928
1.10182
1.09506
1.08994
1.08747
1.08781
1.08979
1.09126
1.0902
1.08583
1.0789
1.07124
1.06506
1.06226
1.06378
1.06935
1.07754
1.08628
1.09356
1.09798
1.09906
1.09717
1.09339
1.08917
1.08584
1.08421
1.08438
1.08598
1.08845
1.09125
1.09386
1.09566
1.09582
1.09353
1.08853
1.08154
1.0743
1.06873
1.06614
1.06689
1.07078
1.07741
1.08614
1.09606
1.1061
1.11539
1.12342
1.13017
1.13587
1.14072
1.14476
1.14781
1.14949
1.14928
1.14674
1.14177
1.13505
1.12827
1.12377
1.12378
1.12944
1.14055
1.15573
1.17271
1.18835
1.19914
1.202
1.19516
1.17862
1.1544
1.12634
1.09934
1.0782
1.06622
1.06433
1.07116
1.0837
1.09829
1.11136
1.12006
1.12295
1.12036
1.11404
1.10619
1.09859
1.09263
1.08962
1.09047
1.09497
1.10154
1.10781
1.11175
1.11223
1.10878
1.10108
1.08892
1.0725
1.05291
1.03217
1.01303
0.998626
0.991858
0.99444
1.00594
1.02359
1.04327
1.06105
1.07444
1.08271
1.08664
1.08793
1.0886
1.09027
1.09356
1.09791
1.10201
1.10425
1.10326
1.09834
1.08991
1.0799
1.0714
1.06754
1.06983
1.07706
1.08587
1.09265
1.09532
1.0938
1.08944
1.08381
1.07793
1.07207
1.06625
1.0609
1.05729
1.05739
1.06296
1.07432
1.08955
1.10506
1.11723
1.12385
1.12479
1.12169
1.11705
1.11333
1.11226
1.1147
1.12082
1.13029
1.14239
1.15605
1.17
1.18316
1.19477
1.2045
1.2123
1.21825
1.22221
1.22365
1.22164
1.21503
1.20288
1.18486
1.1615
1.13426
1.10534
1.07745
1.05326
1.0349
1.0235
1.01909
1.02079
1.02733
1.03736
1.04953
1.06243
1.07472
1.08554
1.09485
1.10337
1.112
1.1211
1.13005
1.13739
1.14139
1.14074
1.13493
1.12444
1.11072
1.09594
1.08256
1.0729
1.06845
1.06927
1.07381
1.07964
1.08447
1.08699
1.08725
1.08635
1.08588
1.08717
1.09074
1.09647
1.10406
1.11344
1.12472
1.13775
1.1517
1.16518
1.17666
1.18491
1.18923
1.18958
1.18657
1.18137
1.17546
1.17017
1.16638
1.16432
1.16354
1.16323
1.16248
1.16068
1.15776
1.15427
1.15116
1.14946
1.14983
1.15228
1.15609
1.16008
1.16301
1.16383
1.16198
1.15743
1.15079
1.14327
1.13637
1.13133
1.12837
1.12649
1.12423
1.12068
1.11628
1.11241
1.11066
1.11209
1.11706
1.12516
1.13515
1.14512
1.15298
1.15706
1.15661
1.152
1.14441
1.13523
1.1254
1.11515
1.10412
1.09197
1.07894
1.06603
1.05469
1.04635
1.04179
1.04078
1.04213
1.04449
1.04704
1.04973
1.05281
1.05637
1.06013
1.06378
1.06731
1.07109
1.07558
1.0811
1.08765
1.09518
1.10374
1.11328
1.1235
1.13366
1.14274
1.14958
1.15301
1.15212
1.1465
1.13656
1.12368
1.11019
1.09887
1.0921
1.09094
1.09493
1.10252
1.11179
1.12083
1.12814
1.13286
1.13487
1.13478
1.13361
1.13256
1.13269
1.13466
1.13848
1.14349
1.14897
1.15468
1.16065
1.16636
1.17062
1.17224
1.17067
1.16595
1.15833
1.14812
1.13591
1.12295
1.11095
1.10132
1.09427
1.08891
1.08427
1.0805
1.07901
1.08183
1.09056
1.1057
1.12657
1.15138
1.17749
1.20184
1.22136
1.23351
1.23664
1.23023
1.21505
1.19298
1.1665
1.13816
1.11019
1.08459
1.06347
1.04893
1.04238
1.04387
1.05201
1.06467
1.0797
1.0952
1.10951
1.12124
1.12947
1.13403
1.13557
1.13561
1.1362
1.13931
1.1462
1.15686
1.16987
1.18283
1.19296
1.19784
1.19588
1.18672
1.17126
1.15168
1.13111
1.11298
1.09998
1.0932
1.09205
1.09495
1.10015
1.10614
1.11175
1.11598
1.11812
1.11771
1.11447
1.1081
1.09855
1.08733
1.07954
1.08309
1.10241
1.13278
1.1642
1.18894
1.20393
1.20924
1.20635
1.19729
1.18428
1.16944
1.15457
1.1411
1.13004
1.12177
1.11596
1.1116
1.10735
1.10222
1.09596
1.08909
1.08254
1.07706
1.073
1.07029
1.06879
1.06873
1.0708
1.07591
1.08451
1.09583
1.10796
1.11871
1.12655
1.13092
1.13192
1.12977
1.12437
1.11519
1.10151
1.0831
1.0607
1.03611
1.0115
0.988594
0.968481
0.952052
0.940384
0.934612
0.935412
0.942517
0.954677
0.970013
0.986644
1.0031
1.01842
1.03211
1.04387
1.05355
1.06116
1.06698
1.07133
1.07424
1.0752
1.0735
1.06883
1.06176
1.05362
1.04592
1.03992
1.03656
1.03648
1.04008
1.04738
1.05794
1.07096
1.08565
1.10152
1.11793
1.13303
1.14309
1.14371
1.13208
1.10859
1.07741
1.04542
1.01916
1.00163
0.992125
0.988836
0.990729
0.997484
1.00855
1.02267
1.03811
1.0535
1.0682
1.0821
1.09493
1.10591
1.114
1.11849
1.11931
1.11699
1.11248
1.10678
1.10061
1.09424
1.08755
1.08044
1.07338
1.06723
1.06269
1.05989
1.05866
1.05891
1.06072
1.06411
1.06885
1.07455
1.081
1.08822
1.09618
1.10442
1.11181
1.1167
1.11747
1.11322
1.10444
1.09313
1.0824
1.07549
1.07448
1.07919
1.08703
1.09407
1.09675
1.09308
1.08313
1.06869
1.05262
1.03828
1.02868
1.02569
1.02952
1.03882
1.05145
1.06525
1.07855
1.09019
1.09935
1.10539
1.10765
1.1054
1.09808
1.08552
1.06832
1.0479
1.02632
1.00577
0.987883
0.973509
0.963108
0.957251
0.956538
0.961005
0.969689
0.980917
0.992838
1.0039
1.01325
1.02102
1.02818
1.03567
1.04336
1.05004
1.05424
1.05529
1.05362
1.05042
1.04701
1.04461
1.04419
1.04649
1.0517
1.05933
1.06807
1.07619
1.08221
1.08556
1.08702
1.0882
1.09075
1.09555
1.10268
1.11178
1.12245
1.13423
1.14644
1.15822
1.16847
1.17601
1.17967
1.1783
1.17098
1.15721
1.13726
1.11257
1.08602
1.0614
1.04191
1.02856
1.02009
1.01435
1.00984
1.0062
1.00404
1.00446
1.00849
1.01659
1.02837
1.04256
1.05731
1.07082
1.08198
1.09083
1.09871
1.10773
1.11981
1.13557
1.1535
1.17033
1.18224
1.18654
1.18274
1.17252
1.15905
1.14572
1.13509
1.12847
1.12591
1.12625
1.12737
1.12663
1.12166
1.11107
1.0948
1.0739
1.05024
1.02625
1.00471
0.988231
0.978664
0.976625
0.981523
0.991964
1.00631
1.02305
1.04106
1.05962
1.07824
1.09622
1.11236
1.1251
1.13326
1.13647
1.13524
1.13071
1.12452
1.11889
1.11642
1.11964
1.12985
1.14609
1.16484
1.18112
1.19043
1.19027
1.18065
1.16378
1.14321
1.1228
1.1058
1.09422
1.0885
1.08773
1.09019
1.09403
1.09782
1.10071
1.10259
1.10426
1.1076
1.11496
1.12765
1.14471
1.16305
1.17912
1.19041
1.19585
1.19548
1.19006
1.18107
1.1707
1.1617
1.1567
1.15711
1.16243
1.17001
1.17567
1.17473
1.16308
1.13827
1.10031
1.05228
1.00032
0.952516
0.916123
0.894664
0.887358
0.891247
0.903146
0.919798
0.937647
0.953669
0.966385
0.976084
0.984184
0.992209
1.00108
1.01089
1.0212
1.03134
1.04066
1.04879
1.05575
1.06173
1.06678
1.07082
1.07396
1.07661
1.07892
1.08081
1.08231
1.08351
1.08436
1.08492
1.0855
1.08679
1.0895
1.09395
1.09978
1.10587
1.11064
1.11257
1.11063
1.1047
1.09582
1.08594
1.07722
1.07095
1.06721
1.06512
1.06373
1.06242
1.06115
1.06025
1.06027
1.06165
1.06448
1.06853
1.0734
1.07863
1.08376
1.08835
1.09189
1.094
1.09455
1.09386
1.09256
1.09127
1.09033
1.08995
1.0904
1.0922
1.09584
1.10157
1.10906
1.11742
1.12542
1.13196
1.13633
1.13827
1.13788
1.13567
1.13281
1.13117
1.13264
1.13815
1.14709
1.15771
1.16807
1.17665
1.18246
1.18507
1.18437
1.18052
1.17397
1.16549
1.15629
1.14792
1.142
1.13962
1.14099
1.1452
1.15064
1.15537
1.15757
1.15576
1.1489
1.13665
1.11935
1.09828
1.07552
1.05363
1.03515
1.02202
1.01516
1.01425
1.01762
1.02285
1.02771
1.03097
1.03263
1.03378
1.03628
1.04202
1.05202
1.06556
1.08014
1.09239
1.09937
1.09962
1.09328
1.08171
1.0669
1.05105
1.03649
1.0255
1.01998
1.02087
1.02785
1.03976
1.05521
1.07302
1.09222
1.11187
1.13087
1.14794
1.16178
1.17141
1.17657
1.17784
1.1764
1.17369
1.17105
1.16974
1.171
1.17537
1.18174
1.18732
1.18911
1.18536
1.17628
1.16372
1.15042
1.1391
1.13164
1.12862
1.12927
1.13204
1.13548
1.13853
1.1403
1.13975
1.13594
1.12869
1.11888
1.10815
1.0984
1.09143
1.08869
1.09117
1.09934
1.11289
1.13058
1.15026
1.1694
1.1857
1.1976
1.2045
1.20667
1.20509
1.20118
1.19639
1.19181
1.18791
1.18444
1.18068
1.1756
1.16807
1.15715
1.14227
1.12366
1.1025
1.08077
1.06073
1.04433
1.03283
1.02631
1.02371
1.02328
1.02356
1.02401
1.025
1.02721
1.03079
1.0351
1.03902
1.04155
1.04237
1.04207
1.04201
1.04387
1.04918
1.05878
1.07269
1.08999
1.10899
1.12745
1.14301
1.15376
1.15886
1.15892
1.15604
1.15307
1.15206
1.15313
1.15475
1.1553
1.15416
1.15182
1.14905
1.14635
1.14371
1.1408
1.13706
1.13179
1.12429
1.11419
1.10194
1.08876
1.07615
1.06525
1.05683
1.05169
1.05104
1.05615
1.06738
1.08325
1.10066
1.11586
1.12577
1.12861
1.12399
1.11269
1.09635
1.07732
1.05856
1.04343
1.03498
1.03508
1.04362
1.05851
1.07656
1.09436
1.10895
1.11805
1.12022
1.11527
1.10442
1.09028
1.07628
1.06577
1.06116
1.06315
1.07103
1.08348
1.09926
1.11734
1.13634
1.15419
1.1683
1.17623
1.1763
1.16803
1.15214
1.13059
1.10617
1.08203
1.06123
1.04641
1.03943
1.04055
1.04801
1.05875
1.06994
1.08002
1.08881
1.09683
1.10454
1.11202
1.11902
1.12543
1.13157
1.13809
1.14556
1.15407
1.16305
1.1716
1.17861
1.18286
1.18314
1.17848
1.16842
1.15312
1.13353
1.11137
1.08921
1.07041
1.05864
1.05636
1.06332
1.07616
1.08992
1.09982
1.10254
1.09692
1.08395
1.06641
1.04774
1.03082
1.017
1.00592
0.996396
0.987697
0.98041
0.976389
0.978108
0.987519
1.00501
1.02901
1.05639
1.08354
1.10731
1.12543
1.13669
1.14089
1.13882
1.13202
1.12251
1.11224
1.10268
1.09459
1.08813
1.08328
1.07989
1.07743
1.07484
1.0708
1.06433
1.05545
1.04527
1.03551
1.02765
1.02262
1.0212
1.02452
1.03382
1.04972
1.07178
1.09846
1.12751
1.15643
1.18285
1.20478
1.22074
1.22974
1.2313
1.22541
1.21255
1.19375
1.17051
1.14472
1.11861
1.09456
1.07486
1.06142
1.05534
1.05651
1.06343
1.07361
1.08426
1.0931
1.09878
1.10089
1.09974
1.09615
1.09134
1.08657
1.08273
1.08027
1.07948
1.08076
1.08429
1.08956
1.09553
1.1011
1.10514
1.10644
1.10399
1.09769
1.0889
1.08049
1.07591
1.07778
1.08706
1.10299
1.12366
1.14628
1.16762
1.18462
1.19505
1.19778
1.19285
1.1812
1.16454
1.14504
1.12507
1.10689
1.09212
1.08139
1.07422
1.06939
1.06577
1.06285
1.06075
1.0593
1.05743
1.05381
1.04808
1.0413
1.03558
1.03357
1.03799
1.05043
1.07026
1.09425
1.11768
1.13583
1.14535
1.14501
1.136
1.1216
1.10596
1.09277
1.08431
1.08145
1.08379
1.08954
1.09588
1.09971
1.09875
1.09226
1.08124
1.06822
1.05642
1.04887
1.04749
1.0526
1.06286
1.07562
1.08772
1.09655
1.10082
1.10074
1.09769
1.09346
1.08947
1.08634
1.08397
1.082
1.08034
1.07939
1.0798
1.08203
1.08611
1.09144
1.09712
1.1023
1.10646
1.10962
1.11225
1.11503
1.11872
1.12388
1.13065
1.13858
1.14661
1.15339
1.15771
1.15893
1.15723
1.15348
1.14882
1.14398
1.13894
1.1332
1.12633
1.11852
1.11064
1.10396
1.09958
1.09773
1.09722
1.09585
1.09153
1.0834
1.07225
1.0602
1.05022
1.04524
1.04716
1.0561
1.07043
1.08763
1.10523
1.12147
1.13528
1.14577
1.15193
1.15277
1.14778
1.13719
1.12213
1.10451
1.08657
1.07054
1.05804
1.04984
1.04574
1.0449
1.04641
1.04997
1.05593
1.06478
1.07641
1.08978
1.10308
1.11428
1.1217
1.12445
1.12266
1.11723
1.10934
1.09993
1.08965
1.07911
1.0692
1.06105
1.05551
1.05263
1.05157
1.05094
1.04943
1.04614
1.04089
1.03429
1.02805
1.02476
1.02704
1.03595
1.05025
1.06699
1.08296
1.09578
1.1042
1.10803
1.1078
1.10446
1.09911
1.09286
1.08675
1.08191
1.07941
1.08009
1.08417
1.09102
1.09937
1.10773
1.11497
1.12058
1.1249
1.12903
1.13447
1.14242
1.15306
1.16539
1.17767
1.1881
1.19519
1.19773
1.19479
1.18566
1.17018
1.14885
1.12302
1.09502
1.06795
1.04526
1.03003
1.02445
1.02934
1.04391
1.06589
1.0922
1.11968
1.14587
1.16922
1.18909
1.20537
1.21817
1.22745
1.23309
1.2349
1.23292
1.2275
1.21908
1.20796
1.19408
1.17747
1.15873
1.13925
1.12093
1.10558
1.0943
1.08724
1.0839
1.08375
1.08654
1.09227
1.10069
1.11111
1.12255
1.13415
1.14534
1.15562
1.16431
1.17053
1.1735
1.17286
1.16875
1.16177
1.1529
1.14322
1.13374
1.12532
1.11863
1.11417
1.11223
1.11294
1.11616
1.12144
1.12802
1.13504
1.14189
1.14845
1.15493
1.16147
1.16773
1.17278
1.17528
1.17389
1.16773
1.15666
1.14158
1.12448
1.10785
1.0936
1.08238
1.07393
1.06802
1.06489
1.06501
1.06862
1.07532
1.0841
1.09371
1.10296
1.11101
1.11738
1.12186
1.12437
1.12485
1.12322
1.1196
1.11456
1.1092
1.10485
1.10238
1.10191
1.10287
1.10418
1.1046
1.10311
1.09924
1.09311
1.08513
1.07584
1.06585
1.05604
1.04757
1.04146
1.03801
1.03647
1.03554
1.03412
1.03182
1.02894
1.02636
1.02542
1.02762
1.03414
1.0453
1.06027
1.07735
1.09443
1.10973
1.12217
1.1314
1.13767
1.14154
1.14383
1.14553
1.14763
1.15087
1.1557
1.16222
1.17014
1.17864
1.18656
1.19289
1.19705
1.19894
1.19877
1.19669
1.19272
1.18669
1.17831
1.16734
1.15383
1.13819
1.12116
1.10363
1.08664
1.07152
1.05987
1.05323
1.05261
1.05807
1.06859
1.08243
1.09754
1.11187
1.12354
1.13126
1.1348
1.13508
1.13369
1.13209
1.13092
1.13009
1.12931
1.12859
1.12848
1.12988
1.13346
1.1392
1.14624
1.15321
1.15859
1.16102
1.15943
1.15311
1.14173
1.12551
1.10544
1.0834
1.06204
1.04405
1.03135
1.02464
1.02347
1.02678
1.03317
1.04098
1.04817
1.05256
1.05252
1.04783
1.03973
1.03051
1.02256
1.0177
1.01683
1.02001
1.02649
1.03496
1.04375
1.05122
1.05593
1.05697
1.05399
1.04719
1.03719
1.02496
1.01203
1.00056
0.993206
0.992501
0.999581
1.01335
1.03065
1.04767
1.0615
1.07088
1.07601
1.07798
1.07808
1.07738
1.07671
1.0767
1.07771
1.07963
1.08176
1.0831
1.08282
1.08082
1.07807
1.07633
1.07746
1.08228
1.08981
1.09778
1.10393
1.10692
1.10641
1.10248
1.09533
1.08511
1.07195
1.05625
1.03915
1.02284
1.01035
1.00469
1.00773
1.01947
1.03801
1.06028
1.08299
1.10345
1.11982
1.13109
1.13687
1.13723
1.13273
1.12442
1.11376
1.10249
1.09226
1.08433
1.07918
1.0764
1.07478
1.07276
1.06923
1.06426
1.05957
1.05794
1.06166
1.0712
1.08516
1.10122
1.11688
1.12999
1.13908
1.14347
1.1431
1.13837
1.13003
1.11906
1.10667
1.09415
1.0827
1.07337
1.06694
1.06395
1.06472
1.06938
1.0778
1.08939
1.10281
1.11599
1.12645
1.13188
1.13068
1.1223
1.10711
1.08633
1.06183
1.03599
1.01151
0.99109
0.977067
0.970916
0.972904
0.982004
0.996253
1.01338
1.03142
1.04902
1.06534
1.07993
1.09257
1.10306
1.11095
1.11554
1.11622
1.11299
1.10667
1.09867
1.09019
1.08169
1.0731
1.06467
1.05717
1.05117
1.04624
1.04124
1.03544
1.02892
1.02215
1.01567
1.01007
1.00621
1.00495
1.00657
1.01022
1.01418
1.01697
1.01866
1.02135
1.02809
1.04091
1.05976
1.08279
1.10748
1.13154
1.15304
1.1703
1.18174
1.18605
1.18258
1.17164
1.1547
1.13428
1.11345
1.0951
1.0813
1.07299
1.07005
1.07113
1.07373
1.07474
1.07165
1.06367
1.05232
1.04114
1.03436
1.03476
1.04231
1.05463
1.06818
1.07928
1.08462
1.08201
1.07083
1.05246
1.03049
1.01049
0.998579
0.998783
1.01096
1.03144
1.05554
1.07939
1.10042
1.11714
1.12888
1.13561
1.13786
1.13667
1.13337
1.12946
1.12621
1.12437
1.12399
1.12464
1.12576
1.12716
1.12906
1.13194
1.13624
1.14183
1.1478
1.1527
1.15513
1.15451
1.15144
1.14744
1.14413
1.1424
1.1419
1.14141
1.13936
1.13465
1.12726
1.11857
1.11099
1.10681
1.10679
1.10962
1.11275
1.11387
1.11195
1.10727
1.10086
1.09369
1.08645
1.07985
1.07497
1.0731
1.07526
1.08173
1.09185
1.10417
1.1168
1.12795
1.1364
1.14176
1.14442
1.14529
1.14539
1.14532
1.14519
1.14452
1.14249
1.13813
1.13073
1.12029
1.10789
1.09584
1.08706
1.0839
1.08727
1.09661
1.11066
1.128
1.14723
1.16697
1.18604
1.20363
1.21928
1.23264
1.24321
1.25033
1.25333
1.25169
1.24522
1.23416
1.21912
1.2011
1.1816
1.16263
1.1466
1.13582
1.13162
1.13374
1.1401
1.14761
1.15347
1.15638
1.15671
1.15548
1.15292
1.14841
1.14134
1.13199
1.12158
1.11172
1.10391
1.09921
1.09839
1.10229
1.11151
1.12529
1.14089
1.15468
1.16385
1.16731
1.16556
1.16013
1.15291
1.14548
1.13878
1.13319
1.1289
1.12616
1.12509
1.1254
1.12638
1.12719
1.12719
1.12617
1.12426
1.12168
1.11834
1.11376
1.10726
1.0983
1.08699
1.07432
1.062
1.05197
1.04574
1.04372
1.04527
1.04969
1.05724
1.06874
1.08361
1.099
1.11112
1.11736
1.11729
1.11232
1.10474
1.09694
1.09071
1.08695
1.08562
1.08589
1.08651
1.08621
1.08412
1.08003
1.07451
1.06889
1.06489
1.06413
1.06755
1.07499
1.08531
1.09678
1.10759
1.11631
1.12215
1.12514
1.12618
1.12683
1.12876
1.13307
1.14006
1.14917
1.15904
1.16737
1.17146
1.16917
1.1598
1.14443
1.12572
1.1073
1.0928
1.08477
1.08385
1.08903
1.09834
1.10972
1.1215
1.13264
1.14265
1.1509
1.15613
1.15661
1.15141
1.14118
1.12765
1.11245
1.09667
1.08134
1.06783
1.05805
1.05398
1.05686
1.06621
1.07975
1.09444
1.10789
1.11898
1.12764
1.13436
1.13953
1.14305
1.14419
1.14209
1.13641
1.1277
1.11729
1.10673
1.09722
1.08922
1.08237
1.0759
1.06937
1.06289
1.05704
1.05251
1.05018
1.051
1.05561
1.0639
1.07508
1.08783
1.10023
1.10972
1.11352
1.10964
1.098
1.08097
1.06317
1.04984
1.04445
1.04722
1.0558
1.06691
1.07759
1.0858
1.09051
1.0917
1.0903
1.08802
1.08712
1.08985
1.09779
1.11112
1.12841
1.14715
1.1646
1.17863
1.18813
1.19295
1.19367
1.19124
1.18658
1.18013
1.17178
1.16116
1.14825
1.13382
1.11965
1.10805
1.10095
1.09921
1.10258
1.11023
1.12129
1.13499
1.15058
1.16722
1.18386
1.1993
1.21227
1.22145
1.22573
1.22447
1.21769
1.20593
1.18997
1.17062
1.14886
1.12603
1.1036
1.08248
1.06275
1.04406
1.02636
1.01046
0.997818
0.989885
0.987223
0.989353
0.9954
1.00472
1.01699
1.03185
1.04834
1.06487
1.07987
1.09275
1.10389
1.1135
1.12072
1.12431
1.12395
1.12065
1.11591
1.1107
1.10508
1.09833
1.08949
1.07781
1.06319
1.04645
1.02918
1.01332
1.00054
0.992001
0.988602
0.991042
0.999476
1.01315
1.03037
1.04883
1.06615
1.08047
1.09082
1.09714
1.09982
1.0991
1.09487
1.08723
1.07738
1.06799
1.06234
1.06252
1.06827
1.07747
1.08781
1.0982
1.10889
1.12066
1.13392
1.14821
1.1624
1.17515
1.18525
1.19182
1.19435
1.19281
1.18766
1.17989
1.17079
1.16144
1.15228
1.14304
1.13329
1.123
1.11273
1.10344
1.09596
1.09087
1.08824
1.08757
1.08776
1.0874
1.08535
1.08122
1.07553
1.06954
1.06478
1.06261
1.06397
1.06928
1.0783
1.09016
1.10334
1.11579
1.12514
1.12897
1.12525
1.11286
1.09208
1.06499
1.03542
1.00832
0.98853
0.979417
0.981867
0.994333
1.0138
1.03688
1.06053
1.0823
1.10048
1.11402
1.12256
1.12636
1.12616
1.1231
1.11859
1.11411
1.11074
1.10877
1.10768
1.10669
1.10533
1.10371
1.10249
1.10259
1.10491
1.10976
1.11648
1.12365
1.13001
1.1352
1.14003
1.14593
1.15402
1.16442
1.17614
1.18733
1.1961
1.20126
1.20254
1.20035
1.19536
1.18821
1.17948
1.16968
1.1592
1.14826
1.13698
1.12571
1.11508
1.10603
1.09926
1.09486
1.09217
1.09019
1.0882
1.08615
1.08448
1.08362
1.08364
1.08437
1.08562
1.08745
1.09024
1.09457
1.10089
1.10921
1.11883
1.12839
1.13647
1.14218
1.14546
1.14695
1.14741
1.1471
1.14561
1.1421
1.13595
1.12736
1.11747
1.10807
1.10092
1.09721
1.0972
1.10031
1.1054
1.11122
1.11673
1.1213
1.12492
1.12828
1.13255
1.13886
1.14761
1.15797
1.16805
1.17584
1.1801
1.18068
1.17789
1.17147
1.16053
1.14462
1.12493
1.10434
1.08628
1.07314
1.06531
1.06125
1.05842
1.05437
1.0472
1.03552
1.01886
0.998494
0.977783
0.961261
0.952501
0.95259
0.960411
0.974005
0.991387
1.01069
1.0303
1.04889
1.06551
1.07955
1.09059
1.09845
1.10323
1.10537
1.10558
1.10471
1.10338
1.10171
1.0993
1.09568
1.09086
1.08556
1.08106
1.07868
1.07927
1.08287
1.08869
1.09549
1.10212
1.10779
1.1119
1.11362
1.11163
1.10448
1.09144
1.07347
1.05339
1.03528
1.02291
1.01819
1.02055
1.02745
1.03565
1.04216
1.04502
1.04331
1.03707
1.02704
1.01481
1.003
0.994964
0.993752
1.0007
1.01468
1.03281
1.05206
1.07044
1.08702
1.10141
1.11334
1.12239
1.12813
1.13025
1.12881
1.12411
1.11658
1.10672
1.09545
1.08433
1.07537
1.07027
1.06982
1.07373
1.08076
1.08925
1.09771
1.10532
1.11212
1.11889
1.12654
1.13555
1.1455
1.15513
1.16274
1.16685
1.16675
1.16248
1.15446
1.14341
1.13049
1.11733
1.10576
1.09718
1.09218
1.09056
1.09163
1.09451
1.09846
1.10304
1.10817
1.11397
1.12049
1.12768
1.13527
1.14292
1.15019
1.15654
1.16116
1.16283
1.15999
1.15119
1.13567
1.11408
1.08872
1.0631
1.04065
1.0233
1.01119
1.00361
1.00007
1.00067
1.00564
1.01477
1.02728
1.04205
1.05801
1.07417
1.08955
1.10313
1.11389
1.12089
1.12357
1.12198
1.117
1.11015
1.103
1.09652
1.09075
1.0851
1.07907
1.07281
1.06739
1.06444
1.0655
1.07148
1.08239
1.09751
1.11556
1.13476
1.15313
1.1689
1.18095
1.18884
1.19278
1.19341
1.19174
1.18905
1.18661
1.1854
1.18559
1.1864
1.18644
1.18434
1.17926
1.17105
1.16005
1.14674
1.13154
1.11487
1.09738
1.08016
1.06484
1.05332
1.0472
1.04726
1.053
1.06275
1.07429
1.08553
1.09498
1.10185
1.10589
1.1073
1.10638
1.10333
1.09817
1.09091
1.08171
1.07105
1.0598
1.04924
1.04092
1.03633
1.03653
1.04181
1.05168
1.06512
1.08078
1.0972
1.11297
1.12682
1.13761
1.14439
1.14639
1.14322
1.13541
1.1248
1.11448
1.10765
1.10592
1.10864
1.11383
1.11943
1.12395
1.12655
1.12694
1.12543
1.12281
1.12004
1.11792
1.11675
1.11624
1.11563
1.11406
1.111
1.10661
1.10165
1.09702
1.09347
1.09149
1.09146
1.09348
1.09717
1.10127
1.10367
1.10188
1.09391
1.07891
1.05752
1.03178
1.00494
0.981198
0.965136
0.960383
0.968074
0.986344
1.01142
1.03906
1.06547
1.08764
1.10361
1.11261
1.115
1.11211
1.10603
1.09919
1.09356
1.08977
1.08707
1.08431
1.08106
1.07776
1.07502
1.07277
1.07012
1.06579
1.05888
1.04947
1.03881
1.02919
1.02348
1.02458
1.03475
1.05468
1.0828
1.11529
1.14707
1.17328
1.1904
1.1967
1.19241
1.17975
1.16293
1.14744
1.13819
1.13736
1.14358
1.15315
1.16187
1.1665
1.16544
1.15876
1.14795
1.13522
1.12272
1.11178
1.10277
1.09557
1.0902
1.08695
1.08617
1.08801
1.0923
1.0987
1.10684
1.11632
1.12662
1.13709
1.14702
1.15583
1.16323
1.16909
1.17338
1.1758
1.17578
1.17274
1.16646
1.15741
1.14683
1.13648
1.12798
1.12242
