1.6442
1.64252
1.64726
1.65803
1.67207
1.68571
1.69606
1.70164
1.70256
1.70007
1.696
1.69191
1.68866
1.68646
1.68524
1.68495
1.68519
1.68474
1.68169
1.67439
1.66283
1.64964
1.6393
1.63585
1.6409
1.65348
1.67135
1.69206
1.71337
1.7332
1.74949
1.76025
1.7638
1.75946
1.74838
1.73402
1.72186
1.71728
1.72269
1.73576
1.75048
1.76015
1.75991
1.74778
1.72455
1.69338
1.65959
1.63007
1.61165
1.60819
1.61836
1.63638
1.65524
1.66963
1.67708
1.67766
1.67304
1.66558
1.65748
1.65017
1.64423
1.63952
1.63556
1.63191
1.62825
1.6244
1.62049
1.61724
1.61613
1.61888
1.62644
1.639
1.65642
1.67808
1.70191
1.72432
1.74156
1.75143
1.75385
1.75047
1.74395
1.73725
1.73292
1.73241
1.73569
1.74126
1.74694
1.7513
1.75499
1.76048
1.76932
1.77941
1.78563
1.7834
1.77155
1.75267
1.73127
1.71119
1.69345
1.67639
