1.63035
1.60224
1.5672
1.52666
1.48277
1.43811
1.39522
1.35617
1.32234
1.29458
1.27362
1.26029
1.25548
1.25972
1.27265
1.2927
1.31732
1.34367
1.36929
1.39229
1.41134
1.42532
1.43336
1.43497
1.4302
1.41969
1.40456
1.38603
1.36504
1.34212
1.31756
1.29189
1.26657
1.24439
1.22917
1.22444
1.23149
1.24855
1.27178
1.29707
1.32124
1.34233
1.35927
1.37154
1.37887
1.3812
1.37864
1.37154
1.36049
1.34632
1.32999
1.31244
1.29455
1.2773
1.26213
1.25093
1.24567
1.24751
1.25617
1.27
1.28676
1.30425
1.3207
1.33483
1.34576
1.35294
1.35601
1.3547
1.34884
1.33836
1.32343
1.30451
1.28243
1.25843
1.23403
1.2109
1.19065
1.17459
1.1638
1.15913
1.16117
1.17
1.18482
1.20387
1.2248
1.24533
1.26369
1.27885
1.29037
1.29801
1.30165
1.30108
1.29627
1.28768
1.27668
1.26537
1.25609
1.25061
1.24955
1.25243
