-3.37001
-3.36955
-3.3694
-3.37045
-3.37
-3.37045
-3.37106
-3.37273
-3.37152
-3.37091
-3.37061
-3.37076
-3.37076
-3.37121
-3.37196
-3.37166
-3.37212
-3.37121
-3.37
-3.36955
-3.36834
-3.36789
-3.36895
-3.36865
-3.3685
-3.3691
-3.36865
-3.3685
-3.36698
-3.36774
-3.36758
-3.36758
-3.36834
-3.36758
-3.36774
-3.36683
-3.36713
-3.36728
-3.36592
-3.36683
-3.36638
-3.36728
-3.36774
-3.36819
-3.36744
-3.36789
-3.3691
-3.3691
-3.37046
-3.37121
-3.37106
-3.3706
-3.37136
-3.37061
-3.36864
-3.3685
-3.36804
-3.36744
-3.36834
-3.36955
-3.37
-3.37015
-3.37015
-3.37091
-3.3703
-3.37015
-3.36924
-3.36849
-3.36925
-3.3691
-3.36909
-3.36879
-3.3694
-3.36849
-3.3697
-3.3691
-3.36895
-3.3694
-3.3691
-3.36895
-3.36835
-3.3691
-3.36864
-3.36789
-3.36759
-3.36683
-3.36714
-3.3685
-3.36789
-3.36774
-3.36834
-3.36925
-3.36925
-3.36865
-3.3682
-3.3691
-3.36865
-3.36925
-3.3697
-3.37016
-3.37061
-3.37001
-3.37046
-3.37046
-3.36985
-3.36955
-3.36834
-3.36819
-3.36879
-3.36864
-3.36909
-3.36985
-3.36924
-3.3694
-3.36985
-3.37166
-3.37136
-3.37166
-3.37061
-3.37031
-3.37061
-3.37
-3.37031
-3.37
-3.36985
-3.3691
-3.36925
-3.3694
-3.3691
-3.36834
-3.3691
-3.36865
-3.3688
-3.36865
-3.36819
-3.36759
-3.36804
-3.36804
-3.36834
-3.36834
-3.36879
-3.36804
-3.36789
-3.36789
-3.36789
-3.36835
-3.36789
-3.3682
-3.36865
-3.3685
-3.36865
-3.36834
-3.36743
-3.36683
-3.36743
-3.36683
-3.36653
-3.36683
-3.36699
-3.36684
-3.36745
-3.36729
-3.36805
-3.3688
-3.36774
-3.36744
-3.36638
-3.36562
-3.36562
-3.36592
-3.36592
-3.36638
-3.36714
-3.36729
-3.36729
-3.36714
-3.36654
-3.36563
-3.36638
-3.36653
-3.36729
-3.36834
-3.36804
-3.36895
-3.36834
-3.3688
-3.3694
-3.36865
-3.37046
-3.37001
-3.37016
-3.3691
-3.36955
-3.36986
-3.3694
-3.37061
-3.37016
-3.37152
-3.37212
-3.37182
-3.37152
-3.37167
-3.37061
-3.37091
-3.36986
-3.36895
-3.36819
-3.36819
-3.36759
-3.36699
-3.36714
-3.36744
-3.36804
-3.36789
-3.36759
-3.36774
-3.36865
-3.36759
-3.36834
-3.36819
-3.36789
-3.36729
-3.36744
-3.36759
-3.36713
-3.36683
-3.36804
-3.3697
-3.36865
-3.36835
-3.3688
-3.36986
-3.36971
-3.36956
-3.3697
-3.36955
-3.36909
-3.36834
-3.36774
-3.3688
-3.3688
-3.36911
-3.36926
-3.36835
-3.3676
-3.3682
-3.3691
-3.37031
-3.36985
-3.37
-3.37015
-3.37106
-3.37137
-3.37031
-3.37016
-3.36926
-3.36956
-3.36956
-3.36956
-3.36941
-3.37032
-3.37017
-3.36956
-3.36956
-3.36986
-3.37016
-3.37076
-3.37077
-3.37137
-3.37198
-3.37183
-3.37258
-3.37213
-3.37304
-3.37303
-3.37394
-3.375
-3.37515
-3.37485
-3.37531
-3.37425
-3.37425
-3.3741
-3.37425
-3.3744
-3.37394
-3.37258
-3.37183
-3.37183
-3.37198
-3.37304
-3.37289
-3.37138
-3.37137
-3.37137
-3.37122
-3.37077
-3.37092
-3.37243
-3.37273
-3.37243
-3.37213
-3.37183
-3.37289
-3.37409
-3.37546
-3.37485
-3.3747
-3.3747
-3.375
-3.37591
-3.375
-3.3756
-3.3753
-3.37409
-3.37455
-3.37545
-3.37576
-3.37591
-3.37515
-3.37485
-3.3753
-3.37455
-3.37409
-3.37409
-3.37349
-3.37258
-3.37304
-3.37273
-3.37289
-3.37243
-3.37334
-3.37258
-3.37364
-3.37379
-3.37319
-3.37334
-3.3747
-3.375
-3.37485
-3.37319
-3.37228
-3.37168
-3.37107
-3.37137
-3.37092
-3.37092
-3.37016
-3.37046
-3.37152
-3.37092
-3.37122
-3.37198
-3.37152
-3.37122
-3.37061
-3.37182
-3.37182
-3.37152
-3.37062
-3.37032
-3.36972
-3.36942
-3.36881
-3.36881
-3.3685
-3.3688
-3.3691
-3.36925
-3.36926
-3.36866
-3.36911
-3.36866
-3.36972
-3.36987
-3.37002
-3.37077
-3.37183
-3.37258
-3.37303
-3.37349
-3.37409
-3.37349
-3.37288
-3.37228
-3.37107
-3.37123
-3.37138
-3.37137
-3.37213
-3.37122
-3.37076
-3.37046
-3.37076
-3.37092
-3.37122
-3.37137
-3.37183
-3.37183
-3.37228
-3.37198
-3.37107
-3.37197
-3.37152
-3.37122
-3.37137
-3.37122
-3.36986
-3.36941
-3.3685
-3.3688
-3.37031
-3.37107
-3.37092
-3.37062
-3.37002
-3.37108
-3.37168
-3.37031
-3.37031
-3.36986
-3.36895
-3.3691
-3.36804
-3.36789
-3.36804
-3.36653
-3.36683
-3.36729
-3.36759
-3.3685
-3.3679
-3.36775
-3.3679
-3.3682
-3.36759
-3.36744
-3.36775
-3.36805
-3.36896
-3.37016
-3.37106
-3.37137
-3.37182
-3.37198
-3.37122
-3.37032
-3.37062
-3.37002
-3.37032
-3.36895
-3.3685
-3.3685
-3.36971
-3.36971
-3.36956
-3.36896
-3.3682
-3.36745
-3.36835
-3.36714
-3.36714
-3.36714
-3.36729
-3.36699
-3.3685
-3.36911
-3.36956
-3.37016
-3.37122
-3.37122
-3.37031
-3.36971
-3.37077
-3.37137
-3.37183
-3.37183
-3.37258
-3.37318
-3.37228
-3.37197
-3.37182
-3.37288
-3.37303
-3.37303
-3.37197
-3.37107
-3.37046
-3.37062
-3.37016
-3.37046
-3.37061
-3.37061
-3.36955
-3.36895
-3.3685
-3.36729
-3.36653
-3.36638
-3.36759
-3.36729
-3.36729
-3.36774
-3.36774
-3.36804
-3.36744
-3.36744
-3.36744
-3.36789
-3.36941
-3.36971
-3.36926
-3.3688
-3.36805
-3.36865
-3.36759
-3.36714
-3.36774
-3.36804
-3.36759
-3.36714
-3.36789
-3.36744
-3.36774
-3.36789
-3.36744
-3.36683
-3.36653
-3.36638
-3.36578
-3.36608
-3.36669
-3.36654
-3.36654
-3.36759
-3.36744
-3.36789
-3.36714
-3.36668
-3.36714
-3.3685
-3.36849
-3.36864
-3.36819
-3.36819
-3.36864
-3.36955
-3.37001
-3.37031
-3.37061
-3.37016
-3.37031
-3.37046
-3.37076
-3.36986
-3.3697
-3.37031
-3.37016
-3.37
-3.3697
-3.36895
-3.37001
-3.3691
-3.3694
-3.36849
-3.36894
-3.36955
-3.36985
-3.3688
-3.36955
-3.36955
-3.37046
-3.37091
-3.37106
-3.37091
-3.37106
-3.37212
-3.37106
-3.37091
-3.37046
-3.37031
-3.37
-3.36985
-3.36895
-3.36865
-3.36759
-3.36804
-3.36895
-3.36895
-3.36895
-3.3688
-3.36895
-3.3688
-3.3688
-3.36895
-3.3694
-3.36895
-3.36819
-3.36925
-3.36925
-3.36955
-3.37061
-3.37031
-3.37046
-3.37031
-3.3691
-3.36941
-3.36956
-3.37016
-3.37031
-3.36926
-3.36865
-3.36775
-3.36729
-3.36775
-3.36699
-3.36668
-3.36698
-3.36683
-3.36714
-3.36638
-3.36563
-3.36563
-3.36593
-3.36699
-3.36699
-3.3679
-3.36744
-3.36729
-3.36865
-3.36835
-3.3688
-3.3691
-3.3688
-3.3691
-3.36925
-3.37001
-3.37137
-3.37213
-3.37243
-3.37333
-3.37273
-3.37257
-3.37227
-3.37242
-3.37212
-3.37197
-3.37213
-3.37198
-3.37243
-3.37123
-3.37062
-3.37092
-3.37107
-3.37001
-3.36941
-3.36926
-3.36956
-3.36956
-3.36835
-3.36805
-3.36669
-3.36729
-3.36669
-3.36578
-3.36593
-3.36487
-3.36593
-3.36669
-3.3679
-3.36699
-3.36669
-3.36669
-3.3673
-3.3679
-3.3679
-3.3679
-3.36669
-3.36624
-3.36684
-3.36609
-3.36684
-3.36699
-3.36715
-3.3676
-3.36775
-3.36835
-3.3688
-3.37016
-3.37092
-3.37107
-3.37046
-3.37001
-3.37062
-3.37138
-3.37107
-3.37077
-3.37137
-3.37092
-3.37062
-3.37153
-3.37259
-3.37198
-3.37213
-3.37213
-3.37198
-3.37153
-3.37258
-3.37228
-3.37198
-3.37167
-3.37137
-3.37137
-3.37167
-3.37198
-3.37259
-3.37244
-3.37168
-3.37017
-3.37002
-3.36956
-3.36926
-3.36926
-3.36896
-3.36805
-3.3685
-3.36805
-3.36941
-3.37062
-3.37168
-3.37183
-3.37198
-3.37228
-3.37167
-3.37076
-3.36956
-3.36971
-3.37016
-3.36926
-3.36896
-3.36911
-3.36927
-3.36927
-3.36987
-3.37047
-3.37031
-3.36971
-3.36835
-3.3676
-3.36715
-3.367
-3.3676
-3.36745
-3.36866
-3.36836
-3.36821
-3.36896
-3.36836
-3.36881
-3.36896
-3.36851
-3.37002
-3.36956
-3.36986
-3.37092
-3.37122
-3.37273
-3.37334
-3.37365
-3.37244
-3.37184
-3.37229
-3.37335
-3.37304
-3.37334
-3.37455
-3.37409
-3.37319
-3.37259
-3.37456
-3.3735
-3.3735
-3.37228
-3.37244
-3.37274
-3.37304
-3.3732
-3.3732
-3.37411
-3.37199
-3.37199
-3.37229
-3.37214
-3.37289
-3.37214
-3.37138
-3.37169
-3.37047
-3.37017
-3.37062
-3.37077
-3.37062
-3.37047
-3.37017
-3.37214
-3.37199
-3.37214
-3.37124
-3.37154
-3.37184
-3.37139
-3.37184
-3.37244
-3.37304
-3.37395
-3.3741
-3.3744
-3.37456
-3.37456
-3.37426
-3.37532
-3.37562
-3.37532
-3.37366
-3.37456
-3.3741
-3.37243
-3.37198
-3.37349
-3.37289
-3.37304
-3.3729
-3.37305
-3.37244
-3.37184
-3.37244
-3.37244
-3.37244
-3.37274
-3.37168
-3.37062
-3.37017
-3.37017
-3.36987
-3.37002
-3.37032
-3.37017
-3.37017
-3.37047
-3.36956
-3.36911
-3.36987
-3.37047
-3.37017
-3.37032
-3.37062
-3.37062
-3.37047
-3.37032
-3.37032
-3.36972
-3.37002
-3.36972
-3.36987
-3.37002
-3.37062
-3.37107
-3.37107
-3.37137
-3.37122
-3.37077
-3.37062
-3.36956
-3.36971
-3.36971
-3.36866
-3.36941
-3.36926
-3.37002
-3.37123
-3.37077
-3.37017
-3.37077
-3.36972
-3.36911
-3.36912
-3.36927
-3.36911
-3.36971
-3.36971
-3.36926
-3.36881
-3.36881
-3.36867
-3.36942
-3.36867
-3.36972
-3.36987
-3.36866
-3.3685
-3.36895
-3.36956
-3.37032
-3.37077
-3.37123
-3.37048
-3.37033
-3.37078
-3.37153
-3.37319
-3.37274
-3.37289
-3.37334
-3.37289
-3.37319
-3.37349
-3.37349
-3.37288
-3.37137
-3.37228
-3.37228
-3.37243
-3.37273
-3.37198
-3.37213
-3.37183
-3.37093
-3.37077
-3.37031
-3.37061
-3.3697
-3.36986
-3.37046
-3.37077
-3.37138
-3.37123
-3.37123
-3.37077
-3.37123
-3.37183
-3.37319
-3.37289
-3.37289
-3.37259
-3.37274
-3.37107
-3.37061
-3.3694
-3.36971
-3.36956
-3.3688
-3.36926
-3.36895
-3.36865
-3.3682
-3.3685
-3.3688
-3.36926
-3.37016
-3.37016
-3.37016
-3.36941
-3.36971
-3.36896
-3.36866
-3.36926
-3.36865
-3.36986
-3.36926
-3.3682
-3.3685
-3.3688
-3.3679
-3.36729
-3.36835
-3.36804
-3.3682
-3.36774
-3.36805
-3.3679
-3.36729
-3.36729
-3.36714
-3.36699
-3.36745
-3.3676
-3.36745
-3.36775
-3.36729
-3.36789
-3.36895
-3.36941
-3.36971
-3.37093
-3.37047
-3.37032
-3.37108
-3.36971
-3.36971
-3.36925
-3.36956
-3.37046
-3.37092
-3.37107
-3.37062
-3.37077
-3.37032
-3.37077
-3.36987
-3.37032
-3.37002
-3.37077
-3.37107
-3.37077
-3.37032
-3.36941
-3.36956
-3.37017
-3.36926
-3.3682
-3.36866
-3.36941
-3.37077
-3.37017
-3.36956
-3.36866
-3.36926
-3.36805
-3.3688
-3.36865
-3.36956
-3.37047
-3.37001
-3.37062
-3.36956
-3.3688
-3.36805
-3.36895
-3.36805
-3.36729
-3.36714
-3.36714
-3.36835
-3.36956
-3.37016
-3.3694
-3.3697
-3.36986
-3.37062
-3.37077
-3.37047
-3.37047
-3.36986
-3.36956
-3.36926
-3.36805
-3.3682
-3.36669
-3.36684
-3.36699
-3.36714
-3.36669
-3.36729
-3.36699
-3.36699
-3.36639
-3.36744
-3.36684
-3.3676
-3.36729
-3.36744
-3.36774
-3.36744
-3.36729
-3.3676
-3.3679
-3.36714
-3.36654
-3.36684
-3.36639
-3.36609
-3.3673
-3.3673
-3.36715
-3.36684
-3.36518
-3.36594
-3.36729
-3.36744
-3.36835
-3.36789
-3.36699
-3.36774
-3.3679
-3.36744
-3.36745
-3.3676
-3.36654
-3.36593
-3.36623
-3.36653
-3.36668
-3.36759
-3.36789
-3.36789
-3.3679
-3.36805
-3.3688
-3.3685
-3.3685
-3.3685
-3.36744
-3.36744
-3.36805
-3.36774
-3.36729
-3.36759
-3.36789
-3.36729
-3.36683
-3.36653
-3.36668
-3.36593
-3.36608
-3.36577
-3.36562
-3.36592
-3.36698
-3.36759
-3.36804
-3.36849
-3.36804
-3.36925
-3.3688
-3.3685
-3.36865
-3.36819
-3.36865
-3.36849
-3.36864
-3.36894
-3.36864
-3.3688
-3.3688
-3.36895
-3.36911
-3.3691
-3.36865
-3.37031
-3.37091
-3.37091
-3.3706
-3.37061
-3.37076
-3.37152
-3.37061
-3.37016
-3.37016
-3.37182
-3.37167
-3.37242
-3.37197
-3.37182
-3.37167
-3.37272
-3.37242
-3.37273
-3.37258
-3.37213
-3.37243
-3.37243
-3.37167
-3.37182
-3.37197
-3.37152
-3.37076
-3.37016
-3.37001
-3.36865
-3.3682
-3.36804
-3.36729
-3.36683
-3.36683
-3.36668
-3.36698
-3.36668
-3.36547
-3.36547
-3.36502
-3.36427
-3.36442
-3.36533
-3.36563
-3.36532
-3.36502
-3.36548
-3.36578
-3.36548
-3.36684
-3.36775
-3.36759
-3.36774
-3.36835
-3.3682
-3.36789
-3.36759
-3.3688
-3.3685
-3.36895
-3.36986
-3.37031
-3.37076
-3.37122
-3.37122
-3.37137
-3.37167
-3.37288
-3.37273
-3.37258
-3.37273
-3.37197
-3.37197
-3.37182
-3.37272
-3.37227
-3.37258
-3.37257
-3.37182
-3.37288
-3.37272
-3.37242
-3.37348
-3.37349
-3.37334
-3.37364
-3.37424
-3.37364
-3.37364
-3.37424
-3.37333
-3.37182
-3.37151
-3.37197
-3.37257
-3.37227
-3.37182
-3.37227
-3.37273
-3.37288
-3.37227
-3.37318
-3.37333
-3.37423
-3.37423
-3.37378
-3.37272
-3.37212
-3.37197
-3.37182
-3.37167
-3.37152
-3.37167
-3.37243
-3.37092
-3.37182
-3.37182
-3.37212
-3.37257
-3.37106
-3.37046
-3.3697
-3.36849
-3.3691
-3.36865
-3.36819
-3.36925
-3.36865
-3.36955
-3.37122
-3.37122
-3.37167
-3.37061
-3.37076
-3.3703
-3.37045
-3.37121
-3.37076
-3.37001
-3.36926
-3.37062
-3.37092
-3.37017
-3.36987
-3.36941
-3.36865
-3.36955
-3.37031
-3.37092
-3.37077
-3.37107
-3.37077
-3.37046
-3.36895
-3.36804
-3.36819
-3.36774
-3.36804
-3.36788
-3.36849
-3.3697
-3.37016
-3.37077
-3.37107
-3.37122
-3.37092
-3.36956
-3.36971
-3.36986
-3.3688
-3.36819
-3.36759
-3.36804
-3.36789
-3.36759
-3.3694
-3.36985
-3.37046
-3.37076
-3.37016
-3.37031
-3.37137
-3.37152
-3.37182
-3.37243
-3.37213
-3.37122
-3.37092
-3.37122
-3.36971
-3.3691
-3.36925
-3.36925
-3.3679
-3.36865
-3.36895
-3.36804
-3.36895
-3.36834
-3.36759
-3.36759
-3.36805
-3.3679
-3.3685
-3.36835
-3.36834
-3.36834
-3.3688
-3.37031
-3.37122
-3.37031
-3.36956
-3.3691
-3.3697
-3.3691
-3.36865
-3.36895
-3.36835
-3.36789
-3.36699
-3.3679
-3.3682
-3.3685
-3.3688
-3.36864
-3.3694
-3.36909
-3.36894
-3.36985
-3.3694
-3.36955
-3.37016
-3.37077
-3.37092
-3.37122
-3.37258
-3.37303
-3.37393
-3.37378
-3.37393
-3.37408
-3.37363
-3.37272
-3.37212
-3.37136
-3.37091
-3.37
-3.36925
-3.36985
-3.37122
-3.37076
-3.37046
-3.37122
-3.37182
-3.37182
-3.37212
-3.37258
-3.37288
-3.37363
-3.37273
-3.37137
-3.37031
-3.36925
-3.3697
-3.36925
-3.3688
-3.36895
-3.3688
-3.36956
-3.37032
-3.37047
-3.37062
-3.37107
-3.36971
-3.37017
-3.37017
-3.36986
-3.36986
-3.37062
-3.37107
-3.37107
-3.37152
-3.37183
-3.37122
-3.37168
-3.37137
-3.37107
-3.37062
-3.37077
-3.37017
-3.36987
-3.36956
-3.37047
-3.36941
-3.36986
-3.37016
-3.36956
-3.37168
-3.37123
-3.37077
-3.37213
-3.37228
-3.37213
-3.37047
-3.37062
-3.36986
-3.37001
-3.36956
-3.3688
-3.36956
-3.36926
-3.36926
-3.36956
-3.36866
-3.36911
-3.37002
-3.37062
-3.37122
-3.37153
-3.36986
-3.37032
-3.37001
-3.36956
-3.36956
-3.36971
-3.36835
-3.3685
-3.3688
-3.36956
-3.36956
-3.37017
-3.36956
-3.36941
-3.37092
-3.37062
-3.37047
-3.37016
-3.36971
-3.36926
-3.36895
-3.36941
-3.37001
-3.36986
-3.37016
-3.36986
-3.36971
-3.36941
-3.36926
-3.36926
-3.36866
-3.36851
-3.36881
-3.36941
-3.36896
-3.3679
-3.3685
-3.36835
-3.36865
-3.36956
-3.37047
-3.37062
-3.37016
-3.37001
-3.36956
-3.37062
-3.36956
-3.36971
-3.36926
-3.36896
-3.36881
-3.36866
-3.37017
-3.37138
-3.37093
-3.37077
-3.36987
-3.36956
-3.36971
-3.36956
-3.36926
-3.36972
-3.36881
-3.36912
-3.36881
-3.36942
-3.36972
-3.37032
-3.36956
-3.36911
-3.3685
-3.36865
-3.36895
-3.36926
-3.3685
-3.36835
-3.36881
-3.36881
-3.36805
-3.36926
-3.37031
-3.37016
-3.36881
-3.36941
-3.37032
-3.37017
-3.37138
-3.37123
-3.37092
-3.37137
-3.37076
-3.37106
-3.37137
-3.37197
-3.37152
-3.37107
-3.37047
-3.37017
-3.37047
-3.37047
-3.37077
-3.37017
-3.37017
-3.36986
-3.37032
-3.36971
-3.37047
-3.37047
-3.37047
-3.37077
-3.37062
-3.37077
-3.37153
-3.37062
-3.37002
-3.37092
-3.36941
-3.36896
-3.36805
-3.3682
-3.3682
-3.36866
-3.36957
-3.37002
-3.37048
-3.37063
-3.37002
-3.36972
-3.36926
-3.36866
-3.3685
-3.36971
-3.36971
-3.36895
-3.36835
-3.36865
-3.36881
-3.36775
-3.36775
-3.36881
-3.37032
-3.37047
-3.37047
-3.37077
-3.37168
-3.37258
-3.37243
-3.37258
-3.37288
-3.37183
-3.37153
-3.37107
-3.36957
-3.37153
-3.37063
-3.37018
-3.36972
-3.36942
-3.37032
-3.37017
-3.36972
-3.37032
-3.37047
-3.37047
-3.37107
-3.37168
-3.37123
-3.37198
-3.37168
-3.37168
-3.37048
-3.37017
-3.37032
-3.36987
-3.37002
-3.37062
-3.37062
-3.37168
-3.37168
-3.37214
-3.37214
-3.37259
-3.37335
-3.37229
-3.37214
-3.37214
-3.37274
-3.37244
-3.37153
-3.37214
-3.37259
-3.37304
-3.37168
-3.37228
-3.37198
-3.37168
-3.37002
-3.37002
-3.37108
-3.37169
-3.37169
-3.3723
-3.37094
-3.37078
-3.37018
-3.37078
-3.37109
-3.37275
-3.37199
-3.3723
-3.37184
-3.37214
-3.37199
-3.37214
-3.37245
-3.3723
-3.37321
-3.37169
-3.37109
-3.36972
-3.37048
-3.37048
-3.37048
-3.36973
-3.36973
-3.36988
-3.37048
-3.37003
-3.37048
-3.37094
-3.37063
-3.37048
-3.37018
-3.37078
-3.37047
-3.36911
-3.37002
-3.36972
-3.37048
-3.36988
-3.36943
-3.37003
-3.36912
-3.36912
-3.36852
-3.36807
-3.36716
-3.36746
-3.367
-3.36761
-3.36685
-3.36716
-3.3661
-3.3661
-3.3661
-3.36685
-3.36685
-3.36715
-3.36806
-3.36791
-3.3676
-3.36776
-3.36685
-3.36685
-3.36791
-3.36731
-3.36731
-3.36806
-3.36836
-3.36866
-3.36837
-3.36837
-3.36852
-3.36807
-3.36807
-3.36716
-3.36701
-3.36715
-3.3679
-3.3682
-3.36745
-3.3676
-3.36775
-3.36836
-3.36882
-3.36972
-3.36957
-3.36927
-3.36852
-3.36807
-3.36746
-3.36776
-3.36625
-3.3667
-3.3667
-3.36746
-3.3667
-3.3661
-3.36655
-3.36655
-3.367
-3.367
-3.36625
-3.36549
-3.36655
-3.36686
-3.3664
-3.36746
-3.36761
-3.36625
-3.36655
-3.36746
-3.36821
-3.367
-3.3676
-3.36791
-3.36595
-3.3664
-3.36625
-3.36641
-3.36641
-3.36762
-3.36761
-3.36867
-3.36882
-3.36867
-3.36957
-3.37063
-3.37079
-3.37139
-3.37154
-3.372
-3.37184
-3.37199
-3.37229
-3.37259
-3.37093
-3.37154
-3.37215
-3.37125
-3.3714
-3.3711
-3.37094
-3.37154
-3.37154
-3.37229
-3.37124
-3.37124
-3.3723
-3.37063
-3.37078
-3.37168
-3.37168
-3.37259
-3.3735
-3.37169
-3.37124
-3.37154
-3.37154
-3.37139
-3.37078
-3.37184
-3.37229
-3.37259
-3.37275
-3.37305
-3.37426
-3.37396
-3.37396
-3.37396
-3.37275
-3.37335
-3.37335
-3.3735
-3.3741
-3.3738
-3.37365
-3.37244
-3.37244
-3.37184
-3.37169
-3.37139
-3.37108
-3.37154
-3.37184
-3.372
-3.37275
-3.3726
-3.3726
-3.37109
-3.37124
-3.37078
-3.37003
-3.37093
-3.37018
-3.37048
-3.37018
-3.37034
-3.36973
-3.37049
-3.37018
-3.37018
-3.37093
-3.37048
-3.37078
-3.36942
-3.36958
-3.36958
-3.36807
-3.36777
-3.36777
-3.36822
-3.36867
-3.36882
-3.37033
-3.37139
-3.37139
-3.37123
-3.37063
-3.37003
-3.37093
-3.37078
-3.37109
-3.37139
-3.37139
-3.37275
-3.3726
-3.37124
-3.37199
-3.37259
-3.37274
-3.37154
-3.37123
-3.37078
-3.37003
-3.37048
-3.37109
-3.37154
-3.37154
-3.37214
-3.3726
-3.3735
-3.3735
-3.3735
-3.37335
-3.37259
-3.3729
-3.37335
-3.37305
-3.37396
-3.3729
-3.37214
-3.37184
-3.37093
-3.37048
-3.37048
-3.37094
-3.37078
-3.37124
-3.37063
-3.36988
-3.36927
-3.36927
-3.36988
-3.36988
-3.37003
-3.37018
-3.37003
-3.36912
-3.36942
-3.36912
-3.37033
-3.37109
-3.37139
-3.37124
-3.37139
-3.37215
-3.372
-3.372
-3.3732
-3.3735
-3.3735
-3.37365
-3.37426
-3.37381
-3.37411
-3.37396
-3.3729
-3.37275
-3.37351
-3.37321
-3.37291
-3.3723
-3.3726
-3.37124
-3.37245
-3.37155
-3.3717
-3.37109
-3.37033
-3.37049
-3.37139
-3.37154
-3.372
-3.37306
-3.37321
-3.37305
-3.37305
-3.37336
-3.37351
-3.37365
-3.37381
-3.37411
-3.37351
-3.37382
-3.37382
-3.37442
-3.37442
-3.37502
-3.37396
-3.37336
-3.37396
-3.37335
-3.37426
-3.37411
-3.37411
-3.37366
-3.37366
-3.3729
-3.37305
-3.37245
-3.37305
-3.3723
-3.37184
-3.3723
-3.3723
-3.37169
-3.37109
-3.37049
-3.37124
-3.37185
-3.37215
-3.3723
-3.37275
-3.37245
-3.37245
-3.37215
-3.3726
-3.372
-3.37185
-3.37079
-3.36988
-3.37124
-3.3729
-3.3726
-3.3723
-3.3723
-3.3723
-3.37321
-3.37275
-3.37214
-3.37154
-3.37139
-3.37169
-3.37154
-3.37018
-3.37018
-3.37049
-3.37064
-3.37094
-3.37094
-3.37079
-3.37109
-3.37033
-3.36912
-3.36852
-3.36776
-3.36671
-3.36625
-3.36671
-3.36641
-3.36731
-3.36716
-3.36731
-3.36611
-3.36656
-3.36656
-3.36535
-3.36641
-3.36701
-3.36686
-3.36671
-3.36716
-3.36671
-3.36762
-3.36807
-3.36898
-3.36928
-3.37003
-3.37094
-3.37049
-3.36988
-3.3711
-3.37125
-3.37064
-3.36928
-3.36989
-3.36943
-3.36928
-3.36867
-3.36913
-3.36958
-3.37094
-3.37155
-3.37049
-3.37034
-3.36913
-3.36973
-3.36973
-3.36867
-3.36867
-3.36791
-3.36791
-3.36837
-3.36701
-3.36701
-3.36626
-3.36641
-3.36656
-3.36565
-3.36595
-3.36625
-3.3658
-3.36429
-3.36414
-3.36399
-3.36475
-3.36459
-3.36354
-3.36369
-3.36444
-3.36429
-3.36519
-3.3661
-3.36625
-3.3658
-3.36565
-3.36625
-3.36686
-3.36641
-3.36641
-3.36626
-3.3658
-3.36595
-3.36535
-3.36565
-3.36595
-3.3661
-3.3667
-3.36715
-3.36806
-3.36897
-3.36912
-3.36807
-3.36686
-3.36716
-3.36655
-3.36686
-3.36716
-3.36715
-3.36791
-3.36867
-3.36761
-3.36716
-3.36716
-3.36822
-3.36943
-3.37018
-3.36988
-3.36897
-3.36806
-3.36836
-3.36731
-3.3667
-3.36671
-3.3655
-3.36596
-3.36505
-3.36474
-3.36459
-3.36504
-3.36504
-3.3658
-3.36686
-3.36701
-3.36717
-3.36717
-3.36596
-3.36656
-3.36701
-3.36656
-3.36671
-3.36716
-3.36746
-3.36791
-3.36746
-3.367
-3.36731
-3.36792
-3.36837
-3.36792
-3.36852
-3.36792
-3.36912
-3.36912
-3.36897
-3.36958
-3.36837
-3.36837
-3.36852
-3.36882
-3.36852
-3.36822
-3.36776
-3.36806
-3.36912
-3.36912
-3.36897
-3.36822
-3.36882
-3.36882
-3.36852
-3.36958
-3.36988
-3.37079
-3.37064
-3.37034
-3.37034
-3.37064
-3.37079
-3.36988
-3.36882
-3.36882
-3.36791
-3.36731
-3.36716
-3.36746
-3.36731
-3.36655
-3.36746
-3.36626
-3.36717
-3.36792
-3.36822
-3.36897
-3.36882
-3.36912
-3.36973
-3.37033
-3.37048
-3.36988
-3.37003
-3.37169
-3.37169
-3.37184
-3.37245
-3.37305
-3.37245
-3.3726
-3.37335
-3.37199
-3.37078
-3.37109
-3.37078
-3.37093
-3.37033
-3.37109
-3.37094
-3.37079
-3.37124
-3.37019
-3.37034
-3.37019
-3.37049
-3.36958
-3.37003
-3.36973
-3.37093
-3.36972
-3.37003
-3.36942
-3.36927
-3.36943
-3.37018
-3.37109
-3.37033
-3.37033
-3.37079
-3.37034
-3.37034
-3.37064
-3.37154
-3.372
-3.37305
-3.37336
-3.37275
-3.37154
-3.37109
-3.37109
-3.37094
-3.37003
-3.36988
-3.37184
-3.37199
-3.3729
-3.3738
-3.37441
-3.37395
-3.37456
-3.37487
-3.37547
-3.37547
-3.37532
-3.37502
-3.37486
-3.37562
-3.37471
-3.37411
-3.37366
-3.37381
-3.37351
-3.3723
-3.37079
-3.37064
-3.37124
-3.37124
-3.37063
-3.37154
-3.37063
-3.37033
-3.37078
-3.37184
-3.37245
-3.37335
-3.3729
-3.37245
-3.3726
-3.3723
-3.37199
-3.37079
-3.36943
-3.36822
-3.36731
-3.36776
-3.36731
-3.3661
-3.3664
-3.3667
-3.36624
-3.36655
-3.3667
-3.36686
-3.36641
-3.36701
-3.36807
-3.36837
-3.36943
-3.36973
-3.36882
-3.36882
-3.36897
-3.37063
-3.37078
-3.37078
-3.37139
-3.37078
-3.37139
-3.37109
-3.37079
-3.37109
-3.37079
-3.37169
-3.37275
-3.3732
-3.37456
-3.37426
-3.37456
-3.37456
-3.37561
-3.37426
-3.37486
-3.37531
-3.37531
-3.37516
-3.37622
-3.37713
-3.37637
-3.37667
-3.37637
-3.37758
-3.37803
-3.37622
-3.37592
-3.37652
-3.37547
-3.37501
-3.3735
-3.37335
-3.37426
-3.37441
-3.37441
-3.3741
-3.37425
-3.37229
-3.37274
-3.37229
-3.37138
-3.37199
-3.37199
-3.37184
-3.37169
-3.37184
-3.37094
-3.36988
-3.36927
-3.37063
-3.37093
-3.36987
-3.37033
-3.37063
-3.37048
-3.37048
-3.37033
-3.37018
-3.36852
-3.36897
-3.36897
-3.36988
-3.37094
-3.37245
-3.37245
-3.37153
-3.37214
-3.37184
-3.37275
-3.3729
-3.37275
-3.37245
-3.3726
-3.3729
-3.37305
-3.37244
-3.37169
-3.37169
-3.37214
-3.37139
-3.37109
-3.37199
-3.37184
-3.37139
-3.37109
-3.37184
-3.37123
-3.37078
-3.37032
-3.36957
-3.37048
-3.37002
-3.37002
-3.36987
-3.36927
-3.36987
-3.36927
-3.36957
-3.37002
-3.37017
-3.36897
-3.36881
-3.36851
-3.36882
-3.36882
-3.36851
-3.36715
-3.36776
-3.36866
-3.36927
-3.36972
-3.36942
-3.36988
-3.36957
-3.37018
-3.36973
-3.37109
-3.37109
-3.37033
-3.37018
-3.37003
-3.36912
-3.36973
-3.36958
-3.36988
-3.37018
-3.37078
-3.37124
-3.37184
-3.37169
-3.37049
-3.37018
-3.37003
-3.37033
-3.37048
-3.36851
-3.36776
-3.36882
-3.36882
-3.36897
-3.36882
-3.36867
-3.36746
-3.36671
-3.36686
-3.36716
-3.36701
-3.36761
-3.3664
-3.36625
-3.36656
-3.36641
-3.36671
-3.36747
-3.36717
-3.36686
-3.36776
-3.36852
-3.36822
-3.36776
-3.36791
-3.36776
-3.36852
-3.36837
-3.36867
-3.36898
-3.36822
-3.36732
-3.36777
-3.36807
-3.36927
-3.36988
-3.37033
-3.37064
-3.37139
-3.3717
-3.37185
-3.37245
-3.37185
-3.37245
-3.37291
-3.37306
-3.37351
-3.37381
-3.37397
-3.37351
-3.37291
-3.37245
-3.37306
-3.3717
-3.37064
-3.37003
-3.37063
-3.37048
-3.36957
-3.36988
-3.37064
-3.36989
-3.37019
-3.3702
-3.36929
-3.37034
-3.36989
-3.36913
-3.36897
-3.36943
-3.36988
-3.37003
-3.36943
-3.36928
-3.36928
-3.36777
-3.36716
-3.36867
-3.36958
-3.37003
-3.36973
-3.36928
-3.36943
-3.36822
-3.36852
-3.36791
-3.36761
-3.36867
-3.36928
-3.36883
-3.37019
-3.372
-3.37124
-3.37139
-3.37154
-3.37169
-3.37229
-3.37214
-3.37169
-3.37275
-3.3723
-3.37124
-3.37245
-3.37275
-3.37185
-3.37245
-3.3717
-3.37155
-3.37215
-3.37185
-3.36988
-3.36987
-3.36926
-3.36866
-3.36896
-3.36821
-3.36852
-3.36898
-3.37064
-3.37019
-3.37034
-3.36943
-3.36988
-3.36942
-3.36957
-3.37078
-3.37018
-3.37063
-3.37033
-3.37018
-3.36988
-3.37048
-3.37108
-3.37108
-3.37229
-3.37199
-3.37123
-3.37093
-3.37093
-3.37108
-3.37063
-3.37063
-3.37078
-3.36942
-3.36973
-3.36867
-3.36882
-3.36943
-3.36988
-3.36988
-3.36882
-3.36882
-3.36776
-3.36866
-3.36866
-3.36821
-3.36776
-3.367
-3.36685
-3.3667
-3.36822
-3.36716
-3.36837
-3.36897
-3.36957
-3.36852
-3.36822
-3.36837
-3.36836
-3.36866
-3.36927
-3.37017
-3.36911
-3.36851
-3.36881
-3.36806
-3.36866
-3.36806
-3.367
-3.36776
-3.36791
-3.36745
-3.36624
-3.36579
-3.36594
-3.36625
-3.36534
-3.3658
-3.36565
-3.36474
-3.36459
-3.36489
-3.36413
-3.36382
-3.36397
-3.36443
-3.36413
-3.36489
-3.36519
-3.36398
-3.36383
-3.36519
-3.36534
-3.36731
-3.36851
-3.36821
-3.3673
-3.36715
-3.3676
-3.36881
-3.36851
-3.36881
-3.36867
-3.36897
-3.36913
-3.36822
-3.36882
-3.36761
-3.36851
-3.36866
-3.36881
-3.36927
-3.36897
-3.36836
-3.36851
-3.36791
-3.36761
-3.36746
-3.36685
-3.367
-3.36655
-3.36837
-3.36731
-3.36882
-3.36731
-3.36746
-3.367
-3.367
-3.3673
-3.36805
-3.3676
-3.3682
-3.36896
-3.36941
-3.36896
-3.36775
-3.36806
-3.367
-3.36731
-3.36761
-3.36761
-3.36776
-3.3673
-3.36685
-3.36745
-3.3673
-3.3679
-3.36806
-3.36806
-3.36745
-3.36715
-3.36699
-3.367
-3.367
-3.3673
-3.36715
-3.36745
-3.36745
-3.36685
-3.36594
-3.36639
-3.3673
-3.36821
-3.36821
-3.36821
-3.36791
-3.36715
-3.3673
-3.36745
-3.36775
-3.36775
-3.36805
-3.36836
-3.36821
-3.36806
-3.36866
-3.36806
-3.36821
-3.36851
-3.36821
-3.36836
-3.36866
-3.36851
-3.36836
-3.36911
-3.36956
-3.37017
-3.37092
-3.37153
-3.37198
-3.37138
-3.37123
-3.37032
-3.36972
-3.36941
-3.36941
-3.36972
-3.37063
-3.37032
-3.36987
-3.36987
-3.36896
-3.36911
-3.36851
-3.36911
-3.37002
-3.36836
-3.36972
-3.36851
-3.36881
-3.36866
-3.36806
-3.36791
-3.36745
-3.36685
-3.36654
-3.3676
-3.36729
-3.36624
-3.36579
-3.36594
-3.36579
-3.3658
-3.36534
-3.3661
-3.36655
-3.3664
-3.3667
-3.36594
-3.36594
-3.36624
-3.36685
-3.36609
-3.36625
-3.3664
-3.36685
-3.3658
-3.36549
-3.36504
-3.36458
-3.36503
-3.36518
-3.36473
-3.36442
-3.36443
-3.36413
-3.36398
-3.36489
-3.36368
-3.36429
-3.36519
-3.36413
-3.36534
-3.36488
-3.36443
-3.36352
-3.36337
-3.36428
-3.36413
-3.36368
-3.36398
-3.36398
-3.36398
-3.36398
-3.36519
-3.36624
-3.36699
-3.36714
-3.36684
-3.36669
-3.36624
-3.3673
-3.36851
-3.36821
-3.36821
-3.36897
-3.36942
-3.36866
-3.36836
-3.36896
-3.36941
-3.36971
-3.36986
-3.37002
-3.36926
-3.36911
-3.36881
-3.36821
-3.36791
-3.36866
-3.36851
-3.36866
-3.36911
-3.36866
-3.3685
-3.3682
-3.36866
-3.36972
-3.37032
-3.37032
-3.37078
-3.37048
-3.37063
-3.37032
-3.37108
-3.37138
-3.37198
-3.37214
-3.37304
-3.37274
-3.37304
-3.37425
-3.37304
-3.37229
-3.37259
-3.37259
-3.37243
-3.37152
-3.37122
-3.37107
-3.37077
-3.37108
-3.37168
-3.37199
-3.37138
-3.37032
-3.37063
-3.37033
-3.37108
-3.37033
-3.37048
-3.37002
-3.37033
-3.36987
-3.36972
-3.36911
-3.36881
-3.36866
-3.36882
-3.36866
-3.36761
-3.36745
-3.36836
-3.36806
-3.36866
-3.36972
-3.36987
-3.37002
-3.36957
-3.36927
-3.37032
-3.37078
-3.37077
-3.37138
-3.37077
-3.37017
-3.37077
-3.37032
-3.37002
-3.36987
-3.36957
-3.36942
-3.36806
-3.36822
-3.36912
-3.36882
-3.36957
-3.36957
-3.37047
-3.36942
-3.36882
-3.36867
-3.36837
-3.36867
-3.36791
-3.36836
-3.36836
-3.36745
-3.3664
-3.36715
-3.36655
-3.3661
-3.3661
-3.36609
-3.36639
-3.36669
-3.36685
-3.3673
-3.36715
-3.36716
-3.36761
-3.36761
-3.36792
-3.36806
-3.36837
-3.36867
-3.36836
-3.36776
-3.36836
-3.36776
-3.36715
-3.36624
-3.3664
-3.36579
-3.36549
-3.3664
-3.3661
-3.3661
-3.36595
-3.3655
-3.36534
-3.36459
-3.36368
-3.36353
-3.36399
-3.36429
-3.36504
-3.3661
-3.3664
-3.3667
-3.36731
-3.36716
-3.36746
-3.36897
-3.36866
-3.36942
-3.36972
-3.36897
-3.36988
-3.36927
-3.36898
-3.36837
-3.36792
-3.36807
-3.36791
-3.36821
-3.36806
-3.36791
-3.36685
-3.36746
-3.3664
-3.367
-3.36836
-3.36867
-3.36927
-3.36957
-3.36942
-3.36806
-3.36836
-3.36882
-3.36927
-3.36836
-3.36761
-3.36731
-3.36655
-3.36686
-3.3664
-3.3661
-3.3655
-3.3658
-3.3655
-3.36489
-3.36504
-3.36564
-3.36519
-3.36489
-3.36535
-3.36565
-3.3664
-3.3661
-3.36594
-3.3667
-3.367
-3.36685
-3.36776
-3.36927
-3.37033
-3.37139
-3.37184
-3.37199
-3.37048
-3.36927
-3.36987
-3.37002
-3.36972
-3.37123
-3.37017
-3.36957
-3.37078
-3.37154
-3.37169
-3.37184
-3.37259
-3.37259
-3.37108
-3.37123
-3.37093
-3.37093
-3.37033
-3.36987
-3.36957
-3.36897
-3.36821
-3.36715
-3.367
-3.36655
-3.3673
-3.36806
-3.36715
-3.367
-3.3676
-3.367
-3.36715
-3.367
-3.3673
-3.3667
-3.36625
-3.36746
-3.36867
-3.36897
-3.36973
-3.36942
-3.36851
-3.36942
-3.36851
-3.36866
-3.36897
-3.36867
-3.36821
-3.36896
-3.36851
-3.36851
-3.36851
-3.36942
-3.37017
-3.37093
-3.37108
-3.37093
-3.37032
-3.36987
-3.36972
-3.36926
-3.37002
-3.37093
-3.37017
-3.37033
-3.36972
-3.36927
-3.36912
-3.36836
-3.36821
-3.3673
-3.3676
-3.36669
-3.3679
-3.3685
-3.3679
-3.36881
-3.36866
-3.37003
-3.36942
-3.36988
-3.37033
-3.37093
-3.36957
-3.36957
-3.36851
-3.36881
-3.36881
-3.36926
-3.36941
-3.36926
-3.36866
-3.3676
-3.3673
-3.367
-3.3676
-3.36851
-3.36896
-3.36866
-3.36851
-3.36745
-3.36851
-3.36866
-3.36791
-3.36821
-3.36927
-3.36988
-3.36987
-3.36942
-3.36866
-3.36866
-3.36957
-3.36987
-3.36836
-3.36942
-3.36866
-3.36821
-3.3676
-3.36806
-3.36775
-3.36685
-3.3676
-3.3673
-3.36821
-3.36896
-3.36957
-3.36927
-3.36866
-3.36897
-3.36806
-3.36866
-3.36821
-3.36896
-3.36927
-3.36957
-3.36912
-3.36837
-3.36791
-3.36897
-3.36896
-3.36896
-3.3676
-3.36654
-3.367
-3.36564
-3.36534
-3.3661
-3.36549
-3.3658
-3.36685
-3.36685
-3.36761
-3.36746
-3.36821
-3.36897
-3.36987
-3.36987
-3.37078
-3.37093
-3.37093
-3.37154
-3.37184
-3.37154
-3.37093
-3.36987
-3.36987
-3.36851
-3.36897
-3.36942
-3.36912
-3.36897
-3.36776
-3.36746
-3.36715
-3.36715
-3.3673
-3.3667
-3.367
-3.36791
-3.36806
-3.36821
-3.36851
-3.36776
-3.36791
-3.36881
-3.36806
-3.36821
-3.36776
-3.36821
-3.36821
-3.36836
-3.36867
-3.36851
-3.3676
-3.36685
-3.36775
-3.36926
-3.36926
-3.36957
-3.36957
-3.37047
-3.37017
-3.36911
-3.36851
-3.36881
-3.36836
-3.36896
-3.36851
-3.36806
-3.3673
-3.36776
-3.36791
-3.367
-3.3667
-3.36775
-3.3673
-3.36881
-3.36972
-3.36941
-3.36881
-3.36896
-3.36881
-3.36851
-3.36881
-3.36896
-3.36927
-3.36957
-3.36882
-3.36942
-3.36912
-3.36972
-3.37047
-3.37062
-3.37153
-3.37198
-3.37092
-3.37062
-3.37017
-3.37032
-3.36896
-3.36926
-3.36941
-3.36942
-3.36957
-3.36927
-3.36912
-3.36776
-3.36791
-3.36896
-3.36926
-3.36896
-3.36866
-3.36986
-3.37001
-3.37001
-3.37001
-3.37077
-3.37047
-3.37093
-3.37184
-3.37108
-3.37093
-3.37078
-3.37017
-3.36957
-3.36987
-3.37062
-3.37032
-3.37032
-3.37002
-3.36911
-3.36927
-3.36896
-3.36987
-3.36957
-3.37002
-3.36987
-3.36957
-3.36866
-3.36836
-3.36791
-3.36836
-3.36896
-3.36942
-3.36926
-3.36865
-3.36835
-3.3679
-3.36745
-3.36715
-3.36821
-3.36776
-3.36806
-3.36912
-3.36942
-3.36867
-3.36882
-3.36867
-3.36821
-3.36882
-3.36957
-3.36912
-3.36896
-3.36881
-3.36957
-3.37033
-3.37063
-3.37048
-3.36972
-3.36927
-3.36942
-3.36927
-3.36851
-3.36851
-3.36745
-3.36715
-3.367
-3.367
-3.36685
-3.36685
-3.3664
-3.3658
-3.36625
-3.367
-3.36685
-3.3664
-3.36594
-3.36594
-3.36564
-3.36564
-3.36685
-3.36836
-3.36866
-3.36956
-3.3688
-3.37017
-3.36957
-3.36896
-3.36911
-3.36971
-3.37122
-3.37168
-3.37198
-3.37229
-3.37183
-3.37138
-3.37138
-3.37123
-3.37123
-3.37153
-3.37137
-3.37228
-3.37289
-3.37123
-3.37138
-3.37063
-3.37018
-3.37048
-3.37078
-3.36911
-3.37002
-3.36911
-3.36881
-3.36926
-3.36805
-3.3679
-3.36836
-3.36821
-3.36851
-3.36821
-3.36836
-3.36942
-3.36896
-3.36806
-3.36836
-3.36821
-3.36851
-3.36791
-3.36791
-3.36776
-3.36745
-3.36745
-3.36851
-3.36866
-3.36851
-3.36957
-3.36912
-3.367
-3.3676
-3.3673
-3.3673
-3.36654
-3.36715
-3.36745
-3.36715
-3.36745
-3.36745
-3.36745
-3.36836
-3.36806
-3.36776
-3.3673
-3.36821
-3.3676
-3.36791
-3.3679
-3.36729
-3.36729
-3.36563
-3.36654
-3.367
-3.367
-3.367
-3.36731
-3.36716
-3.36761
-3.36942
-3.36987
-3.37047
-3.37062
-3.37062
-3.37198
-3.37198
-3.37122
-3.37198
-3.37168
-3.37183
-3.37108
-3.37063
-3.37048
-3.37017
-3.37123
-3.37229
-3.37213
-3.37213
-3.37274
-3.37379
-3.3744
-3.3741
-3.3747
-3.37516
-3.37501
-3.37471
-3.37501
-3.37501
-3.3738
-3.3732
-3.37275
-3.37305
-3.3735
-3.37274
-3.37349
-3.37364
-3.37425
-3.37349
-3.37319
-3.37138
-3.37137
-3.37198
-3.37153
-3.37017
-3.36987
-3.36957
-3.36882
-3.36882
-3.36881
-3.37017
-3.37123
-3.37063
-3.37002
-3.37017
-3.37108
-3.37123
-3.37078
-3.36987
-3.37123
-3.37107
-3.36986
-3.37001
-3.37001
-3.37108
-3.37092
-3.37032
-3.37077
-3.36941
-3.36806
-3.36745
-3.36639
-3.3673
-3.3676
-3.36715
-3.3667
-3.36639
-3.36624
-3.367
-3.3667
-3.36745
-3.36835
-3.3682
-3.3679
-3.36715
-3.36655
-3.3664
-3.367
-3.3664
-3.36609
-3.36549
-3.36563
-3.36503
-3.36533
-3.36443
-3.36458
-3.36488
-3.36533
-3.36594
-3.367
-3.3673
-3.36715
-3.36881
-3.3688
-3.36881
-3.36881
-3.36836
-3.36685
-3.36685
-3.36746
-3.36776
-3.36836
-3.36957
-3.36957
-3.36957
-3.36987
-3.36972
-3.37032
-3.37137
-3.37122
-3.37243
-3.37228
-3.37213
-3.37199
-3.37108
-3.37123
-3.37139
-3.37184
-3.37244
-3.37199
-3.37259
-3.37335
-3.3741
-3.37304
-3.37395
-3.37425
-3.37365
-3.37305
-3.3732
-3.37184
-3.37259
-3.37199
-3.37259
-3.37199
-3.37154
-3.37048
-3.37018
-3.37048
-3.37002
-3.37047
-3.37017
-3.36941
-3.36942
-3.36806
-3.36776
-3.36776
-3.36701
-3.3661
-3.36625
-3.3661
-3.36564
-3.3667
-3.3664
-3.36685
-3.36655
-3.36609
-3.36594
-3.36609
-3.36458
-3.36428
-3.36337
-3.36156
-3.36217
-3.36277
-3.36383
-3.36323
-3.36353
-3.36368
-3.36292
-3.36368
-3.36413
-3.36458
-3.36488
-3.36534
-3.36443
-3.36488
-3.36503
-3.36383
-3.36337
-3.36383
-3.36368
-3.36473
-3.36488
-3.36504
-3.36353
-3.36277
-3.36156
-3.36111
-3.36277
-3.36383
-3.36323
-3.36293
-3.36217
-3.36157
-3.36217
-3.36293
-3.36383
-3.36323
-3.36247
-3.36247
-3.36367
-3.36367
-3.36307
-3.36383
-3.36534
-3.3658
-3.36489
-3.36414
-3.36398
-3.36383
-3.36368
-3.36368
-3.36383
-3.36444
-3.36534
-3.36549
-3.36579
-3.36564
-3.36564
-3.36504
-3.36549
-3.36549
-3.36579
-3.36745
-3.36775
-3.36836
-3.36776
-3.36821
-3.36836
-3.36881
-3.36896
-3.36942
-3.37017
-3.36987
-3.36942
-3.37032
-3.37002
-3.37032
-3.37108
-3.37168
-3.37168
-3.37259
-3.37214
-3.37138
-3.37108
-3.37093
-3.37108
-3.37289
-3.37214
-3.37365
-3.3744
-3.37531
-3.37425
-3.37334
-3.37334
-3.37289
-3.37379
-3.37319
-3.37334
-3.37274
-3.37183
-3.37183
-3.37138
-3.37168
-3.37138
-3.37169
-3.37108
-3.37108
-3.37017
-3.36987
-3.36987
-3.36957
-3.36836
-3.36881
-3.36851
-3.36806
-3.36927
-3.36897
-3.36837
-3.36701
-3.36776
-3.36761
-3.36791
-3.36775
-3.36775
-3.36745
-3.36745
-3.3676
-3.36745
-3.36655
-3.36716
-3.36746
-3.36776
-3.36806
-3.36867
-3.36897
-3.36972
-3.36912
-3.36881
-3.36791
-3.36685
-3.3667
-3.3664
-3.36655
-3.3658
-3.3661
-3.36549
-3.36489
-3.36519
-3.36503
-3.36534
-3.36609
-3.36685
-3.36837
-3.36731
-3.36777
-3.36928
-3.36882
-3.36942
-3.36927
-3.36896
-3.36866
-3.36896
-3.36911
-3.36866
-3.36896
-3.36791
-3.3661
-3.3658
-3.36625
-3.3667
-3.36534
-3.36625
-3.36549
-3.36609
-3.36579
-3.36609
-3.36519
-3.36579
-3.36624
-3.36534
-3.36549
-3.36549
-3.36504
-3.36564
-3.36564
-3.3661
-3.36715
-3.3673
-3.36655
-3.36624
-3.36594
-3.36609
-3.36624
-3.36609
-3.36594
-3.36655
-3.36625
-3.36594
-3.36594
-3.36489
-3.36458
-3.36624
-3.36579
-3.36594
-3.36624
-3.36639
-3.3673
-3.36836
-3.36791
-3.36806
-3.36821
-3.36806
-3.36806
-3.36912
-3.36927
-3.36897
-3.36927
-3.36911
-3.36972
-3.36971
-3.36911
-3.3676
-3.36654
-3.36654
-3.36655
-3.3664
-3.36625
-3.36549
-3.36519
-3.3664
-3.36715
-3.3667
-3.3667
-3.36761
-3.36806
-3.36776
-3.36836
-3.36746
-3.36746
-3.36716
-3.36791
-3.36836
-3.36731
-3.36715
-3.36685
-3.36685
-3.36701
-3.3658
-3.36641
-3.36701
-3.36686
-3.36716
-3.36867
-3.36866
-3.36911
-3.3679
-3.36836
-3.36791
-3.367
-3.3664
-3.36625
-3.36716
-3.36731
-3.36821
-3.36836
-3.36851
-3.36851
-3.36821
-3.36851
-3.36897
-3.36896
-3.36927
-3.36927
-3.36972
-3.36927
-3.36912
-3.36942
-3.37018
-3.37048
-3.37033
-3.37063
-3.37048
-3.37108
-3.37154
-3.37124
-3.37139
-3.37169
-3.37184
-3.37229
-3.37259
-3.37305
-3.3735
-3.37335
-3.3729
-3.3726
-3.3726
-3.3723
-3.3726
-3.3726
-3.3738
-3.37275
-3.37259
-3.37275
-3.37199
-3.37215
-3.3717
-3.37215
-3.37185
-3.37184
-3.37184
-3.37062
-3.37002
-3.36881
-3.36867
-3.36882
-3.36897
-3.36852
-3.36822
-3.36882
-3.36928
-3.36867
-3.36807
-3.36806
-3.36897
-3.36852
-3.36761
-3.36686
-3.36731
-3.3655
-3.36595
-3.36595
-3.36595
-3.3661
-3.36656
-3.36611
-3.36656
-3.36716
-3.36761
-3.36822
-3.36821
-3.36897
-3.36988
-3.36912
-3.36988
-3.37018
-3.37003
-3.36943
-3.36973
-3.36942
-3.36927
-3.36988
-3.37033
-3.37078
-3.37018
-3.37018
-3.37063
-3.37064
-3.37109
-3.372
-3.37185
-3.3717
-3.37245
-3.3729
-3.37351
-3.37335
-3.37274
-3.37305
-3.3732
-3.37321
-3.37336
-3.3723
-3.37215
-3.37411
-3.37411
-3.37321
-3.37366
-3.3726
-3.37185
-3.37139
-3.37049
-3.37034
-3.37019
-3.37003
-3.37094
-3.37064
-3.37094
-3.36973
-3.37019
-3.37019
-3.37019
-3.36988
-3.36943
-3.36822
-3.36822
-3.36838
-3.36928
-3.36928
-3.36943
-3.36913
-3.36868
-3.36731
-3.36716
-3.36596
-3.36626
-3.36581
-3.3652
-3.36581
-3.36626
-3.36596
-3.36596
-3.3655
-3.36475
-3.3643
-3.36475
-3.36535
-3.3652
-3.36475
-3.36505
-3.36414
-3.3649
-3.36596
-3.3649
-3.3646
-3.36384
-3.36459
-3.36429
-3.36323
-3.36354
-3.36414
-3.36474
-3.36429
-3.36414
-3.36233
-3.36294
-3.36339
-3.36354
-3.36384
-3.36384
-3.36354
-3.36263
-3.36323
-3.36248
-3.36384
-3.36354
-3.36293
-3.36323
-3.36384
-3.36489
-3.3652
-3.36626
-3.36732
-3.36732
-3.36672
-3.36717
-3.36747
-3.36717
-3.36762
-3.36761
-3.36807
-3.36761
-3.36685
-3.36625
-3.36762
-3.36837
-3.36898
-3.36822
-3.36913
-3.36913
-3.36852
-3.36701
-3.36717
-3.36687
-3.36762
-3.36717
-3.36731
-3.36655
-3.36685
-3.3658
-3.3661
-3.36534
-3.36656
-3.36595
-3.36626
-3.36671
-3.36626
-3.36641
-3.36656
-3.36565
-3.3652
-3.36519
-3.3655
-3.36444
-3.36474
-3.36565
-3.36475
-3.36308
-3.36308
-3.36233
-3.36248
-3.36354
-3.36308
-3.36248
-3.36293
-3.36369
-3.3652
-3.36535
-3.36535
-3.3655
-3.36534
-3.36565
-3.36535
-3.36399
-3.36323
-3.36353
-3.36399
-3.36308
-3.36354
-3.36278
-3.36218
-3.36217
-3.36157
-3.36187
-3.36202
-3.36157
-3.36112
-3.36173
-3.36203
-3.36233
-3.36294
-3.36263
-3.36369
-3.36459
-3.36459
-3.36429
-3.36354
-3.36354
-3.36414
-3.36445
-3.36535
-3.3655
-3.3652
-3.36475
-3.3649
-3.36535
-3.3652
-3.3661
-3.36626
-3.36641
-3.36656
-3.36626
-3.36641
-3.36746
-3.36777
-3.36837
-3.36898
-3.36943
-3.37034
-3.37064
-3.37139
-3.37124
-3.36988
-3.36973
-3.36988
-3.36988
-3.36958
-3.36913
-3.37019
-3.37064
-3.37019
-3.37004
-3.37034
-3.37049
-3.37094
-3.37004
-3.36973
-3.37078
-3.36912
-3.36943
-3.37004
-3.3705
-3.37019
-3.36913
-3.36943
-3.37049
-3.37004
-3.36989
-3.36913
-3.36959
-3.37034
-3.37064
-3.37125
-3.3711
-3.37094
-3.37049
-3.37004
-3.37049
-3.37095
-3.3717
-3.3717
-3.37171
-3.3711
-3.3717
-3.37125
-3.37186
-3.37171
-3.37156
-3.3714
-3.37064
-3.37124
-3.37109
-3.37169
-3.37185
-3.3723
-3.3723
-3.37261
-3.37321
-3.37382
-3.37427
-3.37487
-3.37351
-3.37412
-3.37351
-3.37291
-3.37291
-3.37336
-3.37336
-3.37245
-3.37261
-3.37246
-3.37215
-3.37397
-3.37412
-3.37397
-3.37352
-3.37306
-3.37352
-3.372
-3.37261
-3.37215
-3.37154
-3.37155
-3.37155
-3.37155
-3.37155
-3.3708
-3.3708
-3.37095
-3.37049
-3.37004
-3.37034
-3.37065
-3.3708
-3.3711
-3.37155
-3.37125
-3.3705
-3.37004
-3.37034
-3.37095
-3.37155
-3.37185
-3.3717
-3.3723
-3.372
-3.3723
-3.3723
-3.37275
-3.37351
-3.37336
-3.37336
-3.37352
-3.37291
-3.37322
-3.37216
-3.3714
-3.37065
-3.36989
-3.36974
-3.36989
-3.36898
-3.36898
-3.36898
-3.36867
-3.36792
-3.36868
-3.36808
-3.36733
-3.36778
-3.36823
-3.36913
-3.36882
-3.36973
-3.36882
-3.36852
-3.36898
-3.36913
-3.36928
-3.36958
-3.37019
-3.37019
-3.36974
-3.36868
-3.36762
-3.36792
-3.36852
-3.36747
-3.36792
-3.36807
-3.36808
-3.36898
-3.36928
-3.36928
-3.36989
-3.37019
-3.36928
-3.36973
-3.37003
-3.36958
-3.36943
-3.36913
-3.36883
-3.36913
-3.36853
-3.36853
-3.36868
-3.36762
-3.36717
-3.36747
-3.36853
-3.36868
-3.36959
-3.36899
-3.36884
-3.36899
-3.36959
-3.37035
-3.37095
-3.37109
-3.37079
-3.37003
-3.36943
-3.36973
-3.37019
-3.37079
-3.36898
-3.36853
-3.36944
-3.36868
-3.36928
-3.36973
-3.36912
-3.36942
-3.36928
-3.37019
-3.36974
-3.36944
-3.36944
-3.36929
-3.36898
-3.36974
-3.37049
-3.37034
-3.37125
-3.3714
-3.37185
-3.37185
-3.37291
-3.37291
-3.37291
-3.372
-3.37155
-3.37186
-3.37367
-3.37291
-3.37245
-3.37215
-3.37124
-3.3714
-3.37049
-3.37004
-3.36928
-3.36959
-3.36943
-3.36958
-3.36913
-3.36853
-3.36898
-3.36762
-3.36762
-3.36928
-3.36853
-3.36929
-3.37065
-3.3708
-3.37019
-3.3714
-3.37125
-3.372
-3.37185
-3.37154
-3.37275
-3.37321
-3.37412
-3.37457
-3.37367
-3.37246
-3.37246
-3.37201
-3.3714
-3.37125
-3.37019
-3.36973
-3.37034
-3.37079
-3.37125
-3.37004
-3.37064
-3.3711
-3.37064
-3.37034
-3.37079
-3.36989
-3.37004
-3.36943
-3.36974
-3.37019
-3.37064
-3.36989
-3.36973
-3.37034
-3.36943
-3.36913
-3.36928
-3.36868
-3.36913
-3.36853
-3.36928
-3.36898
-3.36943
-3.36958
-3.36913
-3.36898
-3.36989
-3.36959
-3.37034
-3.37049
-3.36974
-3.36944
-3.36883
-3.36944
-3.36868
-3.36898
-3.36853
-3.36823
-3.36914
-3.36853
-3.36883
-3.36868
-3.36884
-3.36853
-3.36838
-3.36763
-3.36793
-3.36793
-3.36777
-3.36777
-3.36792
-3.36838
-3.36808
-3.36793
-3.36778
-3.36657
-3.36596
-3.36521
-3.36581
-3.36612
-3.36612
-3.36597
-3.36748
-3.36823
-3.36808
-3.36853
-3.36883
-3.36913
-3.36853
-3.37034
-3.37019
-3.37034
-3.3705
-3.36959
-3.36974
-3.37049
-3.37125
-3.37155
-3.37095
-3.37185
-3.37125
-3.37065
-3.3711
-3.37019
-3.37095
-3.3714
-3.3702
-3.3705
-3.36975
-3.37035
-3.36839
-3.36763
-3.36793
-3.36778
-3.36777
-3.36777
-3.36868
-3.36777
-3.36777
-3.36762
-3.36793
-3.36838
-3.36823
-3.36763
-3.36747
-3.36793
-3.36793
-3.36838
-3.36899
-3.36989
-3.36914
-3.36869
-3.36823
-3.36869
-3.36793
-3.36763
-3.36808
-3.36869
-3.36884
-3.36914
-3.36868
-3.36914
-3.36914
-3.36899
-3.36974
-3.37019
-3.37004
-3.36974
-3.37019
-3.37019
-3.37035
-3.3705
-3.37035
-3.37096
-3.37141
-3.37065
-3.37096
-3.37035
-3.36974
-3.36959
-3.36899
-3.36914
-3.36884
-3.36899
-3.36853
-3.36808
-3.36913
-3.36883
-3.36883
-3.36899
-3.36778
-3.36673
-3.36658
-3.36809
-3.36839
-3.36839
-3.36824
-3.36748
-3.36899
-3.36884
-3.36869
-3.36823
-3.36808
-3.36748
-3.36748
-3.36839
-3.36838
-3.36808
-3.36778
-3.36854
-3.36854
-3.36884
-3.36793
-3.36854
-3.36914
-3.36884
-3.36914
-3.37035
-3.37126
-3.36975
-3.36899
-3.36778
-3.36793
-3.36763
-3.36778
-3.36794
-3.36839
-3.36809
-3.36764
-3.36778
-3.36914
-3.36959
-3.3702
-3.37035
-3.3705
-3.3702
-3.37005
-3.37036
-3.37172
-3.37202
-3.37292
-3.37353
-3.37398
-3.37398
-3.37443
-3.37368
-3.37398
-3.37353
-3.37398
-3.37367
-3.37292
-3.37352
-3.37382
-3.37307
-3.37202
-3.37187
-3.37187
-3.37096
-3.37081
-3.37126
-3.37066
-3.37066
-3.37171
-3.37096
-3.37126
-3.37156
-3.37156
-3.37126
-3.37081
-3.37156
-3.37187
-3.37186
-3.37202
-3.37201
-3.37262
-3.37232
-3.37322
-3.37202
-3.37217
-3.37187
-3.37127
-3.37157
-3.37067
-3.37142
-3.37081
-3.3696
-3.3699
-3.37096
-3.37096
-3.37232
-3.37187
-3.37126
-3.37126
-3.37081
-3.37006
-3.3696
-3.37036
-3.37036
-3.36915
-3.36824
-3.36885
-3.36749
-3.36734
-3.36794
-3.36749
-3.36794
-3.36824
-3.36734
-3.36764
-3.3681
-3.36779
-3.36855
-3.36825
-3.36915
-3.36855
-3.36779
-3.3684
-3.36795
-3.3687
-3.3684
-3.36809
-3.36824
-3.36733
-3.36839
-3.36854
-3.36839
-3.36704
-3.36644
-3.36628
-3.36583
-3.36779
-3.36704
-3.36673
-3.36658
-3.36673
-3.36764
-3.36779
-3.36764
-3.36613
-3.36598
-3.36688
-3.36733
-3.36748
-3.36748
-3.36809
-3.36748
-3.36854
-3.369
-3.3696
-3.36945
-3.36945
-3.37006
-3.36975
-3.37081
-3.37081
-3.37111
-3.37005
-3.36884
-3.36854
-3.36733
-3.36718
-3.36779
-3.36809
-3.36763
-3.36824
-3.36778
-3.36778
-3.36627
-3.36672
-3.36718
-3.36793
-3.36869
-3.36975
-3.37021
-3.37006
-3.37066
-3.37111
-3.37051
-3.3705
-3.37065
-3.37065
-3.3702
-3.37035
-3.37065
-3.3699
-3.3702
-3.37066
-3.37187
-3.37307
-3.37322
-3.37352
-3.37322
-3.37322
-3.37367
-3.37503
-3.37534
-3.37549
-3.37549
-3.37609
-3.37488
-3.37458
-3.37503
-3.37564
-3.37504
-3.37458
-3.37413
-3.37383
-3.37338
-3.37413
-3.37428
-3.37383
-3.37383
-3.37337
-3.37307
-3.37382
-3.37231
-3.37186
-3.37187
-3.37187
-3.37127
-3.37051
-3.37066
-3.37096
-3.37171
-3.37187
-3.37232
-3.37277
-3.37292
-3.37217
-3.37217
-3.37186
-3.37126
-3.37247
-3.37216
-3.37201
-3.37095
-3.37141
-3.37081
-3.37141
-3.36915
-3.3696
-3.3699
-3.3702
-3.37066
-3.37111
-3.37201
-3.37065
-3.37035
-3.36975
-3.37005
-3.36975
-3.37065
-3.37035
-3.36975
-3.3696
-3.36975
-3.36945
-3.37005
-3.37035
-3.37066
-3.3702
-3.37141
-3.37247
-3.37126
-3.37095
-3.37005
-3.36899
-3.36959
-3.3699
-3.37035
-3.37065
-3.37035
-3.37156
-3.37035
-3.36975
-3.36975
-3.36945
-3.36975
-3.36944
-3.37065
-3.37065
-3.37065
-3.37004
-3.3711
-3.3705
-3.36959
-3.3699
-3.3696
-3.3696
-3.36975
-3.36975
-3.36944
-3.37065
-3.37035
-3.3708
-3.3714
-3.37141
-3.3705
-3.36989
-3.36959
-3.36883
-3.36944
-3.36929
-3.36883
-3.36838
-3.36778
-3.36778
-3.36853
-3.36898
-3.36899
-3.36838
-3.36853
-3.36914
-3.36929
-3.36853
-3.36899
-3.36989
-3.36989
-3.37004
-3.37079
-3.37094
-3.37064
-3.37064
-3.3711
-3.37095
-3.37065
-3.3711
-3.37065
-3.3708
-3.37065
-3.37095
-3.37125
-3.37125
-3.37034
-3.36944
-3.36914
-3.36914
-3.36944
-3.36959
-3.36838
-3.36763
-3.36883
-3.36807
-3.36807
-3.36913
-3.36988
-3.36974
-3.36989
-3.37005
-3.37095
-3.37111
-3.3705
-3.37155
-3.372
-3.37336
-3.37442
-3.37366
-3.37397
-3.37291
-3.37322
-3.37291
-3.37322
-3.37322
-3.37171
-3.37171
-3.37171
-3.3708
-3.37095
-3.37186
-3.372
-3.37185
-3.37185
-3.37216
-3.37261
-3.37126
-3.37111
-3.3711
-3.3705
-3.37019
-3.36989
-3.36853
-3.36898
-3.36868
-3.36898
-3.36929
-3.36913
-3.37095
-3.3711
-3.37186
-3.37246
-3.37307
-3.37397
-3.37352
-3.37231
-3.37246
-3.3717
-3.3723
-3.37155
-3.372
-3.37125
-3.3708
-3.3708
-3.3699
-3.36914
-3.36884
-3.36989
-3.36989
-3.36973
-3.36988
-3.36943
-3.36974
-3.37005
-3.36959
-3.36914
-3.36884
-3.36793
-3.36778
-3.36778
-3.36853
-3.36958
-3.36868
-3.36807
-3.36837
-3.36898
-3.36777
-3.36883
-3.36944
-3.36914
-3.36975
-3.3696
-3.36854
-3.36899
-3.36899
-3.36883
-3.36823
-3.36837
-3.36762
-3.36807
-3.36822
-3.36777
-3.36793
-3.36777
-3.36808
-3.36838
-3.36868
-3.36898
-3.36898
-3.36838
-3.36853
-3.36854
-3.36914
-3.37005
-3.36929
-3.3702
-3.37079
-3.37064
-3.37094
-3.37064
-3.37079
-3.3711
-3.3711
-3.37171
-3.37201
-3.3711
-3.37049
-3.36989
-3.36929
-3.36914
-3.36944
-3.36975
-3.3699
-3.36884
-3.36808
-3.36778
-3.36838
-3.36853
-3.36868
-3.36914
-3.36883
-3.36883
-3.36929
-3.36929
-3.36898
-3.36974
-3.37019
-3.36973
-3.37004
-3.37079
-3.37035
-3.36959
-3.36959
-3.37065
-3.3702
-3.3705
-3.3705
-3.37004
-3.37004
-3.36959
-3.36974
-3.36914
-3.36868
-3.36929
-3.36868
-3.36944
-3.37034
-3.36989
-3.36913
-3.36989
-3.37019
-3.36913
-3.36913
-3.36898
-3.36853
-3.36928
-3.36973
-3.36867
-3.36973
-3.36958
-3.36913
-3.36868
-3.36792
-3.36777
-3.36793
-3.36914
-3.36929
-3.36989
-3.36944
-3.37034
-3.37065
-3.3708
-3.37065
-3.37019
-3.37035
-3.3702
-3.36989
-3.36959
-3.37004
-3.3711
-3.37019
-3.37095
-3.36974
-3.37004
-3.37095
-3.3711
-3.37049
-3.37079
-3.36989
-3.36959
-3.37049
-3.36959
-3.36883
-3.36868
-3.36898
-3.36928
-3.36883
-3.36958
-3.37004
-3.37004
-3.36959
-3.37004
-3.37185
-3.37215
-3.37306
-3.37261
-3.372
-3.3717
-3.37034
-3.36974
-3.36883
-3.36777
-3.36823
-3.36898
-3.36853
-3.36868
-3.36944
-3.3702
-3.36959
-3.36883
-3.36883
-3.37004
-3.37079
-3.37336
-3.37215
-3.3729
-3.37245
-3.372
-3.37261
-3.37155
-3.37185
-3.3717
-3.37246
-3.37276
-3.37367
-3.37321
-3.37336
-3.37397
-3.37412
-3.37306
-3.3726
-3.37184
-3.37229
-3.37139
-3.37064
-3.37124
-3.36959
-3.37004
-3.37004
-3.37035
-3.37004
-3.36929
-3.36914
-3.36868
-3.36913
-3.36883
-3.36822
-3.36732
-3.36701
-3.36852
-3.36852
-3.36898
-3.36852
-3.36928
-3.36959
-3.37019
-3.36974
-3.36898
-3.36928
-3.36959
-3.37049
-3.37095
-3.37064
-3.36974
-3.3708
-3.37155
-3.3708
-3.3705
-3.3711
-3.37156
-3.3705
-3.36989
-3.37064
-3.37049
-3.37049
-3.37094
-3.37215
-3.37231
-3.37155
-3.37095
-3.37095
-3.3717
-3.3714
-3.37185
-3.3717
-3.37246
-3.3723
-3.372
-3.37261
-3.37246
-3.37186
-3.37171
-3.37065
-3.36944
-3.36778
-3.36823
-3.36884
-3.36974
-3.36959
-3.36838
-3.36838
-3.36763
-3.36823
-3.36748
-3.36823
-3.36747
-3.36656
-3.36686
-3.36746
-3.36807
-3.36898
-3.36883
-3.36853
-3.36944
-3.36959
-3.36989
-3.36974
-3.36883
-3.36808
-3.36793
-3.36793
-3.36793
-3.36868
-3.36823
-3.36807
-3.36777
-3.36853
-3.36838
-3.36928
-3.36868
-3.36822
-3.36853
-3.36838
-3.36883
-3.36762
-3.36747
-3.36777
-3.36672
-3.36581
-3.36505
-3.36505
-3.36566
-3.36581
-3.36702
-3.36778
-3.36657
-3.36702
-3.36717
-3.36686
-3.36716
-3.36747
-3.36717
-3.36762
-3.36687
-3.36687
-3.36626
-3.36581
-3.36626
-3.36641
-3.36702
-3.36762
-3.36717
-3.36687
-3.36672
-3.36551
-3.36506
-3.36445
-3.364
-3.36384
-3.36339
-3.36445
-3.3646
-3.36476
-3.36506
-3.36567
-3.36597
-3.36657
-3.36656
-3.36641
-3.36656
-3.36611
-3.36702
-3.36642
-3.36762
-3.36853
-3.36763
-3.36703
-3.36582
-3.36566
-3.36596
-3.36762
-3.36732
-3.36732
-3.36626
-3.36626
-3.36641
-3.36717
-3.36687
-3.36762
-3.36898
-3.36959
-3.36747
-3.36808
-3.36778
-3.36732
-3.36763
-3.36808
-3.36762
-3.36777
-3.36717
-3.36717
-3.36777
-3.36807
-3.36747
-3.36792
-3.36808
-3.36762
-3.36808
-3.36838
-3.36853
-3.36763
-3.36808
-3.36747
-3.36838
-3.36748
-3.36838
-3.36808
-3.36793
-3.36672
-3.36763
-3.36793
-3.36899
-3.36929
-3.36884
-3.36854
-3.36869
-3.36959
-3.36959
-3.36989
-3.36913
-3.36974
-3.36928
-3.36883
-3.36823
-3.36884
-3.36869
-3.36869
-3.36929
-3.36899
-3.36868
-3.36838
-3.36808
-3.36808
-3.36762
-3.36793
-3.36687
-3.36717
-3.36672
-3.36687
-3.36687
-3.36717
-3.36868
-3.36838
-3.36672
-3.36672
-3.36627
-3.36702
-3.36732
-3.36732
-3.36763
-3.36763
-3.36793
-3.36808
-3.36718
-3.36718
-3.36748
-3.36733
-3.36853
-3.36853
-3.36959
-3.37004
-3.3705
-3.36914
-3.36929
-3.37034
-3.37034
-3.36914
-3.3708
-3.36959
-3.3699
-3.3696
-3.37035
-3.3705
-3.37065
-3.3702
-3.37035
-3.3702
-3.36899
-3.36854
-3.3696
-3.36854
-3.36915
-3.36899
-3.36854
-3.36793
-3.36733
-3.36718
-3.36718
-3.36763
-3.36748
-3.36733
-3.36779
-3.36733
-3.36703
-3.36703
-3.36658
-3.36688
-3.36899
-3.36959
-3.36944
-3.3699
-3.3693
-3.36854
-3.36899
-3.36929
-3.36914
-3.36914
-3.36793
-3.36808
-3.36733
-3.36763
-3.36688
-3.36763
-3.36764
-3.36718
-3.36718
-3.36779
-3.36824
-3.36764
-3.36839
-3.36854
-3.36808
-3.36748
-3.36763
-3.36703
-3.36748
-3.36749
-3.369
-3.37021
-3.37051
-3.37036
-3.36975
-3.36945
-3.36945
-3.3693
-3.36809
-3.36854
-3.36884
-3.36854
-3.36914
-3.36974
-3.36944
-3.36839
-3.36779
-3.36764
-3.36749
-3.36658
-3.36627
-3.36658
-3.36748
-3.36854
-3.36839
-3.36794
-3.36854
-3.36793
-3.36763
-3.36748
-3.36717
-3.36657
-3.36763
-3.36823
-3.36884
-3.36854
-3.36763
-3.36824
-3.36748
-3.36718
-3.36627
-3.36536
-3.36461
-3.36476
-3.36597
-3.36627
-3.36596
-3.36717
-3.36793
-3.36777
-3.36808
-3.36853
-3.36838
-3.36884
-3.36899
-3.36899
-3.36929
-3.36884
-3.36914
-3.36868
-3.36914
-3.36868
-3.36838
-3.36868
-3.36838
-3.36929
-3.3702
-3.36929
-3.37005
-3.3699
-3.36914
-3.36838
-3.36853
-3.36959
-3.37004
-3.36974
-3.36823
-3.36839
-3.36854
-3.36808
-3.36823
-3.36899
-3.36853
-3.36822
-3.36716
-3.36701
-3.36671
-3.36762
-3.36823
-3.36854
-3.36869
-3.36778
-3.36884
-3.36793
-3.36778
-3.36732
-3.36732
-3.36778
-3.36778
-3.36748
-3.36657
-3.36717
-3.36793
-3.36793
-3.36747
-3.36657
-3.36642
-3.36642
-3.36582
-3.36521
-3.36642
-3.36581
-3.36596
-3.36581
-3.36596
-3.36747
-3.36657
-3.36627
-3.36627
-3.36612
-3.36642
-3.36687
-3.36597
-3.36491
-3.36596
-3.36611
-3.36611
-3.36596
-3.36626
-3.36762
-3.36778
-3.36703
-3.36703
-3.36657
-3.36612
-3.36688
-3.36687
-3.36596
-3.36505
-3.3646
-3.3655
-3.36551
-3.36566
-3.36626
-3.36732
-3.36762
-3.36717
-3.36854
-3.36839
-3.36703
-3.36627
-3.36687
-3.36627
-3.36763
-3.36763
-3.36763
-3.36778
-3.36763
-3.36823
-3.36778
-3.36733
-3.36732
-3.36792
-3.36808
-3.36777
-3.36777
-3.36762
-3.36777
-3.36747
-3.36717
-3.36717
-3.36733
-3.36612
-3.36521
-3.36552
-3.36536
-3.36612
-3.36566
-3.36536
-3.36384
-3.36339
-3.36324
-3.36369
-3.3643
-3.3634
-3.36385
-3.36461
-3.3643
-3.36415
-3.36491
-3.36536
-3.36551
-3.36581
-3.36521
-3.3649
-3.36581
-3.36581
-3.36581
-3.36581
-3.36596
-3.36672
-3.36702
-3.36702
-3.36733
-3.36748
-3.36747
-3.36778
-3.36732
-3.36596
-3.36566
-3.3649
-3.36475
-3.3649
-3.3652
-3.36565
-3.36475
-3.3649
-3.3652
-3.3652
-3.36475
-3.36596
-3.36672
-3.36687
-3.36793
-3.36763
-3.36777
-3.36838
-3.36732
-3.36671
-3.36702
-3.36702
-3.36747
-3.36868
-3.36913
-3.36868
-3.36898
-3.36898
-3.36883
-3.36882
-3.36791
-3.36746
-3.36656
-3.36701
-3.36686
-3.36596
-3.3655
-3.3658
-3.3649
-3.36505
-3.3649
-3.36475
-3.36475
-3.3652
-3.36535
-3.36566
-3.3649
-3.36384
-3.36369
-3.36339
-3.36354
-3.36354
-3.36444
-3.36444
-3.36475
-3.36399
-3.3646
-3.36429
-3.36505
-3.36535
-3.3646
-3.3652
-3.3652
-3.36429
-3.36414
-3.3646
-3.36505
-3.36596
-3.36521
-3.36505
-3.36626
-3.36611
-3.36671
-3.36641
-3.36641
-3.36656
-3.36596
-3.36656
-3.36596
-3.3658
-3.36776
-3.36746
-3.36822
-3.36852
-3.36822
-3.36929
-3.37065
-3.37019
-3.37004
-3.36989
-3.37034
-3.36973
-3.36973
-3.37018
-3.37064
-3.37079
-3.37034
-3.3717
-3.3714
-3.37155
-3.37185
-3.37124
-3.37154
-3.3723
-3.37124
-3.37154
-3.37275
-3.37351
-3.37411
-3.37487
-3.37547
-3.37563
-3.37593
-3.37503
-3.37472
-3.37503
-3.37503
-3.37442
-3.37548
-3.37593
-3.37593
-3.37592
-3.37547
-3.37456
-3.37411
-3.37411
-3.37321
-3.37215
-3.3714
-3.37125
-3.37079
-3.37079
-3.37004
-3.37064
-3.37019
-3.36943
-3.36913
-3.36868
-3.36807
-3.36913
-3.36822
-3.36746
-3.36761
-3.36776
-3.36852
-3.36897
-3.36958
-3.36883
-3.36868
-3.36883
-3.36807
-3.36898
-3.36989
-3.3714
-3.37094
-3.37291
-3.3729
-3.37396
-3.37381
-3.37396
-3.3729
-3.37229
-3.3732
-3.3726
-3.37275
-3.3729
-3.37245
-3.37185
-3.372
-3.3717
-3.37185
-3.37276
-3.37245
-3.37321
-3.37245
-3.37229
-3.37214
-3.37154
-3.37215
-3.3729
-3.37306
-3.3723
-3.3729
-3.3723
-3.37109
-3.37154
-3.37124
-3.372
-3.37245
-3.3726
-3.37276
-3.37276
-3.37336
-3.37366
-3.37381
-3.3735
-3.3726
-3.37305
-3.37335
-3.3723
-3.3723
-3.37155
-3.37125
-3.3714
-3.37079
-3.3711
-3.37109
-3.37064
-3.37064
-3.36973
-3.36943
-3.36898
-3.37018
-3.37018
-3.36973
-3.37018
-3.37063
-3.37018
-3.37064
-3.37094
-3.36989
-3.36973
-3.36958
-3.37004
-3.37049
-3.37064
-3.37018
-3.37018
-3.37094
-3.37064
-3.37034
-3.37004
-3.37004
-3.37034
-3.37018
-3.37018
-3.37079
-3.37064
-3.3717
-3.3726
-3.3729
-3.37275
-3.37275
-3.3726
-3.37335
-3.37381
-3.37487
-3.37487
-3.37472
-3.37472
-3.37442
-3.37306
-3.37336
-3.37215
-3.37305
-3.37305
-3.37305
-3.37305
-3.3729
-3.37245
-3.37169
-3.37139
-3.37154
-3.37094
-3.37094
-3.37094
-3.36898
-3.36928
-3.36959
-3.37004
-3.36913
-3.36973
-3.36943
-3.36912
-3.36821
-3.36822
-3.36912
-3.36882
-3.36883
-3.36913
-3.36867
-3.36822
-3.36837
-3.36822
-3.36837
-3.36943
-3.37034
-3.37155
-3.372
-3.37214
-3.37259
-3.37229
-3.37244
-3.37275
-3.37184
-3.37124
-3.3723
-3.37291
-3.37306
-3.372
-3.37246
-3.37261
-3.37321
-3.37381
-3.37381
-3.37471
-3.37396
-3.37426
-3.37426
-3.3735
-3.37275
-3.37214
-3.37275
-3.3726
-3.3723
-3.37276
-3.37185
-3.37185
-3.37079
-3.37079
-3.37033
-3.37049
-3.37094
-3.37094
-3.37034
-3.36943
-3.36898
-3.36913
-3.36973
-3.36867
-3.36746
-3.36746
-3.36731
-3.36761
-3.36716
-3.36716
-3.36898
-3.36928
-3.36852
-3.36882
-3.36852
-3.36943
-3.36913
-3.36943
-3.36837
-3.36867
-3.36762
-3.36731
-3.36656
-3.36686
-3.36656
-3.36641
-3.36702
-3.36762
-3.36807
-3.36747
-3.36731
-3.36746
-3.36791
-3.36731
-3.36731
-3.36731
-3.36837
-3.36837
-3.36792
-3.36702
-3.36747
-3.36656
-3.36762
-3.36777
-3.36716
-3.36702
-3.36671
-3.36672
-3.36641
-3.36777
-3.36807
-3.36882
-3.36882
-3.36942
-3.36958
-3.36868
-3.36853
-3.36868
-3.36913
-3.36974
-3.36989
-3.37034
-3.37018
-3.36988
-3.36867
-3.36837
-3.36822
-3.36882
-3.36867
-3.36792
-3.36777
-3.36807
-3.36898
-3.36943
-3.36898
-3.36807
-3.36852
-3.36898
-3.36943
-3.36898
-3.36852
-3.36943
-3.36958
-3.36852
-3.36792
-3.36732
-3.36822
-3.36747
-3.36822
-3.36852
-3.36882
-3.37003
-3.36928
-3.36898
-3.36973
-3.36989
-3.36989
-3.36943
-3.37049
-3.37019
-3.37019
-3.37019
-3.3714
-3.3708
-3.37095
-3.37095
-3.3714
-3.37065
-3.3708
-3.37019
-3.37064
-3.37079
-3.37079
-3.3723
-3.37245
-3.37155
-3.3717
-3.3717
-3.37276
-3.37367
-3.37457
-3.37382
-3.37397
-3.37367
-3.37321
-3.372
-3.37246
-3.3723
-3.37185
-3.37246
-3.37276
-3.37246
-3.37276
-3.37382
-3.37427
-3.37412
-3.37322
-3.37291
-3.37231
-3.37155
-3.37155
-3.3714
-3.37125
-3.3711
-3.37064
-3.36959
-3.36898
-3.36944
-3.36974
-3.3702
-3.3705
-3.37065
-3.37035
-3.37065
-3.37004
-3.36989
-3.3711
-3.37095
-3.37095
-3.3702
-3.36989
-3.36959
-3.36944
-3.37065
-3.36974
-3.36974
-3.3702
-3.37065
-3.3705
-3.37004
-3.36898
-3.36914
-3.36793
-3.36763
-3.36793
-3.36929
-3.3696
-3.3699
-3.3699
-3.37065
-3.36989
-3.36944
-3.36793
-3.36823
-3.36702
-3.36748
-3.36687
-3.36793
-3.36793
-3.36823
-3.36838
-3.36853
-3.36853
-3.36808
-3.36914
-3.36854
-3.36944
-3.36974
-3.36884
-3.36974
-3.36929
-3.36929
-3.36884
-3.36808
-3.36808
-3.36853
-3.36792
-3.36702
-3.36762
-3.36717
-3.36793
-3.36597
-3.36582
-3.36491
-3.36612
-3.36717
-3.36672
-3.36702
-3.36778
-3.36778
-3.36763
-3.36763
-3.36747
-3.36763
-3.36808
-3.36853
-3.36899
-3.36899
-3.36884
-3.36763
-3.36657
-3.36777
-3.36777
-3.36732
-3.36702
-3.36717
-3.36702
-3.36778
-3.36809
-3.36673
-3.36748
-3.36838
-3.36823
-3.36808
-3.36808
-3.36732
-3.36717
-3.36627
-3.36702
-3.36778
-3.36642
-3.36732
-3.36838
-3.36853
-3.36823
-3.36838
-3.36808
-3.36808
-3.36884
-3.36929
-3.36899
-3.36869
-3.36869
-3.36868
-3.36793
-3.36793
-3.36778
-3.36672
-3.36642
-3.36566
-3.36536
-3.36551
-3.36536
-3.36521
-3.36612
-3.36551
-3.36506
-3.36521
-3.36415
-3.36505
-3.3646
-3.36475
-3.36536
-3.36476
-3.36415
-3.364
-3.36416
-3.36627
-3.36627
-3.36687
-3.36732
-3.36702
-3.36657
-3.36672
-3.36656
-3.36732
-3.36763
-3.36748
-3.36688
-3.36718
-3.36733
-3.36733
-3.36778
-3.36854
-3.36854
-3.36868
-3.36823
-3.36838
-3.36883
-3.36989
-3.36974
-3.36975
-3.36854
-3.36945
-3.37021
-3.37051
-3.36899
-3.36824
-3.36823
-3.36778
-3.36763
-3.36732
-3.36778
-3.36899
-3.36914
-3.36884
-3.37035
-3.37126
-3.37126
-3.36975
-3.37005
-3.3699
-3.3693
-3.36824
-3.36809
-3.36808
-3.36793
-3.36763
-3.36717
-3.36747
-3.36762
-3.36883
-3.36853
-3.36763
-3.36733
-3.36809
-3.36779
-3.36703
-3.36703
-3.36703
-3.36673
-3.36673
-3.36748
-3.36612
-3.36672
-3.36627
-3.36657
-3.36672
-3.36612
-3.36642
-3.36461
-3.36597
-3.36642
-3.36612
-3.36733
-3.36793
-3.36869
-3.36914
-3.3699
-3.36823
-3.36748
-3.36717
-3.36823
-3.36868
-3.36853
-3.36778
-3.36748
-3.36627
-3.36642
-3.36687
-3.36657
-3.36808
-3.36687
-3.36747
-3.36747
-3.36642
-3.36642
-3.36642
-3.36612
-3.36567
-3.36643
-3.36627
-3.36673
-3.36718
-3.36672
-3.36642
-3.36687
-3.36718
-3.36717
-3.36793
-3.36793
-3.36884
-3.36929
-3.36869
-3.36884
-3.36899
-3.36899
-3.37035
-3.37005
-3.36975
-3.37035
-3.37005
-3.36945
-3.36945
-3.37005
-3.3708
-3.3702
-3.36975
-3.36945
-3.3696
-3.36945
-3.36975
-3.37035
-3.36974
-3.36974
-3.36975
-3.37005
-3.3702
-3.3696
-3.36884
-3.36839
-3.36854
-3.3696
-3.3696
-3.36975
-3.36763
-3.36703
-3.36733
-3.36688
-3.36703
-3.36718
-3.36748
-3.36778
-3.36809
-3.36809
-3.36884
-3.36808
-3.36839
-3.36899
-3.3693
-3.36809
-3.36854
-3.36899
-3.3705
-3.37095
-3.37141
-3.37096
-3.37126
-3.37232
-3.37277
-3.37141
-3.37126
-3.37005
-3.3702
-3.37004
-3.3708
-3.37125
-3.37005
-3.37066
-3.37126
-3.37081
-3.36975
-3.36945
-3.36884
-3.36824
-3.36884
-3.36808
-3.36763
-3.36763
-3.36809
-3.36779
-3.36733
-3.36688
-3.36703
-3.36688
-3.36794
-3.36839
-3.3693
-3.37096
-3.37126
-3.37141
-3.3708
-3.37065
-3.37035
-3.36899
-3.36854
-3.36884
-3.36884
-3.36808
-3.36884
-3.369
-3.36869
-3.36824
-3.36839
-3.36809
-3.36733
-3.36688
-3.36552
-3.36416
-3.36415
-3.36476
-3.36461
-3.36461
-3.36476
-3.36627
-3.36537
-3.36567
-3.36642
-3.36581
-3.36657
-3.36626
-3.36521
-3.36506
-3.36536
-3.36597
-3.36673
-3.36658
-3.36598
-3.36582
-3.36552
-3.36552
-3.36491
-3.36582
-3.36446
-3.36401
-3.36416
-3.36492
-3.36522
-3.36567
-3.36643
-3.36567
-3.36658
-3.36597
-3.36627
-3.36567
-3.36491
-3.36552
-3.36552
-3.36567
-3.36582
-3.36598
-3.36613
-3.36673
-3.36491
-3.36461
-3.36581
-3.36506
-3.36551
-3.36521
-3.36461
-3.3643
-3.36355
-3.36461
-3.36416
-3.36461
-3.36522
-3.36567
-3.36643
-3.36643
-3.36567
-3.36627
-3.36687
-3.36763
-3.36793
-3.36838
-3.36899
-3.37005
-3.3696
-3.369
-3.3687
-3.36915
-3.3699
-3.36915
-3.36884
-3.36899
-3.36839
-3.36809
-3.36824
-3.36915
-3.3696
-3.36975
-3.3696
-3.36899
-3.36763
-3.36687
-3.36717
-3.36702
-3.36657
-3.36658
-3.36658
-3.36688
-3.36779
-3.36824
-3.36809
-3.36884
-3.3699
-3.37066
-3.37111
-3.37111
-3.37066
-3.3705
-3.37096
-3.37156
-3.37216
-3.37186
-3.37171
-3.37201
-3.37126
-3.37171
-3.37171
-3.37186
-3.3711
-3.37065
-3.37004
-3.36883
-3.36929
-3.36959
-3.37004
-3.36899
-3.36869
-3.36839
-3.36854
-3.36945
-3.36794
-3.36899
-3.36868
-3.36883
-3.36808
-3.36884
-3.36718
-3.36733
-3.36703
-3.36808
-3.36823
-3.36914
-3.36883
-3.36899
-3.36808
-3.36838
-3.36853
-3.36808
-3.36838
-3.36808
-3.36838
-3.36868
-3.36808
-3.36838
-3.36823
-3.36913
-3.36898
-3.36899
-3.36823
-3.36929
-3.36884
-3.36884
-3.36778
-3.36854
-3.36854
-3.36823
-3.36808
-3.36808
-3.36838
-3.36869
-3.36959
-3.36974
-3.36959
-3.36959
-3.36929
-3.36884
-3.36838
-3.36884
-3.36838
-3.36838
-3.37005
-3.3699
-3.36914
-3.36899
-3.36899
-3.36884
-3.36884
-3.36959
-3.36974
-3.3702
-3.36944
-3.3702
-3.37065
-3.37156
-3.37201
-3.37141
-3.37141
-3.37111
-3.37065
-3.37126
-3.37141
-3.37141
-3.3708
-3.37004
-3.37019
-3.37185
-3.37246
-3.37216
-3.37156
-3.37156
-3.37261
-3.37171
-3.37186
-3.37276
-3.37186
-3.3711
-3.3702
-3.36929
-3.36959
-3.36959
-3.36959
-3.36944
-3.37004
-3.3708
-3.37095
-3.37065
-3.37019
-3.36959
-3.36899
-3.37005
-3.3705
-3.37125
-3.3711
-3.3714
-3.37215
-3.37276
-3.37276
-3.37246
-3.37382
-3.37427
-3.37382
-3.37397
-3.37397
-3.37427
-3.37367
-3.37367
-3.37457
-3.37412
-3.37367
-3.37321
-3.37321
-3.37231
-3.37261
-3.37276
-3.37367
-3.37322
-3.37306
-3.37322
-3.37306
-3.37291
-3.37185
-3.37201
-3.3717
-3.3717
-3.37261
-3.37246
-3.372
-3.3714
-3.37034
-3.37004
-3.36944
-3.3702
-3.36989
-3.37005
-3.36884
-3.36899
-3.36929
-3.36868
-3.36899
-3.36974
-3.36974
-3.36928
-3.37064
-3.37125
-3.37155
-3.3717
-3.37125
-3.37201
-3.3714
-3.37216
-3.37156
-3.37171
-3.37125
-3.37125
-3.3708
-3.37035
-3.3696
-3.36899
-3.36733
-3.36702
-3.36672
-3.36657
-3.36777
-3.36838
-3.36808
-3.36748
-3.36718
-3.36688
-3.36627
-3.36612
-3.36612
-3.36566
-3.36626
-3.36491
-3.36476
-3.36521
-3.36567
-3.36672
-3.36702
-3.36732
-3.36868
-3.36793
-3.36808
-3.36824
-3.36839
-3.36929
-3.36929
-3.36793
-3.36807
-3.36852
-3.36882
-3.36852
-3.36868
-3.36898
-3.36838
-3.36793
-3.36748
-3.36778
-3.36853
-3.36853
-3.36747
-3.36793
-3.36687
-3.36717
-3.36717
-3.36686
-3.36656
-3.36595
-3.36626
-3.36565
-3.36641
-3.36641
-3.36611
-3.36535
-3.36702
-3.36868
-3.36898
-3.36867
-3.36943
-3.37048
-3.37018
-3.36989
-3.37034
-3.37019
-3.37079
-3.37049
-3.36989
-3.36868
-3.36928
-3.36928
-3.36867
-3.36731
-3.36746
-3.36746
-3.36701
-3.3658
-3.3652
-3.3649
-3.36566
-3.36611
-3.36671
-3.36732
-3.36626
-3.3664
-3.3667
-3.36776
-3.36701
-3.36746
-3.36777
-3.36732
-3.36717
-3.36702
-3.36777
-3.36656
-3.36701
-3.36701
-3.36641
-3.36641
-3.36731
-3.36732
-3.36792
-3.36853
-3.36898
-3.36898
-3.36838
-3.36822
-3.36867
-3.36716
-3.36671
-3.36656
-3.36687
-3.36747
-3.36808
-3.36747
-3.36838
-3.36838
-3.36793
-3.36657
-3.36641
-3.36672
-3.36641
-3.36686
-3.36747
-3.36626
-3.36671
-3.36792
-3.36611
-3.36671
-3.36611
-3.36657
-3.36566
-3.36536
-3.36672
-3.36626
-3.36626
-3.36687
-3.36717
-3.36687
-3.36687
-3.36672
-3.36657
-3.36702
-3.36732
-3.36717
-3.36701
-3.36671
-3.36671
-3.36626
-3.36777
-3.36732
-3.36868
-3.36823
-3.36868
-3.36883
-3.36823
-3.36823
-3.36747
-3.36762
-3.36807
-3.36732
-3.36898
-3.36838
-3.36868
-3.36959
-3.36944
-3.36974
-3.36853
-3.36808
-3.36747
-3.36672
-3.36747
-3.36626
-3.36626
-3.36566
-3.36687
-3.36642
-3.36717
-3.36687
-3.36657
-3.36747
-3.36717
-3.36687
-3.36596
-3.36642
-3.36672
-3.36657
-3.36611
-3.36702
-3.36717
-3.36672
-3.36642
-3.36642
-3.36552
-3.36597
-3.36642
-3.36657
-3.36566
-3.36611
-3.36611
-3.36777
-3.36777
-3.36792
-3.36732
-3.36747
-3.36777
-3.36702
-3.36777
-3.36793
-3.36808
-3.36793
-3.36793
-3.36883
-3.36868
-3.36959
-3.36959
-3.3708
-3.36929
-3.36975
-3.3696
-3.3696
-3.36929
-3.37005
-3.37005
-3.36989
-3.36884
-3.36823
-3.36778
-3.36839
-3.36869
-3.36975
-3.3696
-3.36899
-3.36884
-3.3693
-3.36854
-3.3699
-3.37035
-3.36959
-3.37035
-3.3702
-3.36944
-3.36944
-3.37035
-3.37155
-3.37125
-3.37216
-3.37247
-3.37217
-3.37292
-3.37232
-3.37201
-3.37307
-3.37262
-3.37277
-3.37201
-3.3708
-3.3702
-3.37035
-3.37019
-3.3714
-3.37185
-3.372
-3.3714
-3.37231
-3.37261
-3.37186
-3.37186
-3.37171
-3.3708
-3.3705
-3.37005
-3.3702
-3.36929
-3.36959
-3.36929
-3.36929
-3.36929
-3.36869
-3.36823
-3.36884
-3.36884
-3.36914
-3.36853
-3.36898
-3.36898
-3.36838
-3.36838
-3.36777
-3.36687
-3.36702
-3.36687
-3.36657
-3.36612
-3.36596
-3.36536
-3.36521
-3.36521
-3.36521
-3.36445
-3.3646
-3.3649
-3.36506
-3.36536
-3.36521
-3.36551
-3.36506
-3.36476
-3.36551
-3.36536
-3.36475
-3.36521
-3.36596
-3.36792
-3.36883
-3.36883
-3.36868
-3.36838
-3.36717
-3.36702
-3.36733
-3.36687
-3.36642
-3.36626
-3.36581
-3.36611
-3.36656
-3.36777
-3.36747
-3.36883
-3.36928
-3.36928
-3.36898
-3.36838
-3.36823
-3.36868
-3.36898
-3.36913
-3.37019
-3.37019
-3.36988
-3.37004
-3.36898
-3.36898
-3.36944
-3.36898
-3.36883
-3.36943
-3.36898
-3.36988
-3.37019
-3.37034
-3.36943
-3.37033
-3.36988
-3.37049
-3.37049
-3.37003
-3.37064
-3.37049
-3.3717
-3.3723
-3.37321
-3.37351
-3.37336
-3.37336
-3.37305
-3.37214
-3.37093
-3.37018
-3.37169
-3.37124
-3.37109
-3.3717
-3.37261
-3.37276
-3.37321
-3.37155
-3.3717
-3.37124
-3.37079
-3.37003
-3.37018
-3.36973
-3.37018
-3.36988
-3.37003
-3.37004
-3.36989
-3.36928
-3.36913
-3.36989
-3.37019
-3.37095
-3.37064
-3.37034
-3.37064
-3.37139
-3.37063
-3.37078
-3.37094
-3.3714
-3.3714
-3.37034
-3.36944
-3.36944
-3.36898
-3.36928
-3.36958
-3.36958
-3.37019
-3.37003
-3.37003
-3.37109
-3.37079
-3.37094
-3.37124
-3.37139
-3.37109
-3.37184
-3.37215
-3.37154
-3.37124
-3.37185
-3.37155
-3.3714
-3.37155
-3.37216
-3.37261
-3.37095
-3.3711
-3.3711
-3.3714
-3.37079
-3.37048
-3.37078
-3.37063
-3.37018
-3.36973
-3.36943
-3.36882
-3.37094
-3.37245
-3.37185
-3.3714
-3.37155
-3.37019
-3.37049
-3.37109
-3.37079
-3.37094
-3.37018
-3.36973
-3.37109
-3.37064
-3.37094
-3.37019
-3.37019
-3.37049
-3.37065
-3.37171
-3.37095
-3.37231
-3.37291
-3.3726
-3.37305
-3.3732
-3.37305
-3.37291
-3.37321
-3.37261
-3.37307
-3.37291
-3.3717
-3.37079
-3.3714
-3.37215
-3.3726
-3.37139
-3.37034
-3.37034
-3.37049
-3.37064
-3.37155
-3.37261
-3.37291
-3.37306
-3.37291
-3.3723
-3.3723
-3.37185
-3.37245
-3.37154
-3.37215
-3.37049
-3.37109
-3.37094
-3.37185
-3.37125
-3.3717
-3.37125
-3.37064
-3.37049
-3.37003
-3.36988
-3.36958
-3.36958
-3.36959
-3.36913
-3.36868
-3.36882
-3.36867
-3.36973
-3.37003
-3.36958
-3.36974
-3.3708
-3.3705
-3.37019
-3.36868
-3.36808
-3.36838
-3.36822
-3.36747
-3.36792
-3.36746
-3.36746
-3.36822
-3.36792
-3.36747
-3.36777
-3.36807
-3.36822
-3.36747
-3.36868
-3.37079
-3.37034
-3.36928
-3.37019
-3.3708
-3.37065
-3.36974
-3.37095
-3.3711
-3.37019
-3.3714
-3.37079
-3.37034
-3.37004
-3.36989
-3.37004
-3.37049
-3.37109
-3.37154
-3.37094
-3.37109
-3.3717
-3.37034
-3.37019
-3.36974
-3.37004
-3.37049
-3.37094
-3.37215
-3.37185
-3.37079
-3.37049
-3.37018
-3.36958
-3.37018
-3.36928
-3.36943
-3.36898
-3.37003
-3.36973
-3.36883
-3.36822
-3.36837
-3.36852
-3.36837
-3.36806
-3.36731
-3.36731
-3.36701
-3.36746
-3.36746
-3.36898
-3.36913
-3.36958
-3.36882
-3.36837
-3.36822
-3.36716
-3.36671
-3.36701
-3.36671
-3.36671
-3.36641
-3.36716
-3.36686
-3.36686
-3.36686
-3.36641
-3.36761
-3.36822
-3.36867
-3.36943
-3.36897
-3.36762
-3.36731
-3.36701
-3.36611
-3.36641
-3.36656
-3.36732
-3.36686
-3.36701
-3.36716
-3.36747
-3.36762
-3.36837
-3.36913
-3.36868
-3.36898
-3.36928
-3.37048
-3.37094
-3.37109
-3.37169
-3.3717
-3.37276
-3.37382
-3.37397
-3.37382
-3.37398
-3.37277
-3.37322
-3.37533
-3.37487
-3.37396
-3.37365
-3.3726
-3.37245
-3.37215
-3.37306
-3.37261
-3.37216
-3.37201
-3.37201
-3.37155
-3.37125
-3.37155
-3.3717
-3.37139
-3.37124
-3.37155
-3.37095
-3.36989
-3.36868
-3.36838
-3.36883
-3.36853
-3.36778
-3.36913
-3.36989
-3.36928
-3.36913
-3.36882
-3.36791
-3.36791
-3.36777
-3.36822
-3.36853
-3.36944
-3.36929
-3.36928
-3.37019
-3.37079
-3.37094
-3.37094
-3.37034
-3.37094
-3.3714
-3.37215
-3.37231
-3.37306
-3.37291
-3.37442
-3.37351
-3.37351
-3.37366
-3.37351
-3.37412
-3.37427
-3.37442
-3.37427
-3.37442
-3.37457
-3.37381
-3.37396
-3.37411
-3.37351
-3.3732
-3.37214
-3.37169
-3.37124
-3.37079
-3.37064
-3.3711
-3.37064
-3.37034
-3.37094
-3.37094
-3.37064
-3.37079
-3.37048
-3.37048
-3.37003
-3.36943
-3.37033
-3.37003
-3.37049
-3.3717
-3.37124
-3.3723
-3.37291
-3.37321
-3.37366
-3.37321
-3.37261
-3.37261
-3.37276
-3.37306
-3.372
-3.3723
-3.3729
-3.3732
-3.37335
-3.37365
-3.3735
-3.3729
-3.3729
-3.37215
-3.37215
-3.37336
-3.37396
-3.37442
-3.37472
-3.37396
-3.37411
-3.37426
-3.37502
-3.37487
-3.37502
-3.37412
-3.37306
-3.3723
-3.37275
-3.372
-3.3732
-3.3735
-3.37456
-3.37381
-3.37275
-3.37276
-3.37155
-3.37094
-3.37079
-3.37094
-3.37094
-3.37033
-3.37094
-3.36973
-3.37078
-3.37063
-3.36958
-3.36867
-3.36792
-3.36761
-3.36777
-3.36747
-3.36686
-3.36701
-3.36761
-3.36701
-3.36655
-3.3664
-3.36671
-3.3661
-3.3661
-3.3661
-3.36625
-3.36716
-3.36731
-3.36716
-3.36837
-3.36822
-3.36927
-3.37033
-3.37033
-3.36973
-3.36898
-3.36883
-3.36807
-3.36822
-3.36837
-3.36822
-3.36761
-3.36731
-3.36656
-3.36701
-3.36762
-3.36777
-3.36792
-3.36777
-3.36822
-3.36776
-3.36837
-3.36822
-3.36852
-3.36762
-3.36807
-3.36732
-3.36566
-3.36566
-3.3655
-3.36611
-3.36656
-3.36611
-3.36702
-3.36792
-3.36822
-3.36837
-3.36792
-3.36822
-3.36761
-3.36837
-3.36943
-3.36928
-3.36943
-3.36882
-3.36943
-3.36898
-3.36958
-3.36928
-3.36988
-3.36988
-3.36958
-3.36973
-3.36973
-3.36973
-3.36958
-3.36973
-3.36973
-3.36973
-3.36958
-3.36868
-3.36958
-3.37004
-3.37079
-3.36973
-3.36988
-3.36958
-3.37003
-3.36972
-3.36988
-3.37018
-3.37109
-3.37033
-3.37109
-3.37094
-3.37094
-3.37064
-3.37124
-3.37033
-3.37063
-3.37139
-3.36988
-3.37109
-3.37094
-3.37048
-3.37064
-3.37064
-3.37033
-3.37109
-3.3723
-3.37215
-3.37124
-3.37109
-3.37064
-3.37109
-3.37048
-3.37124
-3.37184
-3.37154
-3.37063
-3.37124
-3.37124
-3.37033
-3.36897
-3.36866
-3.36821
-3.36836
-3.36988
-3.37033
-3.37033
-3.37034
-3.37094
-3.37245
-3.37185
-3.37109
-3.37124
-3.37078
-3.37139
-3.37063
-3.37048
-3.37078
-3.37047
-3.37063
-3.37108
-3.37139
-3.37229
-3.37199
-3.37139
-3.37139
-3.37139
-3.37063
-3.37063
-3.37033
-3.37033
-3.37154
-3.37108
-3.37017
-3.37033
-3.37018
-3.36927
-3.36852
-3.36776
-3.36822
-3.36822
-3.36761
-3.36761
-3.36821
-3.36715
-3.36775
-3.36715
-3.36715
-3.3676
-3.36791
-3.36715
-3.36746
-3.36761
-3.36852
-3.36867
-3.36867
-3.36791
-3.36867
-3.36851
-3.36881
-3.36775
-3.36745
-3.36746
-3.36656
-3.36596
-3.36595
-3.3652
-3.36474
-3.3655
-3.3658
-3.36595
-3.3667
-3.36685
-3.3667
-3.3661
-3.36625
-3.36564
-3.36595
-3.36565
-3.36701
-3.36716
-3.36716
-3.367
-3.3661
-3.3661
-3.36625
-3.3661
-3.36564
-3.36579
-3.36504
-3.36413
-3.36429
-3.36474
-3.36535
-3.3664
-3.36731
-3.36686
-3.36746
-3.36761
-3.36716
-3.36731
-3.36655
-3.36715
-3.36776
-3.36776
-3.3676
-3.36685
-3.36579
-3.36624
-3.36609
-3.36579
-3.36549
-3.36625
-3.36595
-3.36428
-3.36444
-3.36519
-3.36565
-3.36564
-3.36504
-3.36489
-3.36489
-3.36489
-3.36534
-3.36489
-3.3661
-3.36655
-3.36761
-3.3661
-3.36609
-3.36685
-3.36821
-3.36896
-3.36896
-3.36791
-3.36791
-3.36882
-3.36851
-3.36836
-3.36852
-3.36807
-3.36762
-3.36792
-3.36837
-3.36851
-3.36896
-3.36911
-3.36987
-3.37047
-3.37229
-3.37153
-3.37198
-3.37198
-3.37198
-3.37214
-3.37289
-3.37229
-3.37168
-3.37093
-3.37108
-3.37078
-3.37093
-3.37108
-3.37138
-3.37032
-3.36987
-3.36911
-3.36942
-3.36911
-3.36911
-3.37017
-3.36851
-3.36805
-3.3682
-3.36851
-3.36866
-3.36926
-3.37092
-3.37213
-3.37243
-3.37168
-3.37183
-3.37108
-3.37017
-3.37002
-3.36972
-3.36957
-3.36987
-3.37017
-3.37092
-3.37122
-3.37016
-3.37077
-3.37077
-3.36987
-3.36776
-3.36821
-3.36761
-3.36639
-3.36624
-3.36654
-3.36638
-3.36593
-3.36502
-3.36532
-3.36593
-3.36563
-3.36593
-3.36503
-3.36533
-3.36473
-3.36367
-3.36397
-3.36367
-3.36397
-3.36292
-3.36306
-3.36352
-3.36352
-3.36382
-3.36517
-3.36502
-3.36593
-3.36593
-3.36623
-3.36517
-3.36623
-3.36684
-3.36639
-3.36578
-3.36518
-3.36533
-3.36457
-3.36457
-3.36503
-3.36367
-3.36397
-3.36352
-3.36231
-3.36185
-3.36261
-3.36336
-3.36381
-3.36532
-3.36578
-3.36608
-3.36608
-3.36714
-3.36639
-3.36699
-3.36774
-3.36774
-3.36698
-3.36653
-3.36744
-3.36698
-3.36623
-3.36714
-3.36608
-3.36548
-3.36608
-3.36503
-3.36472
-3.36442
-3.36488
-3.36594
-3.36609
-3.36488
-3.36623
-3.36638
-3.36623
-3.36714
-3.36729
-3.36714
-3.36744
-3.36699
-3.36684
-3.36669
-3.36789
-3.36835
-3.3688
-3.36896
-3.36896
-3.36851
-3.36836
-3.36911
-3.36911
-3.36971
-3.37092
-3.37062
-3.37062
-3.37017
-3.37093
-3.37168
-3.37229
-3.37183
-3.37288
-3.37137
-3.37137
-3.37167
-3.37107
-3.37032
-3.36926
-3.36942
-3.37017
-3.37078
-3.37108
-3.37107
-3.37047
-3.37077
-3.37062
-3.37001
-3.3688
-3.3691
-3.37001
-3.37092
-3.37077
-3.37062
-3.37001
-3.37077
-3.37122
-3.37077
-3.37108
-3.37108
-3.37153
-3.37183
-3.37168
-3.37092
-3.37183
-3.37198
-3.37273
-3.37273
-3.37167
-3.37213
-3.37168
-3.37184
-3.37184
-3.37229
-3.37184
-3.37213
-3.37168
-3.37183
-3.37182
-3.37213
-3.37107
-3.37032
-3.37002
-3.37032
-3.37017
-3.36957
-3.36896
-3.3682
-3.36775
-3.3688
-3.36865
-3.36926
-3.36851
-3.36897
-3.36836
-3.36866
-3.36972
-3.36957
-3.36957
-3.37017
-3.37062
-3.37031
-3.37047
-3.37107
-3.37153
-3.37063
-3.36988
-3.36943
-3.36897
-3.36912
-3.36927
-3.36896
-3.36986
-3.36971
-3.36971
-3.37047
-3.37092
-3.37062
-3.37183
-3.37229
-3.37305
-3.37244
-3.37199
-3.37063
-3.37093
-3.37062
-3.37077
-3.37077
-3.37002
-3.36836
-3.36821
-3.3676
-3.36775
-3.36685
-3.367
-3.367
-3.3667
-3.3667
-3.3664
-3.36685
-3.36685
-3.36639
-3.3664
-3.36624
-3.36594
-3.36564
-3.36594
-3.36609
-3.367
-3.3673
-3.36851
-3.36927
-3.36897
-3.36836
-3.36926
-3.36835
-3.3682
-3.3676
-3.36805
-3.36745
-3.3679
-3.36881
-3.36881
-3.37077
-3.37032
-3.37047
-3.37123
-3.37108
-3.37047
-3.36957
-3.37047
-3.37078
-3.37078
-3.36972
-3.37017
-3.37017
-3.37063
-3.37078
-3.37047
-3.37093
-3.37093
-3.37153
-3.37304
-3.37244
-3.37259
-3.3735
-3.37365
-3.37365
-3.3735
-3.37319
-3.37425
-3.37576
-3.37288
-3.37303
-3.37334
-3.37334
-3.3741
-3.37349
-3.37243
-3.37349
-3.3744
-3.3744
-3.37395
-3.3741
-3.3744
-3.37334
-3.37379
-3.37333
-3.37349
-3.37303
-3.37228
-3.37274
-3.37334
-3.37304
-3.37365
-3.37304
-3.37199
-3.37214
-3.37229
-3.37198
-3.37183
-3.37092
-3.37138
-3.37289
-3.37198
-3.37274
-3.37229
-3.37184
-3.37199
-3.37199
-3.37259
-3.37274
-3.37243
-3.37213
-3.37168
-3.37123
-3.37078
-3.37033
-3.37078
-3.37123
-3.37138
-3.37032
-3.37108
-3.37092
-3.37107
-3.37122
-3.37152
-3.37107
-3.37047
-3.37153
-3.37228
-3.37258
-3.37394
-3.37364
-3.3741
-3.37546
-3.37546
-3.37712
-3.37636
-3.37726
-3.37651
-3.3762
-3.37771
-3.37756
-3.37696
-3.37666
-3.37651
-3.37561
-3.37545
-3.3756
-3.37545
-3.37545
-3.37469
-3.37424
-3.37378
-3.37333
-3.37243
-3.37288
-3.37273
-3.37334
-3.37364
-3.3747
-3.37424
-3.37379
-3.37424
-3.37454
-3.37363
-3.37348
-3.37423
-3.37393
-3.37408
-3.37439
-3.37348
-3.37424
-3.37455
-3.37485
-3.37485
-3.375
-3.3753
-3.37424
-3.37333
-3.37469
-3.37454
-3.37439
-3.37484
-3.37515
-3.37605
-3.3759
-3.37636
-3.37666
-3.3756
-3.3756
-3.37605
-3.37605
-3.37499
-3.37514
-3.3759
-3.37621
-3.37605
-3.3756
-3.37711
-3.37666
-3.3759
-3.37545
-3.375
-3.3744
-3.37394
-3.37394
-3.37364
-3.37409
-3.37409
-3.37348
-3.37409
-3.37288
-3.37304
-3.37304
-3.37229
-3.37334
-3.37319
-3.37395
-3.37349
-3.37364
-3.37213
-3.37168
-3.37198
-3.37153
-3.37138
-3.37047
-3.37137
-3.37016
-3.37077
-3.37017
-3.36986
-3.36956
-3.36896
-3.36926
-3.36986
-3.36986
-3.37032
-3.37016
-3.36941
-3.3685
-3.36805
-3.36835
-3.3688
-3.3682
-3.36805
-3.36821
-3.36775
-3.36745
-3.36745
-3.3679
-3.36881
-3.36986
-3.36941
-3.3691
-3.36925
-3.3688
-3.3685
-3.36775
-3.36745
-3.36775
-3.36836
-3.36927
-3.36942
-3.36987
-3.37047
-3.37122
-3.37122
-3.37197
-3.37212
-3.37182
-3.37107
-3.37016
-3.37062
-3.37107
-3.37138
-3.37153
-3.37274
-3.37274
-3.37335
-3.37214
-3.37259
-3.37289
-3.37243
-3.37243
-3.37303
-3.37273
-3.37197
-3.37198
-3.37183
-3.37244
-3.37244
-3.37319
-3.37395
-3.37531
-3.37531
-3.37485
-3.375
-3.37485
-3.37546
-3.37485
-3.37349
-3.37425
-3.37304
-3.37364
-3.375
-3.37455
-3.37455
-3.37516
-3.3741
-3.37304
-3.37395
-3.37273
-3.37303
-3.37243
-3.37212
-3.37333
-3.37288
-3.37349
-3.3741
-3.37319
-3.37304
-3.37259
-3.37244
-3.37228
-3.37273
-3.37228
-3.37168
-3.37153
-3.37153
-3.37258
-3.37288
-3.37273
-3.37348
-3.37243
-3.37228
-3.37198
-3.37138
-3.37153
-3.37214
-3.37183
-3.37229
-3.37244
-3.37183
-3.37198
-3.37107
-3.37137
-3.37017
-3.37047
-3.37017
-3.37092
-3.37047
-3.36971
-3.36911
-3.36896
-3.36821
-3.367
-3.36518
-3.36578
-3.36563
-3.36624
-3.36563
-3.36684
-3.36699
-3.36804
-3.3685
-3.36956
-3.36911
-3.3685
-3.36926
-3.36987
-3.37047
-3.37002
-3.36942
-3.36926
-3.36881
-3.36821
-3.36881
-3.36835
-3.3688
-3.36865
-3.36925
-3.3691
-3.36774
-3.3682
-3.3682
-3.3685
-3.36851
-3.36836
-3.3682
-3.36851
-3.36745
-3.36775
-3.36835
-3.3679
-3.36805
-3.36805
-3.37047
-3.36971
-3.36896
-3.36986
-3.36896
-3.36835
-3.3682
-3.36866
-3.36926
-3.36957
-3.36956
-3.37077
-3.37107
-3.37046
-3.36926
-3.3688
-3.36865
-3.36941
-3.36896
-3.36896
-3.36836
-3.36745
-3.36821
-3.36896
-3.36896
-3.36986
-3.36986
-3.37031
-3.37137
-3.37213
-3.37213
-3.37274
-3.37289
-3.37138
-3.37138
-3.37062
-3.37063
-3.36927
-3.37047
-3.37108
-3.37077
-3.37001
-3.37001
-3.36941
-3.36896
-3.37017
-3.36987
-3.36988
-3.36852
-3.36912
-3.37002
-3.37047
-3.37062
-3.37152
-3.37273
-3.37198
-3.37153
-3.37108
-3.37199
-3.37274
-3.37274
-3.37244
-3.37274
-3.37349
-3.37364
-3.37439
-3.37394
-3.37424
-3.37334
-3.37319
-3.3732
-3.37335
-3.3738
-3.3744
-3.3747
-3.37455
-3.3741
-3.37425
-3.3738
-3.37425
-3.37334
-3.37289
-3.37274
-3.37259
-3.37183
-3.37198
-3.37213
-3.37304
-3.37259
-3.37153
-3.37002
-3.37047
-3.37107
-3.37122
-3.37259
-3.37274
-3.37304
-3.37244
-3.37289
-3.37244
-3.37199
-3.37244
-3.37259
-3.37229
-3.37259
-3.37259
-3.37274
-3.37274
-3.3738
-3.37365
-3.37349
-3.37365
-3.37365
-3.37456
-3.37531
-3.37516
-3.37486
-3.37501
-3.37455
-3.37515
-3.3753
-3.37531
-3.37561
-3.37455
-3.37456
-3.37501
-3.37486
-3.37486
-3.37516
-3.37471
-3.37396
-3.37335
-3.37274
-3.37244
-3.37244
-3.37183
-3.37153
-3.37123
-3.37229
-3.37168
-3.37153
-3.37017
-3.37002
-3.37062
-3.37032
-3.37047
-3.37063
-3.37063
-3.37048
-3.36942
-3.36987
-3.37032
-3.37002
-3.37108
-3.37093
-3.37002
-3.36911
-3.37017
-3.37017
-3.36942
-3.36942
-3.36942
-3.37033
-3.37033
-3.37018
-3.37033
-3.37093
-3.37077
-3.37093
-3.37032
-3.36987
-3.36987
-3.36942
-3.36912
-3.37033
-3.37033
-3.37078
-3.36912
-3.36927
-3.37078
-3.37078
-3.37214
-3.37304
-3.37304
-3.37304
-3.3735
-3.37335
-3.37259
-3.37214
-3.3729
-3.37289
-3.37304
-3.37214
-3.37168
-3.37032
-3.36957
-3.36973
-3.36927
-3.36927
-3.36867
-3.36852
-3.36897
-3.36822
-3.36837
-3.36791
-3.36897
-3.36866
-3.3682
-3.36866
-3.3682
-3.36896
-3.36956
-3.36927
-3.36897
-3.36912
-3.36957
-3.36973
-3.36972
-3.36942
-3.36912
-3.36942
-3.36988
-3.37078
-3.37063
-3.37078
-3.37048
-3.36957
-3.36957
-3.37003
-3.36957
-3.37032
-3.36987
-3.37002
-3.37047
-3.36942
-3.36911
-3.36972
-3.37078
-3.37047
-3.37093
-3.37078
-3.37078
-3.37093
-3.37093
-3.37169
-3.37063
-3.37139
-3.37093
-3.37003
-3.36972
-3.37017
-3.36912
-3.36881
-3.36911
-3.36851
-3.3673
-3.3679
-3.36775
-3.36775
-3.36806
-3.36775
-3.36821
-3.36836
-3.36927
-3.36897
-3.36987
-3.36912
-3.36806
-3.36867
-3.36882
-3.36957
-3.36837
-3.36852
-3.36851
-3.36761
-3.36776
-3.36745
-3.3673
-3.3673
-3.36791
-3.36942
-3.36987
-3.36911
-3.36972
-3.37063
-3.37108
-3.37002
-3.37017
-3.37063
-3.37078
-3.37138
-3.37063
-3.37123
-3.37199
-3.37244
-3.37168
-3.37123
-3.37183
-3.37214
-3.37123
-3.37108
-3.37093
-3.37169
-3.37229
-3.3732
-3.37395
-3.37486
-3.3735
-3.37471
-3.37531
-3.37561
-3.37576
-3.37516
-3.37562
-3.3741
-3.37486
-3.3744
-3.3735
-3.37289
-3.37183
-3.37198
-3.37093
-3.37017
-3.37048
-3.37108
-3.37124
-3.37109
-3.37199
-3.37275
-3.37259
-3.3732
-3.37335
-3.37365
-3.37395
-3.37425
-3.37425
-3.37395
-3.3732
-3.37244
-3.3735
-3.37335
-3.37335
-3.3732
-3.37365
-3.3732
-3.3735
-3.3735
-3.37305
-3.37259
-3.37335
-3.37335
-3.3735
-3.37365
-3.3741
-3.37365
-3.37319
-3.37349
-3.37304
-3.3735
-3.3738
-3.3726
-3.3726
-3.37305
-3.3726
-3.37245
-3.3729
-3.37244
-3.3729
-3.37244
-3.37184
-3.37244
-3.37214
-3.37184
-3.37078
-3.37078
-3.37033
-3.37018
-3.36972
-3.37063
-3.37033
-3.37033
-3.37063
-3.37169
-3.37094
-3.37139
-3.37139
-3.37199
-3.37274
-3.37334
-3.3735
-3.37289
-3.37229
-3.37199
-3.37275
-3.37215
-3.37184
-3.3726
-3.37335
-3.37335
-3.3726
-3.37335
-3.37274
-3.3729
-3.37229
-3.37169
-3.3726
-3.37214
-3.37169
-3.37215
-3.37154
-3.37184
-3.37154
-3.37094
-3.37199
-3.37244
-3.37259
-3.37214
-3.37259
-3.37289
-3.3735
-3.37381
-3.37351
-3.37336
-3.37336
-3.37396
-3.37365
-3.37395
-3.3738
-3.37335
-3.37289
-3.37305
-3.37275
-3.37275
-3.37305
-3.37214
-3.37078
-3.37002
-3.37123
-3.37108
-3.37093
-3.36987
-3.37244
-3.37199
-3.37199
-3.37139
-3.37139
-3.37124
-3.37184
-3.37169
-3.37184
-3.37078
-3.37093
-3.37093
-3.37107
-3.37017
-3.37077
-3.37093
-3.37154
-3.37199
-3.37244
-3.37245
-3.3729
-3.37305
-3.37245
-3.37214
-3.37244
-3.37259
-3.37259
-3.37123
-3.37108
-3.37184
-3.37139
-3.37184
-3.3723
-3.3726
-3.37184
-3.37154
-3.36972
-3.36927
-3.36806
-3.36761
-3.3664
-3.36701
-3.36686
-3.36671
-3.36701
-3.36776
-3.36761
-3.36716
-3.36716
-3.36867
-3.36837
-3.36852
-3.36927
-3.36867
-3.36882
-3.36942
-3.36852
-3.36806
-3.36807
-3.36822
-3.36762
-3.36807
-3.36777
-3.36883
-3.36913
-3.36928
-3.36852
-3.36792
-3.36716
-3.3664
-3.36595
-3.3667
-3.36715
-3.36685
-3.36761
-3.36746
-3.36761
-3.36776
-3.36641
-3.36731
-3.36716
-3.3658
-3.36565
-3.3655
-3.36595
-3.36701
-3.36686
-3.3664
-3.36625
-3.3664
-3.36625
-3.3661
-3.36565
-3.3658
-3.36565
-3.3658
-3.3664
-3.36716
-3.36761
-3.36837
-3.36822
-3.36806
-3.36882
-3.36942
-3.36958
-3.36928
-3.36852
-3.36928
-3.36867
-3.37003
-3.37093
-3.37078
-3.37063
-3.37048
-3.37124
-3.37215
-3.37185
-3.3714
-3.3717
-3.37079
-3.37004
-3.37064
-3.37079
-3.37018
-3.37078
-3.37003
-3.37018
-3.37003
-3.36852
-3.36943
-3.36958
-3.36928
-3.36898
-3.36883
-3.36807
-3.36731
-3.36761
-3.36822
-3.36852
-3.36822
-3.36762
-3.36672
-3.36702
-3.36657
-3.36626
-3.36611
-3.36626
-3.3655
-3.36579
-3.3661
-3.3664
-3.36671
-3.3655
-3.36611
-3.36717
-3.36671
-3.36686
-3.36671
-3.36747
-3.36731
-3.36777
-3.36882
-3.36822
-3.36716
-3.36686
-3.36641
-3.36701
-3.36807
-3.36807
-3.36882
-3.36882
-3.36837
-3.36928
-3.36837
-3.36868
-3.36807
-3.36822
-3.36837
-3.36837
-3.36807
-3.36928
-3.37003
-3.37034
-3.37049
-3.37124
-3.37169
-3.37078
-3.36942
-3.36912
-3.36958
-3.37064
-3.37019
-3.36989
-3.36988
-3.37124
-3.37154
-3.37305
-3.37094
-3.37078
-3.37124
-3.37048
-3.37048
-3.37094
-3.37169
-3.37109
-3.3723
-3.37215
-3.372
-3.37245
-3.37245
-3.37199
-3.37169
-3.37215
-3.3729
-3.3723
-3.37185
-3.37275
-3.37321
-3.37366
-3.37305
-3.3732
-3.37229
-3.37244
-3.37245
-3.37154
-3.37169
-3.37184
-3.372
-3.372
-3.37185
-3.3723
-3.37154
-3.372
-3.37139
-3.3723
-3.37155
-3.37124
-3.37109
-3.37109
-3.37079
-3.37003
-3.36988
-3.37018
-3.37003
-3.37018
-3.36988
-3.37033
-3.37185
-3.3723
-3.37275
-3.37215
-3.3726
-3.37306
-3.37291
-3.3729
-3.37321
-3.37305
-3.37366
-3.3729
-3.37184
-3.37154
-3.37154
-3.37154
-3.37215
-3.3717
-3.3714
-3.37155
-3.37306
-3.3723
-3.37291
-3.37275
-3.3723
-3.37245
-3.3729
-3.37275
-3.372
-3.37109
-3.37019
-3.37125
-3.37094
-3.37125
-3.3714
-3.37109
-3.37064
-3.37034
-3.37064
-3.36928
-3.36898
-3.36898
-3.36988
-3.37018
-3.37048
-3.37109
-3.37124
-3.37124
-3.37079
-3.37139
-3.37169
-3.37275
-3.37276
-3.37261
-3.37246
-3.37276
-3.37321
-3.37351
-3.37366
-3.37396
-3.37351
-3.37321
-3.37366
-3.37336
-3.37396
-3.37442
-3.37427
-3.37502
-3.37472
-3.37472
-3.37562
-3.37532
-3.37517
-3.37472
-3.37517
-3.37548
-3.37639
-3.37699
-3.37684
-3.37593
-3.37502
-3.37548
-3.37532
-3.37517
-3.37472
-3.37457
-3.37352
-3.37337
-3.37261
-3.37201
-3.3717
-3.37215
-3.37139
-3.37003
-3.37003
-3.37003
-3.37019
-3.36989
-3.37034
-3.37095
-3.36989
-3.37019
-3.37095
-3.3705
-3.3705
-3.37035
-3.37035
-3.37034
-3.37125
-3.3711
-3.3714
-3.37185
-3.372
-3.372
-3.37215
-3.37124
-3.37125
-3.37185
-3.37185
-3.37125
-3.37125
-3.3714
-3.37185
-3.3711
-3.3708
-3.37095
-3.3708
-3.37004
-3.37049
-3.36989
-3.37049
-3.37125
-3.37079
-3.37125
-3.3714
-3.3723
-3.37291
-3.37396
-3.37321
-3.37215
-3.37154
-3.3726
-3.372
-3.37155
-3.37019
-3.3711
-3.3711
-3.37004
-3.37049
-3.36989
-3.36943
-3.36942
-3.37003
-3.36988
-3.37109
-3.37079
-3.37034
-3.36944
-3.36943
-3.36928
-3.36928
-3.37003
-3.37079
-3.37215
-3.3732
-3.3729
-3.37275
-3.37321
-3.37321
-3.37261
-3.37291
-3.37306
-3.37336
-3.37382
-3.37366
-3.37351
-3.37382
-3.37291
-3.37291
-3.37246
-3.37215
-3.37109
-3.37079
-3.37079
-3.37003
-3.36989
-3.36898
-3.36898
-3.36868
-3.36913
-3.36792
-3.36807
-3.36777
-3.36657
-3.36687
-3.36702
-3.36641
-3.36702
-3.36822
-3.36762
-3.36686
-3.36656
-3.36641
-3.36731
-3.36656
-3.36641
-3.36701
-3.36746
-3.36746
-3.36822
-3.36792
-3.36822
-3.36716
-3.36746
-3.36822
-3.36852
-3.36747
-3.36837
-3.36792
-3.36671
-3.36777
-3.36807
-3.36837
-3.36883
-3.36897
-3.36882
-3.36882
-3.36942
-3.37003
-3.36958
-3.36988
-3.36943
-3.37048
-3.37109
-3.37139
-3.37138
-3.37214
-3.37199
-3.37138
-3.37108
-3.37183
-3.37244
-3.37335
-3.3729
-3.37215
-3.3726
-3.372
-3.3723
-3.3723
-3.37169
-3.37169
-3.3729
-3.37396
-3.37395
-3.3744
-3.3738
-3.37501
-3.37501
-3.37486
-3.37456
-3.37501
-3.37561
-3.37592
-3.3741
-3.37456
-3.3738
-3.37395
-3.37244
-3.37169
-3.37229
-3.37093
-3.37108
-3.37063
-3.36987
-3.36866
-3.36866
-3.36912
-3.36836
-3.36821
-3.3676
-3.3673
-3.36791
-3.36715
-3.367
-3.36685
-3.36746
-3.36761
-3.36821
-3.36851
-3.36745
-3.36715
-3.36715
-3.36609
-3.36594
-3.36715
-3.3676
-3.36791
-3.36836
-3.36746
-3.36791
-3.36882
-3.36927
-3.36882
-3.36942
-3.36881
-3.36866
-3.36865
-3.36911
-3.36956
-3.36971
-3.36941
-3.36942
-3.36897
-3.36836
-3.36867
-3.36927
-3.36987
-3.37002
-3.37048
-3.37048
-3.37002
-3.37078
-3.37093
-3.37123
-3.37183
-3.37199
-3.37199
-3.37214
-3.37153
-3.37138
-3.37063
-3.37168
-3.37259
-3.37123
-3.37078
-3.37063
-3.37108
-3.37168
-3.37213
-3.37153
-3.37138
-3.37123
-3.37093
-3.37033
-3.37002
-3.37017
-3.37032
-3.36972
-3.36911
-3.36836
-3.36866
-3.36911
-3.37032
-3.37062
-3.37002
-3.37032
-3.36956
-3.36987
-3.36972
-3.36927
-3.36972
-3.36896
-3.36911
-3.36851
-3.36911
-3.36927
-3.3676
-3.36806
-3.3679
-3.36805
-3.36805
-3.3673
-3.36624
-3.3673
-3.36715
-3.36564
-3.36715
-3.36715
-3.367
-3.3667
-3.3667
-3.367
-3.36594
-3.36609
-3.36685
-3.36609
-3.36654
-3.36624
-3.36564
-3.36624
-3.36776
-3.36806
-3.36776
-3.36791
-3.36776
-3.36821
-3.36836
-3.36866
-3.36911
-3.36881
-3.36897
-3.36897
-3.36897
-3.36912
-3.36988
-3.36958
-3.36973
-3.36837
-3.36851
-3.36806
-3.36836
-3.36972
-3.36851
-3.36942
-3.36972
-3.36988
-3.36973
-3.36882
-3.36897
-3.36867
-3.36912
-3.36927
-3.36926
-3.36821
-3.36896
-3.37017
-3.36987
-3.36912
-3.36836
-3.36685
-3.3667
-3.36655
-3.36595
-3.3664
-3.36565
-3.3664
-3.36504
-3.36534
-3.36519
-3.36549
-3.36534
-3.3655
-3.3658
-3.36655
-3.36655
-3.36625
-3.36655
-3.36655
-3.3661
-3.3661
-3.36655
-3.3667
-3.36565
-3.36731
-3.36701
-3.36701
-3.36762
-3.36686
-3.3664
-3.367
-3.36685
-3.36685
-3.36685
-3.36716
-3.36701
-3.36777
-3.36732
-3.36717
-3.36837
-3.36867
-3.36852
-3.36837
-3.36867
-3.36912
-3.36927
-3.37003
-3.37003
-3.36988
-3.36898
-3.36913
-3.36973
-3.37003
-3.36988
-3.36898
-3.37004
-3.36973
-3.37003
-3.37034
-3.37003
-3.36973
-3.37078
-3.37033
-3.37018
-3.37063
-3.37078
-3.37048
-3.37018
-3.36928
-3.36898
-3.36943
-3.36912
-3.36973
-3.36928
-3.36958
-3.37003
-3.37019
-3.36973
-3.37019
-3.37049
-3.36973
-3.37124
-3.37064
-3.37109
-3.37094
-3.37079
-3.37048
-3.37064
-3.37094
-3.37034
-3.37034
-3.37124
-3.37154
-3.37034
-3.36882
-3.36792
-3.36852
-3.36822
-3.36883
-3.36852
-3.36747
-3.36686
-3.36672
-3.36657
-3.36657
-3.36656
-3.36581
-3.3655
-3.3655
-3.36459
-3.36535
-3.36595
-3.3658
-3.36641
-3.36656
-3.36671
-3.36807
-3.36913
-3.36838
-3.36853
-3.36732
-3.36793
-3.36898
-3.36778
-3.36747
-3.36672
-3.36656
-3.36732
-3.36671
-3.36717
-3.36626
-3.36671
-3.36596
-3.36702
-3.36732
-3.36686
-3.36852
-3.36867
-3.36837
-3.36792
-3.36762
-3.36853
-3.36853
-3.36823
-3.36717
-3.36837
-3.36822
-3.36822
-3.36852
-3.36958
-3.36973
-3.36928
-3.36973
-3.36882
-3.36883
-3.36958
-3.36973
-3.36958
-3.37034
-3.37064
-3.37124
-3.37109
-3.37185
-3.37215
-3.37124
-3.372
-3.37199
-3.37215
-3.372
-3.3714
-3.37155
-3.37155
-3.372
-3.37215
-3.37246
-3.37276
-3.37246
-3.3717
-3.37291
-3.37276
-3.3711
-3.37125
-3.37109
-3.37094
-3.37003
-3.37033
-3.37018
-3.36973
-3.37064
-3.37049
-3.36988
-3.36883
-3.36988
-3.37124
-3.37155
-3.37276
-3.37185
-3.3723
-3.3723
-3.3723
-3.37215
-3.37199
-3.37184
-3.3723
-3.37321
-3.372
-3.3714
-3.3714
-3.37079
-3.3711
-3.37109
-3.37155
-3.37155
-3.37185
-3.37155
-3.372
-3.37291
-3.3714
-3.37094
-3.37125
-3.37109
-3.37094
-3.37034
-3.37004
-3.36928
-3.36943
-3.36913
-3.36974
-3.37125
-3.37216
-3.37186
-3.3711
-3.37125
-3.37049
-3.37033
-3.37078
-3.37033
-3.37078
-3.37018
-3.37004
-3.36913
-3.37065
-3.37065
-3.3714
-3.37231
-3.37155
-3.3723
-3.37215
-3.3726
-3.37154
-3.37155
-3.37109
-3.37125
-3.3714
-3.3714
-3.37124
-3.37094
-3.3711
-3.372
-3.37125
-3.37095
-3.37109
-3.36958
-3.36958
-3.36957
-3.36942
-3.36897
-3.36943
-3.36943
-3.36944
-3.3702
-3.37095
-3.37065
-3.3714
-3.37079
-3.36973
-3.37109
-3.37154
-3.37245
-3.37336
-3.37412
-3.37336
-3.37336
-3.37155
-3.37095
-3.37155
-3.37124
-3.37155
-3.3723
-3.372
-3.3717
-3.3717
-3.372
-3.37306
-3.37291
-3.3726
-3.3723
-3.3723
-3.3717
-3.37125
-3.372
-3.37215
-3.37185
-3.37336
-3.37381
-3.37396
-3.37381
-3.37351
-3.37261
-3.37321
-3.37261
-3.37336
-3.37275
-3.37321
-3.3726
