-5.62462
-5.59696
-5.56207
-5.52168
-5.47779
-5.43328
-5.39054
-5.35224
-5.31735
-5.29096
-5.26999
-5.25651
-5.25155
-5.25489
-5.26722
-5.28742
-5.31309
-5.3396
-5.36597
-5.39063
-5.40893
-5.4217
-5.42974
-5.43135
-5.42583
-5.41501
-5.39913
-5.38181
-5.36096
-5.33775
-5.31303
-5.28661
-5.26068
-5.2388
-5.22282
-5.2187
-5.22484
-5.2425
-5.26543
-5.29058
-5.31445
-5.3369
-5.35339
-5.36626
-5.37328
-5.37516
-5.37291
-5.36611
-5.3546
-5.33892
-5.32244
-5.30519
-5.28775
-5.27066
-5.25609
-5.24459
-5.23948
-5.24117
-5.24983
-5.26396
-5.28012
-5.29715
-5.3136
-5.32819
-5.33927
-5.34585
-5.34816
-5.34715
-5.34204
-5.3302
-5.31498
-5.2956
-5.27383
-5.24982
-5.22587
-5.202
-5.18219
-5.16598
-5.15534
-5.15022
-5.15195
-5.16063
-5.17485
-5.1939
-5.21454
-5.23506
-5.25342
-5.26829
-5.28025
-5.2873
-5.29109
-5.29037
-5.2857
-5.27621
-5.2655
-5.25434
-5.24507
-5.23898
-5.23807
-5.2411
