1.09943
1.09799
1.09736
1.09875
1.10247
1.10792
1.11392
1.11921
1.12281
1.12425
1.1235
1.12087
1.11653
1.11048
1.10262
1.09302
1.08211
1.07056
1.05891
1.04752
1.03682
1.02766
1.02141
1.0196
1.02331
1.03287
1.04788
1.06736
1.08985
1.11348
1.13626
1.15637
1.17249
1.18404
1.19116
1.19454
1.19493
1.19266
1.1874
1.1782
1.16408
1.14474
1.1214
1.09711
1.07641
1.06364
1.06092
1.06695
1.07775
1.0887
1.09617
1.09816
1.09415
1.08472
1.07131
1.05589
1.04066
1.0275
1.0176
1.01161
1.00986
1.01242
1.01876
1.02757
1.03677
1.04392
1.04689
1.0445
1.0371
1.02664
1.01617
1.00859
1.00548
1.00693
1.01236
1.02161
1.03512
1.05299
1.07395
1.09518
1.11334
1.12589
1.13198
1.13236
1.12886
1.1235
1.11789
1.11284
1.10837
1.10399
1.09902
1.09283
1.08518
1.07636
1.06716
1.05847
1.05072
1.04375
1.03724
1.03147
