-3.34774
-3.34849
-3.34819
-3.34759
-3.34683
-3.34744
-3.3491
-3.3494
-3.34971
-3.34865
-3.34804
-3.34789
-3.34834
-3.34819
-3.34819
-3.34955
-3.34895
-3.34835
-3.3485
-3.34865
-3.34804
-3.34819
-3.34758
-3.34773
-3.34728
-3.34713
-3.34713
-3.34744
-3.34819
-3.34895
-3.34895
-3.34895
-3.34926
-3.34911
-3.3491
-3.34804
-3.34789
-3.34804
-3.34758
-3.34683
-3.34669
-3.34759
-3.34669
-3.34533
-3.34608
-3.34653
-3.34683
-3.34577
-3.34607
-3.34622
-3.34653
-3.34517
-3.34487
-3.34623
-3.34684
-3.34714
-3.34608
-3.34668
-3.34547
-3.34653
-3.34728
-3.34804
-3.34744
-3.34774
-3.34713
-3.34744
-3.34759
-3.34834
-3.34804
-3.34638
-3.34517
-3.34653
-3.34653
-3.34577
-3.34517
-3.34517
-3.34593
-3.34593
-3.34592
-3.34638
-3.34562
-3.34562
-3.34637
-3.34637
-3.34531
-3.34486
-3.34366
-3.34335
-3.34335
-3.3432
-3.34411
-3.34426
-3.34321
-3.34336
-3.34411
-3.34411
-3.34501
-3.34562
-3.34562
-3.34653
