-5.10073
-5.09812
-5.09777
-5.10061
-5.10726
-5.11587
-5.12443
-5.1316
-5.13686
-5.13916
-5.1382
-5.13365
-5.12668
-5.11746
-5.10672
-5.09323
-5.07732
-5.05954
-5.04176
-5.02407
-5.00741
-4.99323
-4.98461
-4.98204
-4.98609
-5.00089
-5.02371
-5.05369
-5.08847
-5.12332
-5.15719
-5.18842
-5.21245
-5.22961
-5.24044
-5.24581
-5.24519
-5.24331
-5.23556
-5.22026
-5.19862
-5.16871
-5.13429
-5.09725
-5.06634
-5.04674
-5.04251
-5.0511
-5.06761
-5.08449
-5.09645
-5.09883
-5.09221
-5.07762
-5.05719
-5.03512
-5.01227
-4.99253
-4.97692
-4.96779
-4.96442
-4.9681
-4.97715
-4.98992
-5.00327
-5.0137
-5.01815
-5.01578
-5.00558
-4.98989
-4.97464
-4.96357
-4.95906
-4.96198
-4.97058
-4.984
-5.00456
-5.03092
-5.06236
-5.09528
-5.1219
-5.14103
-5.15062
-5.15134
-5.14548
-5.13774
-5.12948
-5.12115
-5.11429
-5.10803
-5.09982
-5.09083
-5.07921
-5.06553
-5.05203
-5.03944
-5.02766
-5.01661
-5.0073
-4.99835
