-4.99194
-4.99102
-4.99545
-5.00562
-5.0189
-5.03315
-5.04516
-5.05105
-5.05227
-5.04872
-5.04404
-5.0398
-5.037
-5.03465
-5.03344
-5.0345
-5.03414
-5.03308
-5.03019
-5.02304
-5.01087
-4.99783
-4.98688
-4.98359
-4.98818
-5.00062
-5.01849
-5.0395
-5.06157
-5.08215
-5.09845
-5.10921
-5.11306
-5.10857
-5.09748
-5.08206
-5.06975
-5.06532
-5.07028
-5.08259
-5.09716
-5.10774
-5.1066
-5.09311
-5.07063
-5.03992
-5.00642
-4.97584
-4.95772
-4.95442
-4.96489
-4.98156
-5.00012
-5.01586
-5.02391
-5.0248
-5.01912
-5.01226
-5.00295
-4.9967
-4.99151
-4.98756
-4.983
-4.97965
-4.97538
-4.97184
-4.96808
-4.96558
-4.96417
-4.96525
-4.97161
-4.98552
-5.00295
-5.02385
-5.04708
-5.06949
-5.08748
-5.09735
-5.09977
-5.09685
-5.08957
-5.08287
-5.07929
-5.07878
-5.081
-5.08613
-5.09059
-5.09465
-5.09834
-5.10368
-5.11343
-5.12367
-5.12883
-5.12676
-5.11567
-5.09678
-5.07629
-5.05681
-5.03907
-5.02292
