1.09613
1.09502
1.09817
1.10536
1.11471
1.12381
1.1307
1.13443
1.13504
1.13338
1.13067
1.12794
1.12577
1.1243
1.1235
1.1233
1.12346
1.12316
1.12113
1.11626
1.10855
1.09976
1.09286
1.09057
1.09393
1.10232
1.11424
1.12804
1.14225
1.15547
1.16633
1.1735
1.17587
1.17297
1.16559
1.15602
1.14791
1.14485
1.14846
1.15718
1.16698
1.17343
1.17327
1.16519
1.1497
1.12892
1.10639
1.08671
1.07443
1.07213
1.07891
1.09092
1.10349
1.11309
1.11805
1.11844
1.11536
1.11039
1.10499
1.10011
1.09615
1.09301
1.09038
1.08794
1.0855
1.08293
1.08033
1.07816
1.07742
1.07925
1.0843
1.09267
1.10428
1.11872
1.13461
1.14954
1.16104
1.16762
1.16923
1.16698
1.16263
1.15817
1.15528
1.15494
1.15712
1.16084
1.16462
1.16753
1.16999
1.17365
1.17955
1.18627
1.19042
1.18893
1.18104
1.16845
1.15418
1.14079
1.12896
1.1176
