-3.99427
-3.99472
-3.99487
-3.99502
-3.99502
-3.99517
-3.99532
-3.99607
-3.99501
-3.99637
-3.99637
-3.99622
-3.99607
-3.99516
-3.99456
-3.99471
-3.99577
-3.99593
-3.99668
-3.99835
-3.99759
-3.99638
-3.99638
-3.99638
-3.99563
-3.99532
-3.99457
-3.99578
-3.99593
-3.99562
-3.99547
-3.99472
-3.99411
-3.99441
-3.99365
-3.99426
-3.99335
-3.99396
-3.99366
-3.99351
-3.99321
-3.99457
-3.99411
-3.99472
-3.99442
-3.99396
-3.99426
-3.99457
-3.99411
-3.9926
-3.99245
-3.99275
-3.9932
-3.99335
-3.99396
-3.99366
-3.99381
-3.99366
-3.99366
-3.99396
-3.99336
-3.9929
-3.9929
-3.99336
-3.99351
-3.9929
-3.99215
-3.99245
-3.99321
-3.99185
-3.99155
-3.99109
-3.99139
-3.99139
-3.99185
-3.99109
-3.99154
-3.99139
-3.99154
-3.99109
-3.99079
-3.99064
-3.99003
-3.99003
-3.98973
-3.98973
-3.98974
-3.98943
-3.98989
-3.98928
-3.98944
-3.98928
-3.98943
-3.98853
-3.98883
-3.98898
-3.98898
-3.98837
-3.98852
-3.98867
