-3.5918
-3.5921
-3.59195
-3.59104
-3.58983
-3.59044
-3.59074
-3.58968
-3.58998
-3.59059
-3.59104
-3.59074
-3.59014
-3.58908
-3.58832
-3.58696
-3.58817
-3.58787
-3.58847
-3.58953
-3.58969
-3.59014
-3.59059
-3.59075
-3.5915
-3.59105
-3.59225
-3.59225
-3.5918
-3.59315
-3.59361
-3.59361
-3.59271
-3.59255
-3.59301
-3.59271
-3.59255
-3.5927
-3.59255
-3.59391
-3.59467
-3.59542
-3.59497
-3.59588
-3.59694
-3.59663
-3.59633
-3.59678
-3.59633
-3.59724
-3.59815
-3.59784
-3.59799
-3.59769
-3.59799
-3.59769
-3.59769
-3.59799
-3.59663
-3.59572
-3.59406
-3.59316
-3.59422
-3.59422
-3.59407
-3.59346
-3.59301
-3.59195
-3.59119
-3.59135
-3.59165
-3.59105
-3.5915
-3.59225
-3.59164
-3.59149
-3.5918
-3.5924
-3.59165
-3.59135
-3.5915
-3.59135
-3.59271
-3.59195
-3.59286
-3.59316
-3.59346
-3.59361
-3.59225
-3.59104
-3.59104
-3.59104
-3.59104
-3.59104
-3.59104
-3.59089
-3.59044
-3.59059
-3.59135
-3.59165
