1.64908
1.63079
1.61232
1.59724
1.5895
1.59038
1.59707
1.60415
1.60649
1.60151
1.58986
1.57485
1.5607
1.55099
1.54744
1.55005
1.55823
1.5719
1.59148
1.61689
1.64659
1.67772
1.70724
1.73262
1.75211
1.76451
1.76885
1.76477
1.75316
1.73662
1.71891
1.70365
1.69292
1.68682
1.68414
1.68329
1.68303
1.68263
1.6819
1.68101
1.68032
1.68004
1.68007
1.67988
1.67834
1.67361
1.66348
1.64643
1.62288
1.59622
1.5722
1.55652
1.55177
1.55603
1.56431
1.57144
1.57389
1.57019
1.56053
1.54606
1.5284
1.50937
1.49128
1.47746
1.47173
1.47665
1.49197
1.51495
1.54209
1.57079
1.5999
1.62944
1.65969
1.69011
1.71896
1.74356
1.76122
1.77006
1.76927
1.75912
1.74077
1.71623
1.68834
1.66042
1.63531
1.61442
1.59742
1.58325
1.57204
1.56633
1.57032
1.58666
1.61343
1.64474
1.67437
1.69853
1.7161
1.72754
1.73366
1.73483
1.73073
1.72069
1.70419
1.68131
1.65314
1.62176
1.59025
1.56195
1.53947
1.52402
1.51544
1.51287
1.51528
1.52167
1.53096
1.54201
1.55371
1.56517
1.57575
1.58514
1.59337
1.60077
1.60799
1.61573
1.62444
1.63405
1.64393
1.65306
1.6604
1.6652
1.667
1.66522
1.65914
1.64801
1.63152
1.61024
1.58598
1.56163
1.5408
1.52693
1.52239
1.52762
1.54106
1.55973
1.58013
1.59905
1.61386
1.6227
1.6246
1.61969
1.60973
1.59859
1.59189
1.59539
1.61264
1.64345
1.68414
1.72885
1.77123
1.80576
1.82859
1.83782
1.83343
1.81697
1.79114
1.75933
1.72539
1.69322
1.66651
1.64822
1.63988
1.6408
1.64809
1.65745
1.66463
1.66643
1.66133
1.64945
1.63248
1.61339
1.59578
1.58292
1.57694
1.57825
1.58568
1.59709
1.61004
1.62243
1.63298
1.64131
1.64785
1.65337
1.65851
1.66352
1.66814
1.67188
1.67428
1.6754
1.67588
1.67692
1.67962
1.68451
1.69142
1.69979
1.70904
1.71869
1.72816
1.7365
1.74247
1.74481
1.7427
1.73618
1.72621
1.71451
1.70288
1.69242
1.68323
1.67456
1.66562
1.65616
1.64662
1.63772
1.63005
1.62405
1.62018
1.61876
1.61985
1.62312
1.62757
1.63135
1.63165
1.62549
1.61117
1.58979
1.56606
1.54763
1.54234
1.55473
1.58357
1.62238
1.66248
1.69651
1.72001
1.73146
1.73152
1.72243
1.70754
1.69084
1.67651
1.66809
1.66777
1.67585
1.69051
1.70846
1.72644
1.74237
1.75547
1.76504
1.76941
1.76612
1.75309
1.73026
1.70022
1.6679
1.63878
1.61704
1.6043
1.5998
1.60157
1.60739
1.6153
1.62397
1.63296
1.64268
1.65408
1.66816
1.68551
1.70588
1.72776
1.74841
1.76481
1.77467
1.77719
1.773
1.76361
1.75053
1.7348
1.71689
1.69697
1.67509
1.65136
1.62601
1.59959
1.57335
1.54945
1.53053
1.51876
1.51499
1.5185
1.52771
1.54103
1.55738
1.57586
1.59513
1.61316
1.62769
1.63684
1.63981
1.63704
1.6301
1.62111
1.61188
1.60318
1.59477
1.58601
1.5766
1.56701
1.55826
1.5511
1.54546
1.54068
1.53645
1.5334
1.53272
1.53543
1.54209
1.55294
1.56784
1.58606
1.60642
1.62776
1.64931
1.67059
1.69114
1.71036
1.72743
1.74123
1.75048
1.75396
1.75069
1.74016
1.72251
1.69877
1.67103
1.64211
1.61489
1.59157
1.57314
1.55902
1.54725
1.53512
1.5204
1.50263
1.48395
1.4687
1.46193
1.46723
1.48529
1.51331
1.54505
1.57221
1.58684
1.58426
1.56534
1.53742
1.51202
1.49941
1.50419
1.52529
1.55823
1.59668
1.63365
1.66305
1.68118
1.68715
1.68247
1.6701
1.65343
1.63557
1.61908
1.60598
1.59766
1.59463
1.59625
1.60066
1.60516
1.60693
1.60418
1.59688
1.58696
1.57793
1.57377
1.5773
1.58894
1.60656
1.62653
1.64506
1.65906
1.66645
1.66644
1.66018
1.65127
1.64468
1.64377
1.64785
1.65316
1.65559
1.65292
1.64597
1.63926
1.63971
1.65163
1.67203
1.69233
1.7042
1.70309
1.68838
1.66224
1.62854
1.59204
1.55762
1.5294
1.51
1.50019
1.4993
1.50604
1.51923
1.538
1.56108
1.58577
1.60778
1.6225
1.62706
1.62168
1.60943
1.59417
1.57807
1.56094
1.54195
1.52205
1.50486
1.49541
1.4973
1.51041
1.53082
1.55296
1.5721
1.58576
1.59376
1.59763
1.59981
1.60301
1.60947
1.62022
1.63467
1.65072
1.66567
1.67728
1.68465
1.68844
1.69038
1.69218
1.69455
1.69705
1.69859
1.69839
1.69644
1.69368
1.69167
1.6921
1.69609
1.70353
1.71284
1.7216
1.72746
1.72902
1.72617
1.71994
1.71226
1.70515
1.70012
1.69757
1.69683
1.69682
1.69661
1.69581
1.69436
1.69223
1.68924
1.68507
1.6796
1.67322
1.66704
1.66269
1.66156
1.66401
1.66923
1.6759
1.68295
1.68983
1.69662
1.70354
1.7108
1.71852
1.72676
1.73562
1.74518
1.75517
1.76479
1.77256
1.77646
1.77437
1.76456
1.74629
1.72033
1.68913
1.65648
1.62665
1.60311
1.58738
1.57859
1.57409
1.57076
1.56634
1.56019
1.55321
1.54749
1.54538
1.5485
1.5572
1.57038
1.58581
1.60075
1.61286
1.62097
1.62558
1.62833
1.63077
1.63333
1.63546
1.63689
1.63863
1.64283
1.65152
1.66547
1.68384
1.70464
1.72542
1.74406
1.75926
1.77075
1.77893
1.78443
1.78747
1.78766
1.78432
1.77736
1.76763
1.75647
1.74454
1.7315
1.71665
1.70033
1.68445
1.67168
1.66364
1.65954
1.6565
1.6511
1.6414
1.62783
1.61292
1.60014
1.59232
1.59054
1.59407
1.60115
1.61014
1.61996
1.63012
1.64053
1.6513
1.66249
1.67385
1.68455
1.69334
1.6988
1.69974
1.69531
1.68517
1.66972
1.65031
1.62904
1.60839
1.59041
1.57621
1.56572
1.55821
1.55295
1.54985
1.54945
1.5525
1.5594
1.57003
1.58389
1.60044
1.61903
1.63878
1.65839
1.67608
1.68969
1.69711
1.69682
1.68855
1.67367
1.65514
1.63699
1.62294
1.6151
1.61366
1.61739
1.62449
1.63285
1.64019
1.64429
1.64324
1.63584
1.62186
1.60225
1.57912
1.55556
1.53516
1.52119
1.51595
1.51988
1.53138
1.54724
1.56368
1.57749
1.58692
1.59197
1.59426
1.59656
1.60177
1.61178
1.62652
1.64366
1.65939
1.6695
1.67063
1.66122
1.64229
1.61761
1.59254
1.57128
1.55447
1.53979
1.5248
1.50913
1.49407
1.48098
1.47015
1.46118
1.45417
1.45001
1.4498
1.45411
1.463
1.47673
1.49598
1.52097
1.55019
1.58023
1.60713
1.62802
1.64166
1.64826
1.64905
1.64584
1.64051
1.63435
1.62763
1.61943
1.60837
1.59343
1.57463
1.55323
1.5313
1.51102
1.4942
1.4821
1.47519
1.47269
1.4727
1.47297
1.47252
1.4731
1.47869
1.49239
1.51306
1.5359
1.55589
1.57026
1.57847
1.58135
1.57996
1.57501
1.56672
1.55542
1.54244
1.53061
1.52366
1.52476
1.5347
1.55134
1.57086
1.58985
1.60658
1.62118
1.635
1.64933
1.66422
1.67816
1.68904
1.6955
1.6978
1.69758
1.69639
1.6944
1.6903
1.68262
1.67133
1.65835
1.64667
1.63907
1.63744
1.6427
1.65502
1.67329
1.69451
1.71407
1.72722
1.73105
1.72592
1.71558
1.7056
1.70076
1.70293
1.71107
1.72256
1.73457
1.74474
1.7513
1.75315
1.75013
1.74287
1.73264
1.72073
1.7078
1.69384
1.67855
1.66216
1.64612
1.63324
1.62703
1.63023
1.64336
1.66415
1.68836
1.71137
1.72948
1.74045
1.74367
1.74024
1.73317
1.72733
1.72785
1.73714
1.75281
1.7696
1.7835
1.79417
1.8045
1.81786
1.83511
1.85355
1.86846
1.87559
1.87244
1.85853
1.83492
1.80375
1.76774
1.72945
1.69069
1.65213
1.61397
1.57705
1.54405
1.51959
1.50889
1.51511
1.53709
1.56958
1.606
1.64099
1.67123
1.69473
1.71002
1.71617
1.71374
1.70566
1.69699
1.693
1.69668
1.70777
1.72378
1.74181
1.75944
1.7743
1.78357
1.78411
1.77359
1.75136
1.71928
1.68226
1.64827
1.62623
1.62192
1.63487
1.65899
1.68605
1.70913
1.72429
1.73067
1.72975
1.72426
1.71734
1.71144
1.70764
1.70582
1.70546
1.70628
1.70832
1.71171
1.71621
1.72123
1.72599
1.7298
1.7322
1.73288
1.73152
1.72793
1.7223
1.7156
1.70929
1.7048
1.70276
1.7027
1.70331
1.70289
1.69977
1.6927
1.68098
1.66477
1.64506
1.62364
1.60271
1.58453
1.57098
1.56352
1.56308
1.56975
1.58263
1.59991
1.61917
1.63802
1.65444
1.66725
1.67643
1.68308
1.68873
1.6942
1.69859
1.69958
1.69495
1.68433
1.67053
1.6596
1.65816
1.6688
1.6874
1.70595
1.71716
1.71702
1.70494
1.68324
1.65646
1.63045
1.61124
1.60372
1.61023
1.62927
1.6554
1.68134
1.70095
1.71139
1.71316
1.70904
1.70236
1.69533
1.68823
1.67999
1.66943
1.65643
1.64228
1.62934
1.61998
1.6159
1.61756
1.6242
1.63404
1.64462
1.65324
1.65733
1.65518
1.64656
1.63338
1.62009
1.61282
1.61707
1.63472
1.66299
1.69632
1.72903
1.75689
1.77726
1.78895
1.79208
1.7879
1.77769
1.76154
1.73831
1.70729
1.67009
1.63114
1.59618
1.56995
1.55437
1.54841
1.54972
1.55617
1.56643
1.57937
1.59363
1.60766
1.62059
1.63258
1.64447
1.65698
1.66985
1.68161
1.69011
1.69347
1.69093
1.68312
1.67171
1.65872
1.64581
1.63382
1.62293
1.61321
1.60531
1.60076
1.60175
1.61031
1.62728
1.65178
1.68144
1.71318
1.74413
1.77195
1.79476
1.81093
1.81902
1.81827
1.80951
1.79571
1.78162
1.77176
1.76784
1.76794
1.76799
1.76394
1.75307
1.73422
1.70806
1.67737
1.64701
1.62271
1.60848
1.60471
1.60908
1.61947
1.63527
1.65583
1.67829
1.69792
1.71081
1.71588
1.71502
1.71155
1.70857
1.7078
1.70931
1.71193
1.71391
1.71357
1.70994
1.70294
1.69318
1.68179
1.6703
1.65997
1.65086
1.64164
1.63121
1.62
1.60939
1.60002
1.59121
1.58214
1.57322
1.56596
1.56159
1.56013
1.56081
1.5628
1.56548
1.568
1.5687
1.56527
1.55625
1.54333
1.53243
1.53133
1.54395
1.56753
1.59624
1.62573
1.6542
1.68119
1.70616
1.72792
1.74462
1.75438
1.75605
1.74964
1.73616
1.71706
1.69363
1.66696
1.63828
1.60895
1.58024
1.55327
1.52882
1.50743
1.48952
1.47587
1.46825
1.469
1.47959
1.49955
1.52647
1.55703
1.58796
1.61658
1.64114
1.66082
1.67538
1.68471
1.68847
1.68608
1.67717
1.66215
1.6423
1.61952
1.59601
1.57398
1.55578
1.54342
1.53774
1.53775
1.54062
1.54286
1.54191
1.53745
1.53172
1.52866
1.53252
1.54657
1.57223
1.60807
1.65013
1.69343
1.73376
1.76842
1.79618
1.81665
1.82959
1.83473
1.83204
1.82243
1.80822
1.79251
1.77788
1.76546
1.75515
1.74622
1.73754
1.72797
1.71695
1.70476
1.69244
1.68126
1.67232
1.66632
1.66346
1.66338
1.6652
1.66777
1.67
1.6711
1.67052
1.66772
1.66223
1.65423
1.64537
1.63893
1.63838
1.64539
1.65876
1.67502
1.68937
1.69709
1.6954
1.68506
1.67012
1.65612
1.64777
1.64748
1.65498
1.66778
1.68233
1.6954
1.70511
1.71099
1.71346
1.71299
1.7099
1.70468
1.69839
1.69259
1.68864
1.68691
1.68664
1.68637
1.68443
1.67957
1.67184
1.66346
1.65852
1.66078
1.67075
1.6852
1.69957
1.71053
1.71682
1.71858
1.71648
1.71117
1.70331
1.69379
1.684
1.67576
1.67079
1.67022
1.67409
1.68134
1.69028
1.69943
1.70835
1.71776
1.72847
1.74019
1.75112
1.75871
1.76084
1.75665
1.74686
1.73331
1.71807
1.70254
1.68728
1.67223
1.65711
1.64163
1.62563
1.60945
1.59407
1.58094
1.57146
1.56657
1.56649
1.57
1.57424
1.57563
1.57152
1.56139
1.54689
1.53114
1.51748
1.50821
1.5039
1.5038
1.50682
1.51254
1.52182
1.53641
1.5578
1.58574
1.61776
1.64972
1.67717
1.69661
1.70624
1.7062
1.69862
1.68716
1.67609
1.66932
1.66946
1.67726
1.69181
1.7109
1.73177
1.75171
1.76838
1.78005
1.78579
1.78579
1.78156
1.77563
1.77082
1.76919
1.77141
1.77718
1.78588
1.7968
1.80862
1.81925
1.82639
1.82826
1.82423
1.81477
1.80126
1.78562
1.76996
1.75603
1.74474
1.73599
1.72889
1.72216
1.71439
1.70429
1.69097
1.67419
1.65453
1.63322
1.61167
1.59138
1.57424
1.56304
1.5614
1.57248
1.59712
1.63288
1.67488
1.71758
1.75594
1.78583
1.80415
1.80945
1.80286
1.78876
1.77336
1.76131
1.75274
1.74437
1.73286
1.71682
1.6964
1.67231
1.64553
1.61808
1.59392
1.57859
1.57715
1.59139
1.61835
1.65152
1.68394
1.71072
1.72972
1.74083
1.74487
1.7429
1.73568
1.72379
1.70784
1.68874
1.66777
1.64658
1.62691
1.61031
1.59803
1.59088
1.58904
1.59202
1.59881
1.60825
1.6192
1.63041
1.64
1.64534
1.64379
1.63407
1.61713
1.59562
1.57229
1.54858
1.52429
1.49834
1.47004
1.44012
1.41128
1.38782
1.37404
1.37199
1.37998
1.39346
1.40775
1.42059
1.43269
1.44657
1.46447
1.48689
1.51213
1.53714
1.55915
1.57687
1.59091
1.60299
1.61478
1.62692
1.63873
1.64842
1.65366
1.65225
1.64275
1.62515
1.60128
1.57474
1.55026
1.5327
1.52608
1.53281
1.55291
1.58361
1.62
1.6566
1.68896
1.71454
1.73276
1.74457
1.75165
1.75549
1.75682
1.75565
1.75187
1.74574
1.73809
1.7299
1.72208
1.71544
1.71105
1.7102
1.71348
1.71974
1.7261
1.72937
1.72745
1.72007
1.70838
1.69417
1.67927
1.66544
1.65427
1.64703
1.64455
1.64765
1.65709
1.67294
1.69361
1.71609
1.73714
1.75443
1.76678
1.77389
1.77579
1.77249
1.76408
1.75087
1.73367
1.71345
1.69121
1.66765
1.64337
1.61909
1.59569
1.57399
1.55444
1.53718
1.52243
1.51094
1.50398
1.503
1.50864
1.51955
1.53219
1.54274
1.55048
1.5592
1.5741
1.59638
1.62187
1.64484
1.66152
1.67117
1.67511
1.67493
1.67096
1.66233
1.64835
1.62966
1.60813
1.58642
1.56738
1.55371
1.54693
1.54616
1.54867
1.5519
1.55463
1.55651
1.55711
1.55572
1.55176
1.54562
1.53899
1.53478
1.53618
1.54517
1.56181
1.58449
1.61069
1.63756
1.66227
1.6824
1.69639
1.70391
1.70576
1.70336
1.69799
1.69014
1.67973
1.66692
1.6528
1.63918
1.62788
1.62011
1.61651
1.61752
1.62343
1.63403
1.64832
1.66443
1.67978
1.6917
1.69802
1.69778
1.69161
1.68172
1.67126
1.66333
1.65991
1.66136
1.66639
1.67291
1.67886
1.68318
1.68602
1.68846
1.69175
1.69667
1.70333
1.71145
1.72066
1.73034
1.7392
1.74546
1.74746
1.74451
1.73722
1.72721
1.71695
1.70914
1.70584
1.70718
1.71076
1.71263
1.70892
1.69712
1.67662
1.64859
1.61558
1.5808
1.54758
1.51912
1.49848
1.48771
1.48647
1.49189
1.50018
1.50851
1.51619
1.52459
1.53603
1.55228
1.57324
1.59697
1.62046
1.64038
1.65372
1.65864
1.65531
1.64612
1.63528
1.62787
1.62865
1.64053
1.66367
1.69532
1.73108
1.76632
1.79725
1.82121
1.83679
1.84364
1.84249
1.83496
1.82329
1.80975
1.79615
1.78381
1.77354
1.76569
1.76012
1.75646
1.75422
1.75268
1.75068
1.74695
1.74091
1.73358
1.72763
1.72659
1.73308
1.74711
1.76571
1.78415
1.79773
1.80292
1.79798
1.78278
1.75868
1.72815
1.6944
1.66091
1.63111
1.60777
1.5925
1.58533
1.5846
1.58765
1.59172
1.59451
1.59444
1.59041
1.58167
1.56796
1.54996
1.52948
1.50944
1.49321
1.48363
1.48222
1.48894
1.50265
1.52177
1.54433
1.56766
1.58847
1.6038
1.61208
1.61376
1.61095
1.60634
1.60238
1.60084
1.60307
1.61029
1.62346
1.64248
1.66539
1.6885
1.70752
1.71899
1.72127
1.71476
1.7015
1.68451
1.66669
1.65022
1.63638
1.62585
1.61883
1.61496
1.61323
1.61218
1.61033
1.60657
1.60058
1.59299
1.58497
1.57752
1.57074
1.56397
1.55708
1.55134
1.54938
1.55424
1.5681
1.59152
1.62323
1.66036
1.69898
1.73484
1.76436
1.78539
1.79734
1.80077
1.79668
1.78587
1.76865
1.74507
1.71527
1.68047
1.64412
1.61195
1.58954
1.57892
1.5771
1.578
1.57607
1.56945
1.56103
1.5561
1.55808
1.56649
1.57878
1.5926
1.60626
1.61805
1.62607
1.62859
1.62462
1.61429
1.59867
1.57946
1.55886
1.54022
1.52861
1.52928
1.54429
1.5703
1.60043
1.62847
1.65201
1.67246
1.69221
1.71079
1.72391
1.7264
1.71592
1.6945
1.66751
1.6408
1.61746
1.59656
1.57476
1.54894
1.51808
1.48368
1.44925
1.41918
1.39745
1.38634
1.38584
1.39379
1.40686
1.42177
1.43615
1.44893
1.46104
1.47579
1.49746
1.52758
1.56256
1.59556
1.61999
1.63125
1.627
1.60735
1.57549
1.53799
1.50386
1.48173
1.47704
1.49061
1.51949
1.55881
1.60349
1.64915
1.69218
1.72961
1.75898
1.77852
1.78739
1.78581
1.77513
1.7573
1.73433
1.70777
1.67891
1.64926
1.62135
1.59878
1.58509
1.58218
1.58913
1.60253
1.61795
1.63168
1.64143
1.64609
1.64522
1.63884
1.6279
1.61453
1.60203
1.59406
1.59337
1.60086
1.61531
1.63375
1.65221
1.66664
1.67405
1.67329
1.66533
1.65291
1.63955
1.62816
1.61984
1.61342
1.60605
1.59465
1.57765
1.5564
1.53567
1.52257
1.5237
1.54142
1.57234
1.60958
1.64632
1.67759
1.69981
1.71045
1.70852
1.69599
1.67819
1.66133
1.64812
1.63645
1.62309
1.60786
1.59445
1.58828
1.59324
1.60943
1.63344
1.66008
1.68412
1.70139
1.70983
1.71007
1.70547
1.7007
1.69962
1.70345
1.71045
1.71707
1.71959
1.71528
1.70307
1.68366
1.65902
1.63154
1.60358
1.57747
1.55536
1.53869
1.52789
1.52255
1.52212
1.52643
1.53557
1.54938
1.56689
1.58625
1.605
1.62045
1.63018
1.6325
1.62686
1.6141
1.59643
1.57718
1.55995
1.54768
1.54173
1.54144
1.54445
1.54768
1.54869
1.54674
1.54322
1.54118
1.5443
1.55545
1.57565
1.60356
1.63579
1.66785
1.69531
1.71479
1.72459
1.72459
1.71582
1.69999
1.67945
1.65724
1.63709
1.62274
1.6166
1.61882
1.62756
1.64017
1.65387
1.66596
1.674
1.67646
1.67322
1.66564
1.65628
1.64816
1.64392
1.64484
1.65051
1.65891
1.66722
1.67276
1.67366
1.66923
1.65989
1.64701
1.63265
1.61937
1.60963
1.60529
1.60696
1.61386
1.62397
1.63466
1.64341
1.64846
1.64936
1.64696
1.64292
1.63865
1.63432
1.62864
1.62018
1.6087
1.59543
1.58215
1.57049
1.5616
1.55616
1.55407
1.55434
1.55583
1.55819
1.56245
1.57022
1.58243
1.59853
1.61676
1.63489
1.65083
1.66285
1.66982
1.67129
1.66777
1.66089
1.65354
1.6493
1.65125
1.66053
1.67593
1.69469
1.71417
1.73323
1.75233
1.77235
1.79308
1.81296
1.83017
1.84332
1.85147
1.85397
1.85048
1.84104
1.82639
1.80822
1.78905
1.77102
1.75455
1.73833
1.72082
1.70157
1.68145
1.66184
1.64384
1.62836
1.61716
1.61364
1.62128
1.64042
1.66636
1.69213
1.71269
1.72655
1.73453
1.73825
1.73918
1.73859
1.73745
1.73662
1.73674
1.73821
1.74095
1.74431
1.74731
1.74912
1.74935
1.74823
1.74646
1.74484
1.74385
1.74343
1.74311
1.74238
1.74098
1.73873
1.73557
1.73172
1.72795
1.7254
1.7249
1.72653
1.7297
1.73358
1.7375
1.74087
1.74296
1.74301
1.74036
1.73474
1.72634
1.71559
1.70292
1.68855
1.67255
1.65524
1.63786
1.62284
1.61328
1.61095
1.61466
1.62093
1.62647
1.62994
1.63186
1.63349
1.6358
1.63901
1.64261
1.64596
1.64868
1.65098
1.65352
1.65719
1.66265
1.67007
1.67911
1.6891
1.6992
1.70843
1.71586
1.72085
1.72324
1.72331
1.72154
1.71841
1.71445
1.71025
1.70614
1.70188
1.69664
1.68956
1.68059
1.671
1.66307
1.65923
1.66068
1.66657
1.67431
1.68076
1.68335
1.68077
1.67307
1.66149
1.64829
1.63659
1.62967
1.62985
1.63735
1.64988
1.66334
1.67357
1.67761
1.67435
1.66444
1.65021
1.6356
1.62529
1.62292
1.62913
1.64135
1.65539
1.66753
1.67576
1.68004
1.6817
1.68267
1.68459
1.68818
1.69301
1.69789
1.70145
1.70267
1.70105
1.6966
1.6897
1.68106
1.67178
1.66346
1.65808
1.65753
1.66305
1.67468
1.69129
1.71075
1.73034
1.74716
1.75854
1.76249
1.75793
1.74494
1.72467
1.69925
1.67157
1.64486
1.62199
1.60474
1.59353
1.58759
1.58535
1.58483
1.58399
1.58133
1.5764
1.57009
1.56438
1.56166
1.56363
1.57038
1.58008
1.58956
1.59564
1.5962
1.59081
1.58072
1.56828
1.55655
1.54861
1.54683
1.55209
1.56317
1.5768
1.58867
1.59515
1.59504
1.59053
1.58632
1.58718
1.59525
1.60889
1.62396
1.63601
1.64191
1.64022
1.63095
1.61512
1.59443
1.57102
1.54743
1.5268
1.51273
1.50863
1.51628
1.5347
1.56018
1.58753
1.61196
1.63074
1.6439
1.65377
1.66305
1.67288
1.68236
1.68965
1.69351
1.69396
1.692
1.68905
1.68627
1.68459
1.68522
1.68996
1.70068
1.71817
1.74115
1.7664
1.78994
1.80839
1.81984
1.82397
1.82156
1.81356
1.80027
1.78123
1.75596
1.725
1.69036
1.65527
1.62334
1.59738
1.57894
1.56831
1.56522
1.56943
1.5805
1.59707
1.61614
1.63344
1.64478
1.64767
1.64255
1.6326
1.62206
1.61392
1.60838
1.60374
1.59876
1.59419
1.59235
1.5955
1.60408
1.6163
1.6292
1.64
1.64708
1.65014
1.65019
1.64912
1.64866
1.64953
1.65191
1.65621
1.66317
1.67301
1.6847
1.69591
1.70379
1.70579
1.70037
1.68714
1.6669
1.6414
1.61331
1.58626
1.56447
1.55185
1.55063
1.56066
1.57992
1.60564
1.63513
1.66625
1.69747
1.72755
1.75491
1.77737
1.79267
1.79946
1.798
1.78976
1.77662
1.76012
1.7416
1.72267
1.70507
1.69007
1.67788
1.66789
1.65939
1.65236
1.64786
1.64775
1.65398
1.66751
1.68768
1.71219
1.73756
1.76007
1.77668
1.78621
1.78976
1.79023
1.791
1.79427
1.80038
1.80777
1.81349
1.81424
1.80744
1.79195
1.76838
1.73892
1.70703
1.67676
1.65192
1.63521
1.62752
1.62779
1.63355
1.64194
1.65069
1.65843
1.66462
1.66891
1.67067
1.66882
1.66217
1.65002
1.63277
1.61201
1.59023
1.5702
1.55458
1.54585
1.54621
1.55705
1.57792
1.60597
1.63664
1.66528
1.68846
1.70448
1.71322
1.7155
1.71271
1.70658
1.69924
1.69313
1.69048
1.69245
1.69871
1.70768
1.7174
1.72626
1.73325
1.73792
1.74002
1.73942
1.73607
1.73019
1.72232
1.71329
1.70415
1.69592
1.68952
1.68556
1.68437
1.68589
1.68971
1.69498
1.70057
1.70538
1.70883
1.71101
1.71266
1.71483
1.71858
1.72462
1.73279
1.74178
1.74943
1.75349
1.75232
1.74532
1.73287
1.71623
1.69725
1.6779
1.65961
1.64313
1.62889
1.61753
1.60986
1.6062
1.60564
1.60625
1.60598
1.60352
1.59856
1.59164
1.5839
1.57687
1.57228
1.5717
1.57608
1.58564
1.59996
1.61807
1.6383
1.65845
1.67646
1.69142
1.70363
1.71331
1.71935
1.71968
1.7132
1.7017
1.68975
1.68191
1.67955
1.68078
1.68313
1.68527
1.6865
1.68614
1.68377
1.67978
1.67572
1.67402
1.67693
1.68516
1.69724
1.70999
1.7198
1.72371
1.72019
1.70947
1.69355
1.67571
1.65936
1.64712
1.64017
1.63808
1.63909
1.64082
1.6414
1.64025
1.63799
1.63563
1.63381
1.63247
1.63115
1.62934
1.62657
1.62262
1.61756
1.61193
1.60679
1.60346
1.60319
1.6066
1.61331
1.62208
1.63137
1.63998
1.6472
1.65255
1.6554
1.65502
1.65108
1.64399
1.635
1.62573
1.61755
1.61105
1.60596
1.60155
1.59727
1.59346
1.59098
1.59001
1.5891
1.58565
1.57741
1.56358
1.54545
1.52679
1.51325
1.5095
1.51632
1.53072
1.54874
1.56755
1.5859
1.60351
1.62054
1.63722
1.65377
1.67038
1.68711
1.70362
1.71882
1.73082
1.73719
1.73571
1.72517
1.70607
1.68087
1.65337
1.62733
1.60516
1.58764
1.57472
1.56639
1.56252
1.56208
1.56301
1.56282
1.55949
1.5522
1.54188
1.53106
1.52304
1.52058
1.52467
1.5343
1.54731
1.56146
1.57497
1.58661
1.59549
1.60103
1.603
1.6017
1.59799
1.59281
1.58652
1.57857
1.56797
1.55397
1.53666
1.51726
1.49861
1.48573
1.48548
1.50366
1.54096
1.59139
1.64545
1.69435
1.73218
1.75604
1.76542
1.76176
1.7482
1.72941
1.71084
1.69714
1.69011
1.68817
1.68797
1.6869
1.68447
1.6821
1.68192
1.68543
1.69247
1.70076
1.70653
1.70584
1.69636
1.6788
1.65753
1.6393
1.62961
1.62912
1.63358
1.63707
1.63527
1.62679
1.61277
1.59608
1.58027
1.56856
1.56332
1.5659
1.57671
1.59511
1.61923
1.6464
1.67378
1.69873
1.71871
1.73113
1.7334
1.72328
1.69951
1.66273
1.61656
1.56825
1.52814
1.50678
1.50992
1.53528
1.57393
1.61509
1.65007
1.67346
1.68299
1.67913
1.66513
1.64656
1.62962
1.61843
1.61326
1.61119
1.60826
1.60148
1.58989
1.57517
1.56139
1.55341
1.55421
1.56346
1.57876
1.59785
1.61963
1.64358
1.66905
1.69502
1.72029
1.74373
1.76393
1.77905
1.78693
1.78594
1.77596
1.75902
1.73893
1.71995
1.70528
1.69652
1.69419
1.69819
1.7079
1.72187
1.73805
1.75414
1.76821
1.77899
1.78583
1.78848
1.78668
1.78012
1.76846
1.75174
1.73092
1.70832
1.68753
1.67241
1.66527
1.66563
1.67077
1.67746
1.68318
1.68639
1.68626
1.68269
1.67673
1.67098
1.66899
1.67307
1.68235
1.69292
1.69986
1.69928
1.68906
1.66897
1.64073
1.60789
1.57566
1.54981
1.5351
1.53363
1.54419
1.56286
1.58445
1.60411
1.61866
1.62705
1.62982
1.62824
1.62345
1.6162
1.60714
1.59751
1.58947
1.58597
1.58967
1.60099
1.61679
1.63123
1.63872
1.63672
1.62721
1.61574
1.60825
1.60732
1.61174
1.6191
1.62815
1.63885
1.65112
1.66413
1.6766
1.6874
1.69573
1.70093
1.70194
1.69733
1.6856
1.6658
1.63815
1.60443
1.56797
1.53319
1.50478
1.4865
1.48026
1.48602
1.5023
1.52713
1.55818
1.59241
1.62583
1.65424
1.67445
1.68489
1.68555
1.67791
1.66487
1.65047
1.63865
1.63144
1.62852
1.62842
1.63007
1.63351
1.63956
1.64909
1.66229
1.67841
1.69601
1.71326
1.72836
1.73968
1.74595
1.74632
1.74028
1.7276
1.70813
1.68182
1.64924
1.61224
1.57429
1.54016
1.51457
1.50046
1.49788
1.5042
1.51581
1.52964
1.54378
1.55736
1.57002
1.58137
1.59089
1.59802
1.60247
1.60434
1.60403
1.60209
1.59916
1.59629
1.59497
1.59616
1.59923
1.60215
1.6031
1.60207
1.60095
1.6024
1.6083
1.61869
1.63199
1.64588
1.65843
1.66873
1.67697
1.68397
1.69042
1.69657
1.70225
1.7072
1.7112
1.71404
1.7153
1.71424
1.70983
1.7009
1.68675
1.66775
1.64573
1.62426
1.60837
1.60341
1.61264
1.6351
1.66577
1.69812
1.7265
1.74724
1.75855
1.76035
1.75426
1.7436
1.73238
1.72353
1.71765
1.71329
1.7081
1.70006
1.6878
1.67057
1.64797
1.61995
1.58752
1.55357
1.5231
1.50198
1.49463
1.50183
1.5206
1.54583
1.57239
1.59641
1.61538
1.62762
1.63231
1.62978
1.62209
1.61293
1.60686
1.60773
1.61739
1.63525
1.65863
1.68378
1.70671
1.72417
1.73418
1.7366
1.73341
1.72867
1.72775
1.73527
1.75278
1.77775
1.80502
1.82901
1.8453
1.85106
1.84486
1.8265
1.79704
1.75894
1.71614
1.67355
1.63596
1.6068
1.58769
1.5788
1.57932
1.58751
1.60075
1.61573
1.62896
1.63748
1.63965
1.63576
1.62826
1.6213
1.61964
1.62662
1.64248
1.66439
1.68821
1.71024
1.72804
1.74058
1.74808
1.75187
1.75368
1.75498
1.75634
1.75718
1.7562
1.75189
1.74292
1.7283
1.70737
1.68005
1.64737
1.612
1.5782
1.55074
1.53316
1.52635
1.52861
1.53664
1.54708
1.5575
1.56671
1.57449
1.58094
1.58603
1.58933
1.59017
1.58798
1.58275
1.57548
1.56849
1.56496
1.56729
1.57531
1.58639
1.59748
1.60677
1.61361
1.61786
1.61956
1.61908
1.61712
1.6144
1.61138
1.60798
1.60387
1.59878
1.59308
1.58794
1.58526
1.58733
1.59619
1.6129
1.63703
1.66664
1.69879
1.73024
1.75809
1.78005
1.79438
1.79989
1.79608
1.78363
1.76503
1.74464
1.72701
1.71388
1.70286
1.68954
1.67097
1.64718
1.62067
1.59475
1.57201
1.55342
1.53842
1.52586
1.51489
1.50551
1.49843
1.49489
1.49672
1.5063
1.52573
1.55526
1.59218
1.63141
1.66742
1.69602
1.71507
1.72418
1.72428
1.71677
1.70329
1.68568
1.66624
1.64786
1.63384
1.62707
1.62883
1.63805
1.65142
1.66469
1.67435
1.67887
1.6789
1.67631
1.67319
1.67155
1.67286
1.67687
1.68109
1.68214
1.67805
1.66893
1.65591
1.64012
1.62245
1.60386
1.58569
1.56987
1.55895
1.55581
1.56276
1.58017
1.6054
1.63284
1.65566
1.66828
1.66838
1.65744
1.63985
1.62101
1.60525
1.59411
1.5863
1.57988
1.57434
1.5708
1.57071
1.57463
1.58179
1.59047
1.59892
1.60639
1.61376
1.62321
1.6365
1.65351
1.67209
1.68947
1.70351
1.71309
1.71794
1.71839
1.71498
1.70829
1.69897
1.68816
1.67753
1.6685
1.66067
1.65135
1.63707
1.61585
1.58873
1.55979
1.53466
1.51821
1.51268
1.51735
1.52964
1.54652
1.56509
1.58239
1.59544
1.60207
1.60179
1.59609
1.58781
1.58035
1.5767
1.57872
1.5866
1.59873
1.61238
1.6247
1.63378
1.63939
1.64291
1.64668
1.65276
1.66201
1.67374
1.68619
1.69715
1.70468
1.7076
1.70552
1.69879
1.68835
1.67539
1.66099
1.64569
1.62946
1.61258
1.59683
1.58541
1.58153
1.58649
1.59929
1.61744
1.63797
1.65799
1.67485
1.68631
1.69076
1.68752
1.67736
1.66262
1.64666
1.63254
1.62152
1.61257
1.60358
1.59346
1.58343
1.57638
1.57511
1.58071
1.59218
1.60682
1.62121
1.63235
1.63853
1.63974
1.63768
1.63524
1.63534
1.63957
1.64718
1.65531
1.66023
1.65905
1.65074
1.6362
1.61766
1.59771
1.57865
1.56268
1.55258
1.55143
1.56125
1.58139
1.6083
1.63669
1.66099
1.67676
1.68132
1.67386
1.65528
1.62806
1.5963
1.5653
1.54013
1.52406
1.51773
1.51975
1.52782
1.53964
1.5533
1.56743
1.5811
1.59384
1.60589
1.61853
1.6338
1.65315
1.67628
1.70118
1.72496
1.74469
1.75783
1.76273
1.75915
1.74828
1.7322
1.71286
1.69139
1.66813
1.64328
1.61769
1.59295
1.5709
1.55282
1.53908
1.5293
1.52309
1.52057
1.52254
1.5301
1.54411
1.56436
1.58916
1.61569
1.64107
1.6634
1.682
1.69719
1.70951
1.71913
1.72538
1.7267
1.72102
1.7063
1.68153
1.64789
1.6099
1.57515
1.55091
1.53983
1.53925
1.54493
1.55443
1.56708
1.5824
1.599
1.61457
1.62661
1.63332
1.63411
1.62977
1.62202
1.61295
1.60428
1.59697
1.59114
1.58626
1.58154
1.57627
1.56988
1.56186
1.55196
1.54063
1.52923
1.51943
1.5121
1.50671
1.50172
1.49585
1.48904
1.48258
1.47858
1.47904
1.48532
1.49796
1.51673
1.54048
1.56742
1.59557
1.62338
1.6502
1.6762
1.70186
1.7271
1.75072
1.77054
1.78419
1.78991
1.78731
1.77739
1.76222
1.74428
1.72573
1.7081
1.69228
1.67873
1.66776
1.65963
1.65453
1.65245
1.65314
1.6561
1.6607
1.66643
1.67295
1.67995
1.68688
1.69286
1.69681
1.69803
1.69676
1.69442
1.69308
1.69467
1.70043
1.71081
1.72557
1.74392
1.76491
1.78761
1.81104
1.83388
1.85419
1.86951
1.87715
1.87478
1.86093
1.83564
1.80105
1.76137
1.72215
1.6886
1.66384
1.64819
1.63981
1.63611
1.63486
1.63457
1.6342
1.6328
1.62928
1.62249
1.61149
1.5959
1.57616
1.55356
1.53024
1.50883
1.49208
1.48234
1.48128
1.48975
1.50759
1.53321
1.56353
1.59463
1.62286
1.64566
1.66206
1.67238
1.67791
1.68032
1.68111
1.68138
1.6816
1.6818
1.6816
1.68029
1.67693
1.67052
1.66019
1.64553
1.62685
1.60514
1.58185
1.5584
1.5357
1.51397
1.49295
1.47268
1.4544
1.44107
1.43712
1.44698
1.47242
1.51057
1.55478
1.59792
1.63498
1.66357
1.68305
1.69372
1.696
1.69034
1.67736
1.65851
1.6363
1.61398
1.59464
1.58024
1.57148
1.56831
1.57031
1.57638
1.58438
1.59166
1.59594
1.59617
1.59311
1.58904
1.58691
1.58919
1.59701
1.60989
1.62596
1.64255
1.65685
1.66665
1.67088
1.66959
1.66355
1.65368
1.64072
1.62525
1.6077
1.58819
1.56627
1.54113
1.51283
1.48417
1.46131
1.45065
1.45353
1.4658
1.48253
1.50181
1.52444
1.55186
1.58428
1.6198
1.65475
1.68469
1.70575
1.71543
1.71337
1.70164
1.68458
1.6675
1.65433
1.64592
1.64007
1.63306
1.62142
1.60318
1.57852
1.54959
1.5199
1.49331
1.47324
1.46224
1.46175
1.47182
1.49099
1.51659
1.54551
1.575
1.60326
1.62955
1.65377
1.67598
1.69597
1.71331
1.72761
1.73878
1.74707
1.7528
1.75585
1.75564
1.75199
1.74638
1.74163
1.73962
1.73924
1.73753
1.73214
1.7228
1.71113
1.69968
1.69096
1.68683
1.6881
1.6944
1.70409
1.71444
1.72213
1.72423
1.71891
1.70576
1.68547
1.65901
1.62727
1.59107
1.55217
1.51503
1.48812
1.48128
1.49762
1.52923
1.5637
1.59258
1.61236
1.62152
1.61922
1.60578
1.5831
1.55407
1.52236
1.4925
1.46941
1.45692
1.45648
1.4669
1.48479
1.50549
1.52408
1.53659
1.54091
1.53709
1.52702
1.51375
1.50122
1.49314
1.49168
1.49737
1.51031
1.53037
1.55586
1.58319
1.60845
1.62904
1.64392
1.6528
1.65533
1.65079
1.63838
1.61785
1.59025
1.55837
1.52654
1.49939
1.47993
1.46848
1.46448
1.46982
1.48902
1.52395
1.57067
1.62292
1.67574
1.72534
1.76874
1.80418
1.83128
1.8503
1.86145
1.86484
1.86073
1.84961
1.83214
1.80881
1.78008
1.74671
1.71039
1.67388
1.6407
1.61401
1.59536
1.58415
1.57845
1.57689
1.57954
1.58691
1.59795
1.60998
1.62077
1.62997
1.6389
1.64871
1.65898
1.66758
1.67196
1.67089
1.66533
1.65807
1.65258
1.65126
1.65429
1.65953
1.66349
1.66264
1.65447
1.63803
1.61416
1.58566
1.5567
1.53131
1.51191
1.4987
1.49043
1.48586
1.4847
1.48759
1.49511
1.50703
1.52303
1.54467
1.57565
1.61822
1.6696
1.72305
1.77169
1.81066
1.83721
1.8504
1.85075
1.83995
1.82043
1.79512
1.76711
1.73944
1.71481
1.69544
1.68295
1.67827
1.68158
1.69194
1.70722
1.72417
1.73906
1.74849
1.75025
1.74374
1.72996
1.71107
1.68995
1.66999
1.65452
1.64536
1.64157
1.63997
1.63729
1.63209
1.62498
1.61755
1.61107
1.60562
1.60013
1.59302
1.58305
1.56985
1.55457
1.5404
1.53247
1.53595
1.55321
1.58205
1.61672
1.65084
1.67991
1.7021
1.71784
1.7288
1.73686
1.74311
1.74752
1.74935
1.74791
1.74345
1.73751
1.73261
1.73153
1.7362
1.74683
1.76176
1.77823
1.79334
1.80467
1.81056
1.8103
1.80418
1.79326
1.77876
1.7613
1.74092
1.71755
1.69195
1.66608
1.64268
1.62422
1.61187
1.60501
1.60192
1.60074
1.60031
1.60059
1.60233
1.60662
1.61393
1.62348
1.63347
1.64178
1.6468
1.64766
1.64395
1.63522
1.62104
1.60121
1.57603
1.54651
1.51428
1.48153
1.45094
1.42558
1.40869
1.40317
1.41045
1.42938
1.45626
1.48631
1.51529
1.54052
1.56103
1.57709
1.58949
1.59884
1.60519
1.60822
1.60775
1.60418
1.59856
1.59232
1.5868
1.58296
1.58127
1.5819
1.58493
1.59021
1.59712
1.60458
1.61144
1.617
1.62121
1.62434
1.62656
1.62791
1.62857
1.62917
1.6307
1.63421
1.64055
1.65014
1.66278
1.67751
1.69266
1.70619
1.71618
1.72125
1.72074
1.71461
1.70329
1.68751
1.66832
1.64719
1.62601
1.60682
1.59129
1.58037
1.57435
1.57328
1.57706
1.58538
1.59762
1.61289
1.63014
1.64826
1.66608
1.6823
1.69556
1.70445
1.70782
1.70528
1.6976
1.68682
1.6758
1.6675
1.66387
1.66533
1.67071
1.67767
1.68309
1.68362
1.67646
1.66045
1.63671
1.60868
1.58136
1.55987
1.54781
1.54646
1.55493
1.57075
1.59068
1.6112
1.62909
1.64202
1.64875
1.64918
1.64414
1.63498
1.62355
1.61218
1.60323
1.59822
1.59709
1.59839
1.60051
1.6025
1.60404
1.60503
1.60535
1.6054
1.60655
1.61108
1.62115
1.6372
1.65698
1.67607
1.68953
1.69373
1.68744
1.67181
1.64972
1.625
1.60208
1.58574
1.58055
1.58951
1.61238
1.64526
1.68199
1.71616
1.74277
1.75901
1.76444
1.76061
1.7503
1.73636
1.72091
1.70515
1.68952
1.67396
1.65845
1.64343
1.62997
1.61953
1.61326
1.61133
1.61258
1.61506
1.61692
1.6172
1.6161
1.6146
1.61372
1.61402
1.61531
1.61692
1.61796
1.61755
1.61485
1.60907
1.59957
1.58635
1.57043
1.55387
1.53963
1.53108
1.53116
1.54101
1.55879
1.58018
1.60054
1.61668
1.62734
1.63272
1.63369
1.63113
1.62533
1.61578
1.60153
1.58217
1.55889
1.53504
1.51554
1.50521
1.50658
1.51907
1.53974
1.56486
1.5908
1.61431
1.63292
1.64557
1.65313
1.65802
1.6628
1.66844
1.67372
1.67641
1.67521
1.67097
1.66609
1.66284
1.66194
1.66249
1.6634
1.66518
1.67069
1.68355
1.70461
1.72985
1.75221
1.76556
1.76707
1.75713
1.73841
1.71502
1.69189
1.67431
1.66701
1.67242
1.68897
1.71151
1.73375
1.75096
1.76076
1.76282
1.75805
1.74788
1.7337
1.71653
1.69687
1.67508
1.65188
1.6286
1.60702
1.58892
1.57548
1.56705
1.5629
1.56143
1.56075
1.55933
1.5566
1.55297
1.54945
1.54697
1.54575
1.54518
1.54435
1.54262
1.53993
1.537
1.53534
1.53715
1.54449
1.55822
1.57738
1.59951
1.62169
1.6418
1.65927
1.67497
1.69046
1.70697
1.72459
1.74207
1.75689
1.76558
1.76409
1.74904
1.71977
1.68053
1.64033
1.60892
1.59188
1.5892
1.59744
1.61234
1.63038
1.64927
1.66755
1.68399
1.69735
1.70673
1.71208
1.71433
1.71509
1.71596
1.71785
1.72091
1.72485
1.72946
1.73484
1.74117
1.74814
1.75452
1.75825
1.75729
1.75058
1.73862
1.72357
1.70867
1.69697
1.68983
1.68636
1.68416
1.68067
1.6742
1.66439
1.65218
1.63944
1.62822
1.61986
1.61464
1.61221
1.61251
1.61593
1.62262
1.63166
1.64097
1.64785
1.64985
1.6452
1.63303
1.61362
1.589
1.56346
1.54324
1.53406
1.53774
1.55118
1.56896
1.58675
1.60252
1.616
1.62754
1.63722
1.64482
1.6499
1.65201
1.65092
1.64676
1.63998
1.63134
1.62178
1.61251
1.60492
1.60026
1.59923
1.6018
1.60727
1.61486
1.6241
1.63488
1.64725
1.66114
1.6762
1.69154
1.70576
1.71723
1.72461
1.72765
1.7274
1.7256
1.72366
1.72178
1.71897
1.71384
1.70558
1.69455
1.68217
1.67028
1.66033
1.65295
1.64791
1.64433
1.64115
1.6378
1.63431
1.63117
1.62869
1.62666
1.62433
1.62087
1.61601
1.61047
1.60597
1.6042
1.60591
1.61067
1.61797
1.6279
1.64058
1.65486
1.66782
1.67604
1.67703
1.66995
1.65539
1.63491
1.61074
1.58554
1.56195
1.54207
1.52697
1.51653
1.50996
1.50661
1.50672
1.51161
1.52289
1.54117
1.56483
1.59008
1.61207
1.6265
1.63072
1.62397
1.60745
1.58418
1.5589
1.53717
1.52369
1.52055
1.5265
1.53788
1.55053
1.56163
1.57041
1.57761
1.58405
1.58966
1.59329
1.59312
1.58746
1.57536
1.55713
1.53489
1.51253
1.49454
1.4842
1.48253
1.48861
1.50062
1.51638
1.53324
1.54805
1.55772
1.55991
1.55387
1.54085
1.52416
1.50863
1.4992
1.49934
1.50981
1.52876
1.55277
1.5783
1.60266
1.62436
1.64278
1.6576
1.6683
1.67415
1.67432
1.66815
1.65566
1.63776
1.6162
1.59319
1.57075
1.55013
1.53184
1.5158
1.50188
1.48997
1.47983
1.47059
1.46079
1.44895
1.43503
1.42207
1.41599
1.42249
1.44284
1.47269
1.50514
1.53421
1.55631
1.5703
1.57752
1.58123
1.58537
1.5928
1.60448
1.61981
1.63734
1.65528
1.67167
1.68473
1.6932
1.69643
1.6944
1.68759
1.67716
1.66497
1.65335
1.64424
1.63809
1.63372
1.62948
1.62499
1.62168
1.62153
1.62493
1.62993
1.63342
1.63275
1.62689
1.61659
1.60402
1.5921
1.5838
1.58147
1.58615
1.5969
1.61072
1.6235
1.63123
1.631
1.62142
1.60237
1.57452
1.53903
1.49773
1.45419
1.41476
1.38734
1.37685
1.38109
1.39262
1.40466
1.41453
1.42304
1.43216
1.4434
1.45726
1.47358
1.49196
1.51175
1.53219
1.55258
1.57244
1.59182
1.61139
1.63233
1.65579
1.68222
1.71074
1.73916
1.76462
1.78459
1.79765
1.80358
1.80238
1.79316
1.77409
1.74379
1.70329
1.65713
1.61256
1.57668
1.55346
1.54302
1.54303
1.55021
1.56127
1.57328
1.58428
1.59364
1.60215
1.61138
1.62257
1.63556
1.64891
1.66113
1.67175
1.68144
1.6915
1.70292
1.71585
1.72949
1.74258
1.75378
1.76196
1.76602
1.76482
1.75746
1.74404
1.7263
1.70785
1.69333
1.68619
1.6864
1.69046
1.69409
1.69498
1.69341
1.69131
1.69081
1.69308
1.69771
1.70283
1.70566
1.70331
1.69337
1.67446
1.6463
1.61006
1.56838
1.52511
1.48464
1.45086
1.42611
1.41089
1.40462
1.40683
1.41805
1.43963
1.47237
1.51481
1.56266
1.61043
1.65371
1.69013
1.71884
1.73952
1.75208
1.75672
1.75418
1.7459
1.73411
1.72171
1.71174
1.70619
1.70467
1.70385
1.69874
1.68488
1.66037
1.62688
1.58946
1.55563
1.53312
1.52694
1.53727
1.56003
1.58944
1.62076
1.6512
1.67943
1.70466
1.72619
1.74368
1.75737
1.76809
1.77679
1.78411
1.79
1.79373
1.79405
1.78954
1.77914
1.76236
1.73945
1.7113
1.67965
1.64712
1.61716
1.59369
1.57998
1.57735
1.58482
1.59991
1.61999
1.64301
1.66771
1.69348
1.72007
1.74698
1.77303
1.79636
1.81467
1.82554
1.82674
1.81667
1.79495
1.76296
1.72418
1.68354
1.64612
1.61607
1.59593
1.58645
1.58623
1.59171
1.59796
1.60031
1.59601
1.58528
1.57151
1.56059
1.55917
1.5718
1.59847
1.63439
1.67244
1.70648
1.73319
1.75197
1.76399
1.77106
1.77477
1.77576
1.77414
1.77015
1.7649
1.7602
1.75766
1.75755
1.75831
1.7571
1.75104
1.73821
1.71853
1.69412
1.66909
1.6483
1.63537
1.63108
1.63301
1.63734
1.64118
1.64368
1.64549
1.64759
1.65066
1.65503
1.66087
1.66832
1.67704
1.68583
1.69275
1.69574
1.69324
1.68472
1.67074
1.65294
1.6338
1.61637
1.60402
1.59994
1.60651
1.62412
1.65004
1.67881
1.70424
1.72193
1.73042
1.73094
1.72636
1.72012
1.71545
1.71477
1.71935
1.72911
1.74274
1.75831
1.77397
1.78816
1.7996
1.80731
1.81083
1.81055
1.80756
1.8029
1.79707
1.78995
1.78145
1.77187
1.76173
1.75117
1.73954
1.7255
1.70774
1.68574
1.66021
1.63323
1.60767
1.5863
1.57093
1.562
1.55892
1.56055
1.56571
1.57324
1.58191
1.59002
1.59556
1.59698
1.59413
1.58872
1.58379
1.58233
1.58572
1.59335
1.60359
1.61478
1.6256
1.63499
1.64197
1.64569
1.64574
1.64243
1.63688
1.63096
1.62682
1.6263
1.6304
1.63887
1.65039
1.6631
1.67518
1.68533
1.69295
1.69796
1.70057
1.70091
1.69861
1.69262
1.6816
1.66483
1.64305
1.61872
1.59536
1.57641
1.5641
1.55884
1.55936
1.56338
1.56861
1.57353
1.57772
1.58177
1.58659
1.59294
1.60095
1.61025
1.62056
1.63237
1.64688
1.66545
1.68855
1.71494
1.74167
1.76471
1.77995
1.78415
1.77553
1.75429
1.72286
1.68585
1.64897
1.61752
1.59489
1.58212
1.5782
1.58074
1.58675
1.59339
1.59856
1.60152
1.60304
1.6049
1.60884
1.61543
1.62359
1.6311
1.63554
1.63523
1.62962
1.61917
1.605
1.58848
1.57098
1.55376
1.53816
1.52541
1.51636
1.51111
1.50907
1.5095
1.51233
1.51868
1.53084
1.55107
1.5802
1.6167
1.65682
1.69578
1.72913
1.7538
1.76846
1.77331
1.76973
1.75962
1.745
1.72753
1.70837
1.68827
1.66782
1.64785
1.62983
1.61608
1.60939
1.61215
1.62495
1.64579
1.67043
1.69395
1.71223
1.72287
1.72514
1.71956
1.70733
1.68992
1.66919
1.64751
1.62725
1.60974
1.5945
1.58012
1.56579
1.55217
1.54098
1.53415
1.53288
1.53729
1.54659
1.55971
1.57569
1.59355
1.61217
1.63023
1.64642
1.65972
1.66957
1.67587
1.67886
1.67908
1.67719
1.67381
1.66924
1.66314
1.65434
1.64131
1.62349
1.60321
1.58662
1.58109
1.58983
1.6098
1.63483
1.65956
1.68033
1.69471
1.7011
1.69906
1.68959
1.67493
1.65784
1.64071
1.62511
1.6117
1.60057
1.59181
1.58603
1.58445
1.58839
1.5986
1.61479
1.63534
1.65756
1.67844
1.69553
1.70737
1.71319
1.71252
1.70493
1.69057
1.67084
1.64835
1.62602
1.60596
1.58924
1.5764
1.56741
1.56153
1.55799
1.55682
1.55911
1.56639
1.57985
1.59983
1.62584
1.65649
1.68941
1.72136
1.74866
1.76796
1.77682
1.77426
1.76101
1.73938
1.7127
1.68465
1.6584
1.63629
1.61973
1.60906
1.60351
1.60149
1.60142
1.60213
1.60287
1.60303
1.60203
1.59983
1.59713
1.5951
1.59464
1.59572
1.59774
1.60072
1.60605
1.61542
1.62881
1.64357
1.65582
1.66282
1.66435
1.66223
1.65858
1.65404
1.64762
1.63805
1.62505
1.60962
1.59384
1.58057
1.57313
1.57459
1.58599
1.60488
1.62591
1.64338
1.65354
1.65515
1.64886
1.63622
1.61917
1.59993
1.58105
1.56505
1.5538
1.54776
1.546
1.54705
1.54991
1.55475
1.56292
1.57618
1.59583
1.62183
1.65253
1.68512
1.71672
1.74531
1.76995
1.79024
1.80575
1.81594
1.82055
1.81975
1.81419
1.80466
1.79179
1.77591
1.75704
1.73517
1.71049
1.68369
1.65628
1.63089
1.61104
1.60004
1.59937
1.60771
1.62165
1.63721
1.65109
1.66096
1.66523
1.66293
1.65371
1.63827
1.61878
1.59892
1.58309
1.57489
1.57566
1.5841
1.59702
1.61066
1.62196
1.62925
1.63237
1.63243
1.63135
1.63121
1.6338
1.64006
1.64988
1.66209
1.67474
1.68583
1.69446
1.70161
1.70961
1.72032
1.73343
1.74671
1.75738
1.76324
1.76286
1.75547
1.74113
1.72089
1.69688
1.67208
1.65001
1.63426
1.62776
1.63169
1.64474
1.66332
1.68273
1.69878
1.70887
1.71239
1.71032
1.70452
1.69684
1.68862
1.6804
1.67213
1.66357
1.65477
1.64629
1.63924
1.63488
1.6343
1.63809
1.64618
1.65773
1.6712
1.68465
1.69599
1.70343
1.70585
1.70305
1.69567
1.6848
1.67164
1.65734
1.64299
1.62972
1.61864
1.61039
1.6048
1.60105
1.59824
1.59613
1.59521
1.59593
1.59786
1.59966
1.60008
1.59895
1.5973
1.59685
1.59942
1.6064
1.61874
1.63689
1.66054
1.68841
1.71811
1.7464
1.76998
1.78612
1.79324
1.79093
1.77989
1.76184
1.73925
1.715
1.69183
1.67203
1.65745
1.64966
1.64965
1.65713
1.66983
1.68365
1.6939
1.69689
1.69118
1.67791
1.66023
1.64209
1.62707
1.61706
1.61147
1.60759
1.60243
1.59451
1.58457
1.57492
1.56797
1.56492
1.56534
1.56789
1.57141
1.57553
1.5806
1.58703
1.5945
1.60143
1.60539
1.60416
1.59671
1.58337
1.56573
1.54605
1.52713
1.51196
1.50319
1.50242
1.50944
1.52254
1.53933
1.55764
1.57594
1.5934
1.61002
1.62652
1.64397
1.66319
1.68409
1.70562
1.72593
1.74274
1.75359
1.75611
1.74847
1.72983
1.70077
1.66355
1.62214
1.58165
1.54748
1.52402
1.51333
1.51443
1.52346
1.53485
1.54281
1.54282
1.53313
1.51607
1.49822
1.48798
1.49072
1.50598
1.52899
1.55416
1.57724
1.59571
1.60847
1.61538
1.61686
1.61342
1.60534
1.59256
1.5754
1.55562
1.53725
1.52564
1.52437
1.53217
1.54337
1.55163
1.55342
1.54901
1.54146
1.5346
1.53105
1.53139
1.53461
1.53918
1.54418
1.5498
1.55714
1.56712
1.57904
1.59033
1.59775
1.59911
1.5943
1.58515
1.57482
1.56708
1.56536
1.57206
1.58774
1.61076
1.63751
1.6632
1.68279
1.69212
1.68878
1.6729
1.64798
1.6209
1.60032
1.5928
1.5993
1.61526
1.63389
1.64939
1.65817
1.65883
1.65167
1.63816
1.62061
1.60196
1.58567
1.57544
1.57472
1.58567
1.60828
1.63993
1.67591
1.71067
1.7391
1.75745
1.76378
1.75778
1.74044
1.71362
1.68009
1.6435
1.6085
1.58026
1.56302
1.55826
1.56396
1.57575
1.58939
1.60268
1.61568
1.62964
1.64538
1.66241
1.67878
1.69155
1.69732
1.69293
1.6764
1.64799
1.61103
1.57214
1.53989
1.5218
1.52103
1.53525
1.55853
1.58461
1.6095
1.63245
1.6552
1.67991
1.70694
1.73398
1.75711
1.77283
1.77933
1.77664
1.76561
1.74699
1.72136
1.68986
1.6548
1.61908
1.5849
1.55319
1.52417
1.49831
1.47667
1.46064
1.45176
1.45169
1.46223
1.48412
1.51591
1.55379
1.59307
1.62994
1.66243
1.69035
1.71467
1.73668
1.75728
1.77659
1.79387
1.80805
1.81834
1.82471
1.82801
1.82942
1.82968
1.82858
1.82491
1.81715
1.80423
1.78596
1.76313
1.73734
1.7107
1.68536
1.66326
1.6461
1.63548
1.63279
1.63869
1.65249
1.67189
1.69342
1.71327
1.72818
1.73599
1.73586
1.72821
1.7144
1.69642
1.67641
1.65609
1.63619
1.61613
1.59446
1.57043
1.54527
1.52219
1.505
1.49595
1.49466
1.49867
1.50486
1.51071
1.51495
1.51782
1.52059
1.52482
1.5318
1.5421
1.55531
1.56983
1.58312
1.59279
1.59819
1.6014
1.60611
1.61498
1.62787
1.64237
1.65554
1.66517
1.67038
1.67152
1.66971
1.6661
1.66157
1.65674
1.65241
1.64973
1.64991
1.65379
1.66157
1.67261
1.68505
1.69582
1.70192
1.70195
1.69652
1.68758
1.67729
1.6675
1.65991
1.65671
1.66067
1.67394
1.69663
1.72642
1.75962
1.79266
1.82285
1.84833
1.86781
1.8802
1.88436
1.87908
1.86352
1.83791
1.80404
1.76552
1.72722
1.69448
1.6724
1.66474
1.67206
1.69059
1.71372
1.73503
1.75031
1.75756
1.75622
1.74655
1.72957
1.70695
1.68091
1.65369
1.62721
1.60311
1.58311
1.56906
1.56256
1.56436
1.57382
1.58882
1.60632
1.62312
1.63689
1.64695
1.65451
1.662
1.67165
1.68416
1.69859
1.71347
1.7282
1.7427
1.75594
1.76528
1.76774
1.76194
1.74886
1.73155
1.71399
1.7001
1.69271
1.69297
1.70001
1.71119
1.72268
1.73063
1.73243
1.72736
1.71672
1.70324
1.69022
1.68057
1.67613
1.67743
1.68366
1.69309
1.70353
1.7129
1.71973
1.72327
1.72353
1.72092
1.71621
1.7104
1.70428
1.69785
1.68983
1.67777
1.65922
1.63326
1.60187
1.57028
1.54575
1.53459
1.53919
1.55713
1.58305
1.61122
1.63727
1.65876
1.67477
1.6853
1.69077
1.69161
1.68798
1.67994
1.66797
1.65367
1.63957
1.62808
1.62004
1.6146
1.61019
1.60556
1.60024
1.59478
1.59051
1.58876
1.59021
1.59468
1.6013
1.60902
1.61706
1.62523
1.63366
1.64242
1.65113
1.65875
1.66357
1.6637
1.65769
1.64515
1.62733
1.60727
1.58934
1.57794
1.57565
1.58216
1.5946
1.60927
1.62329
1.63539
1.6455
1.65404
1.66143
1.66763
1.67205
1.6735
1.67053
1.66197
1.64727
1.62692
1.60339
1.58162
1.56763
1.56542
1.57513
1.59321
1.61373
1.63062
1.64015
1.64227
1.64039
1.63968
1.64429
1.65534
1.67103
1.68843
1.70556
1.72264
1.74082
1.75899
1.77272
1.77721
1.77051
1.75405
1.73116
1.70538
1.67969
1.65626
1.63645
1.62081
1.60901
1.60005
1.59271
1.58605
1.57969
1.57385
1.56875
1.56411
1.55878
1.55126
1.54054
1.52712
1.51314
1.50187
1.49638
1.49822
1.50701
1.5209
1.53765
1.55537
1.57291
1.58967
1.60534
1.61956
1.63194
1.64215
1.65017
1.65624
1.66085
1.66459
1.66837
1.67341
1.68093
1.69116
1.70256
1.71233
1.71748
1.71593
1.70703
1.69159
1.67172
1.65044
1.63118
1.61717
1.61058
1.61199
1.61992
1.6314
1.64294
1.6517
1.65601
1.65553
1.65089
1.64334
1.6342
1.62464
1.61552
1.60751
1.60101
1.59618
1.59306
1.59171
1.5926
1.59652
1.60407
1.61487
1.62729
1.63902
1.64821
1.65427
1.65816
1.66192
1.66766
1.67638
1.6874
1.69864
1.70751
1.71182
1.71035
1.70297
1.69058
1.67471
1.65695
1.6384
1.61954
1.6008
1.58326
1.56886
1.55973
1.55725
1.56137
1.57062
1.58268
1.59503
1.60565
1.61324
1.61739
1.61875
1.61922
1.62161
1.62824
1.63919
1.65167
1.66146
1.66544
1.66313
1.65659
1.64922
1.64464
1.64559
1.65304
1.6658
1.68104
1.69524
1.70515
1.70852
1.70446
1.69325
1.67618
1.65516
1.63279
1.61217
1.59598
1.58529
1.57903
1.57513
1.57233
1.57097
1.57246
1.57799
1.58798
1.60218
1.62011
1.64123
1.6648
1.68966
1.71436
1.73724
1.7567
1.77124
1.77966
1.78113
1.77556
1.76408
1.74954
1.73626
1.72879
1.73007
1.73991
1.75484
1.76956
1.77907
1.78003
1.77134
1.75383
1.7297
1.70169
1.67228
1.64304
1.61472
1.58808
1.56488
1.54814
1.54133
1.54683
1.56423
1.59003
1.61887
1.64582
1.66786
1.68425
1.69578
1.70369
1.70876
1.71084
1.70921
1.70325
1.69298
1.67919
1.66331
1.64714
1.63255
1.62122
1.61417
1.61137
1.61175
1.61355
1.61498
1.61471
1.61211
1.60722
1.6007
1.59364
1.58717
1.58218
1.57914
1.578
1.57858
1.58095
1.58564
1.5934
1.60475
1.61915
1.63485
1.64934
1.66032
1.66629
1.667
1.66336
1.65699
1.64982
1.64373
1.64037
1.64113
1.64718
1.65908
1.67631
1.69683
1.71739
1.73456
1.7462
1.75207
1.75388
1.75445
1.75641
1.76089
1.7669
1.77171
1.77196
1.76502
1.74973
1.7266
1.69779
1.66712
1.63974
1.62107
1.61502
1.62222
1.63957
1.66154
1.68211
1.69646
1.70206
1.69889
1.68897
1.67514
1.65988
1.64461
1.62987
1.61601
1.60345
1.59248
1.58274
1.5734
1.56377
1.55432
1.54677
1.54272
1.542
1.54245
1.54159
1.53858
1.53518
1.53472
1.54004
1.5516
1.5678
1.58633
1.60536
1.62372
1.6405
1.65459
1.66449
1.66848
1.66534
1.65542
1.64149
1.62871
1.6228
1.62667
1.63855
1.65339
1.66578
1.67178
1.66897
1.65624
1.63398
1.60476
1.5736
1.54685
1.52968
1.52388
1.52819
1.54063
1.56024
1.58655
1.6179
1.65093
1.68195
1.70827
1.72846
1.74187
1.7485
1.74949
1.74714
1.74387
1.74067
1.73647
1.7289
1.71581
1.69651
1.67246
1.64708
1.62443
1.6075
1.59741
1.59406
1.59689
1.6051
1.61751
1.63295
1.65038
1.66835
1.68411
1.69409
1.69562
1.68844
1.67487
1.65869
1.64362
1.63247
1.62683
1.62691
1.63162
1.63894
1.6468
1.65374
1.65906
1.66249
1.66372
1.66207
1.65688
1.64818
1.63716
1.62596
1.61665
1.61059
1.60865
1.6118
1.62112
1.63668
1.65655
1.67679
1.69297
1.70181
1.70218
1.69489
1.68177
1.66453
1.64415
1.62114
1.59634
1.5717
1.55029
1.53563
1.53061
1.53649
1.5524
1.57564
1.60264
1.63008
1.65551
1.67708
1.69316
1.70225
1.70383
1.69942
1.6926
1.68748
1.68655
1.68963
1.69463
1.69895
1.70026
1.69668
1.68664
1.66929
1.64524
1.61722
1.58989
1.5686
1.55703
1.5557
1.56259
1.57502
1.59119
1.61059
1.63315
1.65839
1.68483
1.71031
1.73263
1.75014
1.76196
1.76797
1.76845
1.76399
1.75555
1.7446
1.73329
1.72411
1.71917
1.7194
1.72415
1.73148
1.73909
1.74529
1.74925
1.75076
1.74999
1.74762
1.74514
1.74471
1.74835
1.75668
1.7681
1.77916
1.78595
1.78547
1.77635
1.75868
1.73357
1.70243
1.66691
1.62888
1.59025
1.55265
1.51728
1.48533
1.45885
1.44153
1.43776
1.45019
1.47708
1.51224
1.54762
1.57636
1.59462
1.60201
1.60116
1.59653
1.59286
1.59367
1.6002
1.61149
1.62498
1.63763
1.64707
1.65238
1.65409
1.6536
1.65266
1.65293
1.65573
1.66187
1.67159
1.68494
1.70207
1.72308
1.74742
1.77331
1.79777
1.81738
1.82923
1.83149
1.82338
1.80513
1.77794
1.74407
1.70687
1.67046
1.63917
1.6167
1.60525
1.60507
1.6146
1.63115
1.65179
1.67404
1.69617
1.71685
1.73486
1.74883
1.75749
1.75997
1.75615
1.74677
1.73335
1.71775
1.70201
1.68845
1.67973
1.67817
1.68494
1.69966
1.72039
1.74407
1.7671
1.786
1.79841
1.80349
1.8014
1.79272
1.77789
1.75739
1.73208
1.70357
1.67414
1.64661
1.62403
1.6093
1.6045
1.61041
1.62634
1.65006
1.67832
1.70741
1.73385
1.75472
1.76804
1.77275
1.76897
1.75804
1.74263
1.72627
1.7126
1.70397
1.70051
1.70035
1.70091
1.70054
1.69936
1.699
1.70106
1.70568
1.71137
1.71624
1.71904
1.71922
1.71612
1.70863
1.6956
1.67681
1.65371
1.62955
1.60864
1.5949
1.59048
1.59529
1.60724
1.62301
1.63887
1.65133
1.65775
1.6568
1.64839
1.63347
1.61343
1.58964
1.56311
1.53482
1.50632
1.48021
1.45981
1.44814
1.44677
1.45531
1.47158
1.49234
1.51401
1.53316
1.54709
1.55434
1.55555
1.55343
1.55203
1.55503
1.56423
1.57893
1.5965
1.61357
1.62748
1.63715
1.64337
1.64823
1.6539
1.66134
1.66964
1.67655
1.68023
1.68104
1.68219
1.68828
1.70229
1.72351
1.74818
1.77176
1.79084
1.80359
1.80951
1.80894
1.80264
1.79156
1.77702
1.76096
1.74593
1.73459
1.72899
1.72984
1.73669
1.74843
1.76387
1.78167
1.8
1.81641
1.82812
1.83264
1.82817
1.8139
1.79021
1.75876
1.72282
1.6871
1.65652
1.6344
1.62117
1.61507
1.61351
1.61436
1.61623
1.61841
1.62059
1.62282
1.62507
1.62692
1.62716
1.6242
1.61704
1.60647
1.59551
1.58881
1.59106
1.60501
1.63009
1.66254
1.69688
1.72763
1.75051
1.76256
1.76207
1.74854
1.72312
1.68903
1.65115
1.61493
1.58452
1.56195
1.54781
1.54243
1.54648
1.56033
1.58328
1.61305
1.64628
1.67916
1.70822
1.73084
1.74581
1.75364
1.75635
1.75634
1.75491
1.75165
1.74497
1.73343
1.71648
1.69473
1.66973
1.64374
1.61961
1.60044
1.58882
1.58599
1.59147
1.60335
1.61918
1.63674
1.65444
1.67143
1.68733
1.70193
1.71497
1.72601
1.73442
1.73969
1.74158
1.7406
1.73802
1.73535
1.73356
1.73214
1.72893
1.7209
1.70549
1.68177
1.65121
1.61768
1.58666
1.56374
1.55287
1.55499
1.56792
1.58743
1.60888
1.62872
1.64509
1.65765
1.66698
1.67394
1.6792
1.68293
1.68447
1.68234
1.67471
1.6603
1.63978
1.61662
1.59676
1.5866
1.58982
1.60551
1.62849
1.65163
1.66873
1.67616
1.67319
1.66127
1.64311
1.62172
1.59969
1.57916
1.56198
1.55
1.54488
1.54753
1.55745
1.57274
1.59106
1.61014
1.62787
1.64222
1.65173
1.65626
1.6569
1.6552
1.65213
1.64768
1.64135
1.63282
1.62242
1.6109
1.59879
1.58606
1.57226
1.55732
1.54256
1.53115
1.52724
1.53404
1.55211
1.57924
1.6119
1.64699
1.68244
1.71681
1.74875
1.77697
1.80046
1.81867
1.83146
1.8388
1.84053
1.83633
1.82576
1.8086
1.78508
1.75643
1.72524
1.69559
1.67198
1.65765
1.65339
1.65777
1.6681
1.68129
1.69437
1.70495
1.71149
1.71346
1.71141
1.70682
1.70147
1.69697
1.69424
1.69327
1.69324
1.69301
1.69144
1.68776
1.68151
1.67233
1.65997
1.64437
1.62605
1.60625
1.58691
1.57029
1.55865
1.55382
1.5571
1.56886
1.5883
1.61322
1.64022
1.66539
1.68518
1.69727
1.70094
1.69729
1.68883
1.67878
1.67019
1.66505
1.66378
1.66547
1.66861
1.67184
1.67447
1.67646
1.67811
1.67963
1.68093
1.68165
1.6814
1.68028
1.67916
1.67954
1.68289
1.68946
1.69753
1.70382
1.70495
1.69923
1.68727
1.67142
1.65453
1.63857
1.62442
1.61258
1.60362
1.59778
1.59454
1.59304
1.59306
1.59558
1.60209
1.61328
1.62841
1.64535
1.6614
1.67436
1.68306
1.68739
1.68784
1.68481
1.67833
1.66825
1.65452
1.63783
1.61963
1.6022
1.58853
1.58185
1.58449
1.59651
1.61532
1.63678
1.65712
1.67413
1.6873
1.69734
1.70511
1.71118
1.71548
1.71763
1.71737
1.71489
1.71094
1.70637
1.70162
1.69634
1.68944
1.67961
1.66604
1.64894
1.62972
1.61079
1.59495
1.58491
1.58257
1.58896
1.60411
1.62608
1.64981
1.66855
1.67735
1.67539
1.66564
1.65287
1.6416
1.63457
1.63203
1.63226
1.63285
1.63192
1.62888
1.62431
1.61919
1.61445
1.61092
1.60965
1.61218
1.61993
1.63302
1.64923
1.6644
1.67426
1.67639
1.6711
1.66097
1.64954
1.64
1.63431
1.63304
1.63573
1.64128
1.64799
1.65365
1.65606
1.6537
1.64627
1.63467
1.62061
1.60626
1.5939
1.58575
1.58356
1.58807
1.59822
1.61111
1.62271
1.6291
1.62777
1.61842
1.60313
1.58566
1.57002
1.55935
1.5559
1.56179
1.57873
1.60628
1.64028
1.67396
1.70089
1.71744
1.72319
1.71989
1.71002
1.69583
1.67905
1.6616
1.64632
1.63733
1.63885
1.65297
1.67751
1.70628
1.73171
1.74789
1.75211
1.74464
1.72771
1.70449
1.67858
1.65377
1.63362
1.6208
1.61656
1.62092
1.6332
1.65209
1.6751
1.6983
1.71705
1.72744
1.72714
1.71555
1.69352
1.66291
1.62654
1.58796
1.55115
1.51999
1.49785
1.48745
1.49055
1.50713
1.5345
1.56782
1.60179
1.63215
1.65607
1.6719
1.67881
1.67677
1.66673
1.65058
1.63087
1.61037
1.59159
1.57635
1.56549
1.55872
1.55494
1.55271
1.55075
1.54834
1.54545
1.54246
1.53963
1.53672
1.53286
1.5271
1.51909
1.50959
1.50041
1.49389
1.49199
1.49545
1.50374
1.51534
1.52837
1.54129
1.55325
1.56418
1.5748
1.58651
1.60104
1.61986
1.64331
1.67027
1.69835
1.72457
1.74591
1.75989
1.76496
1.76071
1.7479
1.72818
1.70369
1.67643
1.64803
1.61999
1.59415
1.57276
1.55765
1.5494
1.54723
1.55003
1.55708
1.56821
1.58321
1.60121
1.62032
1.6379
1.65121
1.65814
1.65789
1.65132
1.64079
1.62937
1.61962
1.61253
1.6073
1.60205
1.5951
1.58633
1.57809
1.57466
1.57946
1.59193
1.60751
1.62092
1.62906
1.63147
1.62949
1.62529
1.62119
1.61896
1.61942
1.62248
1.62786
1.6354
1.64518
1.6575
1.67265
1.69053
1.71016
1.72971
1.74729
1.76182
1.77335
1.78235
1.78857
1.79048
1.78618
1.77484
1.75781
1.73847
1.72028
1.70454
1.68972
1.67305
1.6525
1.62787
1.6007
1.57364
1.5497
1.53164
1.52169
1.52114
1.52954
1.54403
1.56013
1.57381
1.58365
1.591
1.59782
1.60392
1.60721
1.60661
1.60433
1.60463
1.6097
1.61755
1.62428
1.62748
1.62718
1.62446
1.61979
1.61275
1.60269
1.58937
1.57353
1.55676
1.54117
1.52876
1.52086
1.51795
1.52007
1.52753
1.54097
1.56069
1.58541
1.61217
1.63738
1.65818
1.67288
1.68065
1.68114
1.67465
1.66226
1.64593
1.62823
1.61136
1.59638
1.58288
1.56926
1.55356
1.53423
1.51079
1.48432
1.45754
1.43455
1.42014
1.41872
1.43297
1.46253
1.50329
1.54826
1.59
1.62305
1.64541
1.65817
1.66434
1.66732
1.67011
1.67483
1.68236
1.6923
1.70338
1.71421
1.72381
1.73169
1.73785
1.7426
1.74659
1.75083
1.75632
1.76335
1.77115
1.77807
1.78221
1.78189
1.77557
1.76167
1.73908
1.70846
1.67315
1.63847
1.60963
1.58979
1.58007
1.58042
1.58994
1.6067
1.62803
1.65089
1.67223
1.68931
1.69993
1.70285
1.69818
1.68749
1.6736
1.66015
1.65093
1.64915
1.65674
1.67363
1.69751
1.72436
1.74971
1.76955
1.78091
1.78222
1.77368
1.75715
1.73546
1.71088
1.68435
1.65597
1.62626
1.59648
1.56826
1.54289
1.52117
1.50394
1.49273
1.48983
1.49741
1.51617
1.54445
1.57847
1.61364
1.64618
1.67426
1.69818
1.71958
1.74015
1.76048
1.77974
1.79627
1.80842
1.81523
1.81652
1.81271
1.80468
1.79346
1.77979
1.76369
1.74415
1.71962
1.68903
1.65274
1.61272
1.57233
1.53573
1.50692
1.48862
1.48117
1.48299
1.49192
1.50638
1.52518
1.5464
1.56654
1.58137
1.58841
1.58932
1.58972
1.59527
1.60748
1.62347
1.63908
1.65127
1.65877
1.662
1.66266
1.66309
1.66502
1.66865
1.67306
1.6777
1.68305
1.68981
1.69769
1.70543
1.7118
1.71658
1.72056
1.72488
1.73045
1.73762
1.7462
1.75537
1.76386
1.77005
1.77233
1.76947
1.76091
1.74667
1.72726
1.70346
1.67627
1.64673
1.61584
1.58427
1.55253
1.52181
1.49484
1.47495
1.46361
1.45948
1.4604
1.46553
1.47503
1.4889
1.5069
1.52843
1.55206
1.57522
1.5952
1.6106
1.62181
1.63045
1.63818
1.64606
1.65447
1.66339
1.67253
1.68123
1.68854
1.69323
1.69412
1.69044
1.68204
1.66947
1.65352
1.6348
1.614
1.593
1.57583
1.56719
1.56895
1.57888
1.59309
1.60866
1.62414
1.63887
1.65288
1.66695
1.68192
1.69739
1.71105
1.71997
1.72236
1.71854
1.71031
1.70005
1.69021
1.68323
1.68117
1.68465
1.69215
1.70051
1.7067
1.70906
1.70782
1.70481
1.70271
1.704
1.70973
1.71906
1.7297
1.73907
1.74515
1.74688
1.74416
1.73769
1.72856
1.71812
1.70771
1.69845
1.69095
1.68538
1.68161
1.67967
1.67987
1.68282
1.6888
1.69729
1.70692
1.71582
1.72258
1.72705
1.7305
1.73466
1.74036
1.74672
1.75204
1.75548
1.75791
1.76138
1.76782
1.77783
1.79025
1.80272
1.81265
1.81803
1.81782
1.81181
1.80026
1.78364
1.76238
1.7369
1.70771
1.67573
1.64276
1.61157
1.58543
1.56704
1.55749
1.55608
1.561
1.57017
1.58145
1.59302
1.60369
1.61348
1.62372
1.6354
1.64725
1.6558
1.6576
1.65116
1.63726
1.61825
1.59737
1.57845
1.56549
1.56138
1.56623
1.57665
1.5873
1.59344
1.59273
1.58576
1.5755
1.56604
1.56108
1.56237
1.56881
1.57704
1.58339
1.5859
1.58527
1.58413
1.58488
1.58797
1.59153
1.5926
1.58857
1.57832
1.5626
1.54439
1.52873
1.52152
1.52765
1.54912
1.58461
1.63005
1.67987
1.72824
1.7701
1.80185
1.82172
1.82963
1.82689
1.81577
1.79891
1.77876
1.75731
1.73603
1.71584
1.69734
1.68069
1.66564
1.65153
1.63741
1.6223
1.60559
1.58762
1.57009
1.55588
1.54819
1.54932
1.5598
1.57803
1.60061
1.6234
1.64265
1.65596
1.66274
1.66389
1.66079
1.65472
1.64685
1.63897
1.63378
1.63419
1.6415
1.6542
1.6687
1.68117
1.68879
1.68983
1.68327
1.6688
1.64722
1.62119
1.59561
1.57705
1.57139
1.58064
1.60136
1.62641
1.64877
1.6642
1.67177
1.67278
1.6694
1.66375
1.65771
1.65304
1.65122
1.65298
1.65759
1.66282
1.6657
1.66388
1.65706
1.64756
1.63967
1.63767
1.64346
1.6556
1.6702
1.68289
1.69069
1.69252
1.68881
1.68057
1.66858
1.65312
1.6343
1.61267
1.58965
1.56756
1.54893
1.53581
1.52953
1.53062
1.53892
1.55339
1.57204
1.59237
1.61217
1.63014
1.64601
1.66019
1.67298
1.68398
1.69191
1.69484
1.69087
1.6788
1.65859
1.63129
1.59877
1.56347
1.52836
1.49705
1.47331
1.46011
1.45861
1.46774
1.48473
1.50609
1.52843
1.54892
1.56564
1.57781
1.58586
1.59131
1.59632
1.60299
1.6126
1.62512
1.63898
1.6515
1.6599
1.66243
1.65899
1.65109
1.64077
1.62934
1.61694
1.60318
1.58848
1.57455
1.56369
1.55712
1.55404
1.55232
1.55039
1.54847
1.54838
1.55204
1.5603
1.57276
1.58894
1.60924
1.63463
1.6652
1.69916
1.73318
1.76346
1.78676
1.80064
1.8038
1.79624
1.77935
1.75554
1.72749
1.69745
1.66692
1.63708
1.60924
1.58505
1.56632
1.55456
1.55048
1.55363
1.56244
1.57461
1.58785
1.60074
1.61326
1.62648
1.64181
1.65974
1.67905
1.69717
1.7113
1.71951
1.72118
1.71696
1.70838
1.69742
1.68606
1.67592
1.66787
1.66205
1.65818
1.65613
1.65627
1.6592
1.66482
1.67173
1.67743
1.67943
1.6761
1.66698
1.6528
1.63547
1.61796
1.60374
1.59588
1.59606
1.60433
1.61952
1.63981
1.66294
1.68621
1.70683
1.72249
1.73227
1.73679
1.73736
1.73455
1.72742
1.71455
1.69561
1.67207
1.64671
1.62272
1.60323
1.59114
1.58905
1.59834
1.61843
1.64646
1.67838
1.7105
1.74034
1.76659
1.78838
1.8048
1.81506
1.81897
1.81739
1.81184
1.80358
1.79295
1.77941
1.76235
1.74192
1.71929
1.69637
1.67545
1.65875
1.64788
1.6436
1.64552
1.65237
1.66229
1.67328
1.68349
1.69148
1.69623
1.69721
1.69433
1.68782
1.67826
1.6666
1.65406
1.64181
1.63064
1.62058
1.61099
1.60062
1.58792
1.57142
1.55042
1.5257
1.49962
1.4753
1.45546
1.44183
1.43566
1.43797
1.44908
1.46777
1.49128
1.51609
1.53905
1.55834
1.57377
1.58645
1.59811
1.61046
1.62469
1.64115
1.65938
1.67843
1.69725
1.71507
1.73139
1.74563
1.75697
1.76453
1.76791
1.76777
1.76602
1.7653
1.76794
1.77483
1.78495
1.79589
1.80498
1.81005
1.80997
1.80444
1.79376
1.77858
1.75968
1.73787
1.71397
1.68896
1.6641
1.64085
1.62048
1.60367
1.59015
1.57897
1.56906
1.56017
1.55316
1.54944
1.5498
1.55388
1.56077
1.57023
1.58332
1.6018
1.627
1.65881
1.69508
1.73167
1.76329
1.78488
1.79302
1.78671
1.76739
1.7384
1.70437
1.67063
1.6423
1.62298
1.61395
1.61472
1.62367
1.63837
1.65563
1.67165
1.68242
1.68433
1.67495
1.6537
1.62205
1.58339
1.54254
1.50511
1.47705
1.46391
1.46915
1.49212
1.52753
1.56756
1.60478
1.63403
1.65295
1.6616
1.66148
1.65483
1.64404
1.63133
1.61835
1.60597
1.59462
1.58477
1.57751
1.57457
1.5778
1.58841
1.60653
1.63121
1.66076
1.69297
1.7251
1.75399
1.77636
1.78928
1.79062
1.77928
1.75528
1.71977
1.67508
1.62476
1.57355
1.52693
1.49009
1.46661
1.45744
1.46109
1.47462
1.49486
1.51922
1.54545
1.57119
1.59385
1.61109
1.62155
1.62539
1.62426
1.62094
1.61861
1.62011
1.62725
1.64053
1.65918
1.68151
1.70516
1.72732
1.74508
1.75563
1.75658
1.7465
1.72541
1.69557
1.66237
1.63432
1.62033
1.6244
1.64241
1.66513
1.68423
1.69513
1.69673
1.69007
1.67757
1.66269
1.64939
1.64133
1.64086
1.64802
1.66052
1.67483
1.68786
1.69775
1.70391
1.70648
1.7062
1.70413
1.70122
1.69805
1.69517
1.69341
1.69386
1.69721
1.70318
1.71019
1.71549
1.71575
1.70794
1.69026
1.66314
1.62975
1.59566
1.56709
1.54834
1.53953
1.53674
1.53478
1.53075
1.52588
1.52484
1.53336
1.55524
1.5902
1.63384
1.67952
1.72079
1.7528
1.77274
1.77964
1.77417
1.75837
1.73536
1.70885
1.68241
1.65885
1.63984
1.62602
1.61731
1.61331
1.6136
1.61762
1.62476
1.63425
1.64526
1.65688
1.66818
1.67814
1.68552
1.68874
1.68619
1.67687
1.66112
1.64102
1.6199
1.60112
1.58618
1.57396
1.56164
1.5469
1.52968
1.51263
1.50012
1.49683
1.50602
1.52812
1.56041
1.59793
1.635
1.66667
1.68973
1.70305
1.70727
1.70434
1.69668
1.6865
1.67532
1.66391
1.65273
1.64259
1.63492
1.6312
1.63171
1.63469
1.63688
1.6353
1.62874
1.61835
1.60686
1.5976
1.59339
1.59567
1.60403
1.61632
1.62943
1.64033
1.64697
1.64859
1.64576
1.64009
1.63375
1.62876
1.62631
1.62657
1.62897
1.63268
1.63687
1.6408
1.64349
1.64373
1.6403
1.63279
1.62231
1.61145
1.6031
1.59921
1.60033
1.60617
1.61611
1.62922
1.64409
1.65915
1.67308
1.68513
1.69525
1.7038
1.71108
1.71714
1.72172
1.72424
1.72392
1.7201
1.71265
1.70258
1.6924
1.68565
1.68567
1.69417
1.71082
1.7336
1.75906
1.78253
1.79871
1.80301
1.79274
1.76793
1.73161
1.68951
1.64902
1.6173
1.59933
1.5965
1.60674
1.62555
1.64744
1.66704
1.68009
1.68442
1.68054
1.67106
1.65929
1.64788
1.63895
1.63444
1.6357
1.64245
1.65231
1.66171
1.66763
1.66834
1.66317
1.65162
1.63337
1.60875
1.57937
1.54825
1.51955
1.49794
1.48779
1.49166
1.50891
1.53539
1.56491
1.59157
1.61165
1.62407
1.62997
1.63189
1.6329
1.63541
1.64034
1.64687
1.65301
1.65638
1.65489
1.6475
1.63487
1.61985
1.6071
1.60131
1.60475
1.61559
1.6288
1.63898
1.64297
1.64071
1.63416
1.62571
1.61689
1.60811
1.59938
1.59135
1.58594
1.58609
1.59443
1.61147
1.63432
1.65759
1.67584
1.68577
1.68719
1.68254
1.67558
1.67
1.66839
1.67205
1.68123
1.69543
1.71359
1.73407
1.755
1.77474
1.79216
1.80674
1.81846
1.82738
1.83331
1.83548
1.83246
1.82254
1.80431
1.77729
1.74226
1.70139
1.65801
1.61617
1.57989
1.55234
1.53524
1.52863
1.53119
1.541
1.55603
1.57429
1.59365
1.61209
1.62831
1.64228
1.65506
1.668
1.68165
1.69508
1.70608
1.71209
1.71111
1.70239
1.68665
1.66608
1.64391
1.62384
1.60935
1.60268
1.6039
1.61071
1.61947
1.62671
1.63049
1.63087
1.62952
1.62883
1.63076
1.63611
1.64471
1.65609
1.67016
1.68708
1.70662
1.72754
1.74776
1.765
1.77737
1.78385
1.78437
1.77985
1.77205
1.76319
1.75525
1.74957
1.74647
1.74532
1.74485
1.74372
1.74102
1.73665
1.73141
1.72675
1.72419
1.72474
1.72842
1.73413
1.74013
1.74451
1.74575
1.74297
1.73614
1.72618
1.7149
1.70455
1.69699
1.69255
1.68974
1.68634
1.68103
1.67441
1.66862
1.66599
1.66814
1.6756
1.68774
1.70272
1.71768
1.72947
1.73559
1.73491
1.72799
1.71662
1.70284
1.6881
1.67272
1.65618
1.63795
1.61841
1.59905
1.58204
1.56953
1.56269
1.56116
1.56319
1.56673
1.57056
1.5746
1.57922
1.58456
1.5902
1.59568
1.60097
1.60663
1.61337
1.62165
1.63147
1.64278
1.6556
1.66993
1.68525
1.70049
1.71411
1.72437
1.72952
1.72817
1.71975
1.70484
1.68553
1.66528
1.6483
1.63814
1.6364
1.64239
1.65379
1.66769
1.68124
1.69221
1.69929
1.70231
1.70216
1.70042
1.69884
1.69903
1.70198
1.70771
1.71524
1.72346
1.73202
1.74097
1.74955
1.75594
1.75836
1.756
1.74893
1.7375
1.72218
1.70387
1.68443
1.66642
1.65198
1.6414
1.63336
1.62641
1.62074
1.61852
1.62275
1.63584
1.65855
1.68985
1.72707
1.76624
1.80276
1.83204
1.85027
1.85496
1.84535
1.82258
1.78947
1.74975
1.70724
1.66528
1.62689
1.5952
1.57339
1.56357
1.56581
1.57801
1.59701
1.61956
1.6428
1.66426
1.68186
1.69421
1.70104
1.70335
1.70341
1.7043
1.70897
1.7193
1.73529
1.75481
1.77424
1.78944
1.79676
1.79382
1.78008
1.75689
1.72752
1.69666
1.66947
1.64997
1.6398
1.63807
1.64242
1.65022
1.65922
1.66762
1.67397
1.67718
1.67656
1.6717
1.66215
1.64783
1.631
1.6193
1.62464
1.65362
1.69917
1.74631
1.78341
1.8059
1.81386
1.80952
1.79594
1.77642
1.75416
1.73185
1.71166
1.69506
1.68265
1.67394
1.66739
1.66102
1.65333
1.64394
1.63364
1.62381
1.61559
1.60951
1.60543
1.60318
1.60309
1.6062
1.61386
1.62677
1.64375
1.66194
1.67806
1.68983
1.69638
1.69788
1.69465
1.68656
1.67278
1.65227
1.62464
1.59104
1.55416
1.51726
1.48289
1.45272
1.42808
1.41058
1.40192
1.40312
1.41378
1.43202
1.45502
1.47997
1.50465
1.52763
1.54816
1.5658
1.58032
1.59175
1.60047
1.60699
1.61136
1.61281
1.61024
1.60324
1.59264
1.58043
1.56887
1.55988
1.55484
1.55472
1.56012
1.57107
1.58691
1.60643
1.62848
1.65228
1.6769
1.69955
1.71463
1.71557
1.69812
1.66289
1.61611
1.56812
1.52875
1.50245
1.48819
1.48325
1.48609
1.49623
1.51282
1.534
1.55717
1.58024
1.6023
1.62314
1.64239
1.65886
1.671
1.67773
1.67896
1.67549
1.66873
1.66017
1.65091
1.64136
1.63132
1.62067
1.61007
1.60085
1.59403
1.58984
1.58799
1.58836
1.59108
1.59617
1.60328
1.61182
1.62149
1.63234
1.64427
1.65663
1.66771
1.67506
1.6762
1.66983
1.65666
1.6397
1.62361
1.61324
1.61172
1.61878
1.63054
1.64111
1.64513
1.63962
1.6247
1.60304
1.57894
1.55742
1.54302
1.53854
1.54428
1.55823
1.57718
1.59788
1.61783
1.63528
1.64902
1.65808
1.66147
1.65811
1.64712
1.62828
1.60248
1.57184
1.53948
1.50865
1.48182
1.46026
1.44466
1.43588
1.43481
1.44151
1.45453
1.47138
1.48926
1.50585
1.51988
1.53153
1.54228
1.5535
1.56504
1.57505
1.58136
1.58293
1.58044
1.57563
1.57052
1.56691
1.56629
1.56973
1.57756
1.589
1.6021
1.61429
1.62332
1.62835
1.63053
1.6323
1.63613
1.64333
1.65401
1.66767
1.68368
1.70134
1.71966
1.73732
1.7527
1.76401
1.7695
1.76745
1.75647
1.73582
1.70589
1.66885
1.62902
1.5921
1.56286
1.54284
1.53013
1.52153
1.51476
1.5093
1.50606
1.5067
1.51274
1.52488
1.54256
1.56384
1.58597
1.60623
1.62297
1.63624
1.64806
1.66159
1.67972
1.70335
1.73025
1.75549
1.77335
1.77981
1.77411
1.75878
1.73858
1.71858
1.70264
1.69271
1.68886
1.68937
1.69105
1.68995
1.6825
1.66661
1.6422
1.61085
1.57536
1.53938
1.50706
1.48235
1.468
1.46494
1.47228
1.48795
1.50946
1.53457
1.56159
1.58943
1.61736
1.64433
1.66854
1.68765
1.69989
1.70471
1.70286
1.69606
1.68679
1.67833
1.67463
1.67946
1.69478
1.71913
1.74726
1.77169
1.78565
1.78541
1.77098
1.74567
1.71482
1.68419
1.6587
1.64133
1.63275
1.63159
1.63528
1.64105
1.64673
1.65106
1.65388
1.65639
1.6614
1.67243
1.69148
1.71706
1.74458
1.76868
1.78561
1.79377
1.79321
1.7851
1.77161
1.75605
1.74255
1.73504
1.73567
1.74364
1.75502
1.76351
1.76209
1.74462
1.70741
1.65047
1.57841
1.50048
1.42877
1.37418
1.342
1.33104
1.33687
1.35472
1.3797
1.40647
1.4305
1.44958
1.46413
1.47628
1.48831
1.50162
1.51634
1.5318
1.54701
1.56099
1.57319
1.58362
1.59259
1.60018
1.60624
1.61095
1.61491
1.61838
1.62122
1.62347
1.62526
1.62654
1.62738
1.62826
1.63019
1.63425
1.64093
1.64967
1.6588
1.66595
1.66886
1.66595
1.65706
1.64373
1.62892
1.61583
1.60643
1.60081
1.59769
1.59559
1.59363
1.59172
1.59037
1.5904
1.59247
1.59672
1.6028
1.6101
1.61794
1.62564
1.63252
1.63784
1.641
1.64182
1.64079
1.63884
1.63691
1.6355
1.63492
1.6356
1.63829
1.64376
1.65235
1.66359
1.67613
1.68812
1.69794
1.70449
1.70741
1.70682
1.70351
1.69922
1.69675
1.69896
1.70722
1.72064
1.73656
1.75211
1.76497
1.77369
1.77761
1.77655
1.77078
1.76095
1.74824
1.73443
1.72188
1.713
1.70944
1.71148
1.71781
1.72597
1.73306
1.73636
1.73363
1.72335
1.70497
1.67903
1.64742
1.61328
1.58044
1.55272
1.53303
1.52274
1.52137
1.52643
1.53428
1.54157
1.54646
1.54895
1.55068
1.55442
1.56303
1.57803
1.59834
1.62022
1.63858
1.64906
1.64944
1.63992
1.62257
1.60035
1.57658
1.55474
1.53825
1.52997
1.5313
1.54177
1.55963
1.58282
1.60953
1.63833
1.6678
1.6963
1.7219
1.74267
1.75712
1.76486
1.76676
1.76461
1.76054
1.75657
1.75461
1.7565
1.76305
1.7726
1.78098
1.78366
1.77805
1.76441
1.74558
1.72564
1.70865
1.69746
1.69293
1.6939
1.69807
1.70322
1.70779
1.71046
1.70963
1.70391
1.69304
1.67832
1.66223
1.6476
1.63714
1.63303
1.63675
1.64901
1.66934
1.69586
1.72538
1.75409
1.77855
1.79641
1.80675
1.81
1.80764
1.80177
1.79458
1.78772
1.78186
1.77666
1.77102
1.7634
1.75211
1.73572
1.7134
1.68549
1.65375
1.62116
1.59109
1.5665
1.54925
1.53947
1.53556
1.53492
1.53535
1.53601
1.5375
1.54082
1.54619
1.55265
1.55853
1.56232
1.56356
1.5631
1.56301
1.56581
1.57377
1.58818
1.60903
1.63498
1.66349
1.69118
1.71451
1.73065
1.73829
1.73838
1.73407
1.7296
1.72809
1.72969
1.73213
1.73295
1.73125
1.72773
1.72358
1.71952
1.71557
1.7112
1.70559
1.69769
1.68644
1.67129
1.6529
1.63313
1.61423
1.59788
1.58525
1.57753
1.57656
1.58423
1.60107
1.62488
1.65099
1.67378
1.68865
1.69291
1.68599
1.66904
1.64453
1.61598
1.58784
1.56514
1.55247
1.55262
1.56542
1.58777
1.61483
1.64154
1.66342
1.67707
1.68033
1.6729
1.65663
1.63543
1.61441
1.59866
1.59174
1.59473
1.60654
1.62522
1.64889
1.676
1.70451
1.73128
1.75245
1.76434
1.76445
1.75204
1.72821
1.69588
1.65925
1.62305
1.59184
1.56962
1.55915
1.56083
1.57201
1.58813
1.60491
1.62003
1.63322
1.64524
1.65682
1.66803
1.67853
1.68815
1.69736
1.70714
1.71835
1.7311
1.74457
1.7574
1.76791
1.77429
1.77471
1.76772
1.75263
1.72969
1.70029
1.66706
1.63381
1.60561
1.58795
1.58455
1.59497
1.61424
1.63488
1.64972
1.65382
1.64537
1.62593
1.59962
1.5716
1.54622
1.5255
1.50889
1.49459
1.48155
1.47062
1.46458
1.46716
1.48128
1.50752
1.54351
1.58458
1.62531
1.66097
1.68814
1.70503
1.71134
1.70822
1.69803
1.68376
1.66836
1.65403
1.64189
1.63219
1.62492
1.61983
1.61614
1.61225
1.60619
1.5965
1.58318
1.56791
1.55326
1.54147
1.53393
1.5318
1.53678
1.55072
1.57458
1.60767
1.64769
1.69126
1.73464
1.77427
1.80717
1.83111
1.8446
1.84694
1.83811
1.81883
1.79063
1.75576
1.71708
1.67792
1.64184
1.61229
1.59213
1.58301
1.58476
1.59514
1.61041
1.62639
1.63965
1.64817
1.65133
1.6496
1.64423
1.63701
1.62986
1.6241
1.62041
1.61921
1.62115
1.62644
1.63434
1.6433
1.65165
1.65771
1.65965
1.65598
1.64653
1.63334
1.62073
1.61386
1.61667
1.63059
1.65449
1.68548
1.71942
1.75143
1.77693
1.79257
1.79667
1.78927
1.7718
1.74682
1.71755
1.6876
1.66033
1.63819
1.62209
1.61132
1.60409
1.59865
1.59428
1.59112
1.58894
1.58614
1.58071
1.57212
1.56196
1.55337
1.55036
1.55698
1.57565
1.60539
1.64138
1.67651
1.70375
1.71802
1.71751
1.704
1.6824
1.65894
1.63915
1.62646
1.62218
1.62568
1.63432
1.64382
1.64956
1.64813
1.63839
1.62187
1.60233
1.58463
1.5733
1.57123
1.5789
1.59429
1.61343
1.63158
1.64483
1.65123
1.65111
1.64654
1.6402
1.63421
1.62951
1.62596
1.62299
1.6205
1.61909
1.6197
1.62305
1.62917
1.63716
1.64569
1.65345
1.65969
1.66444
1.66837
1.67254
1.67807
1.68582
1.69597
1.70787
1.71992
1.73009
1.73656
1.7384
1.73585
1.73022
1.72323
1.71596
1.7084
1.6998
1.6895
1.67778
1.66596
1.65594
1.64938
1.64659
1.64582
1.64377
1.63729
1.6251
1.60837
1.59031
1.57534
1.56786
1.57075
1.58415
1.60565
1.63145
1.65784
1.68221
1.70292
1.71866
1.7279
1.72916
1.72167
1.70579
1.6832
1.65676
1.62986
1.60581
1.58706
1.57476
1.56861
1.56735
1.56962
1.57495
1.58389
1.59717
1.61462
1.63467
1.65462
1.67143
1.68255
1.68668
1.68399
1.67585
1.66401
1.6499
1.63448
1.61866
1.6038
1.59158
1.58326
1.57895
1.57736
1.57641
1.57414
1.56922
1.56133
1.55144
1.54207
1.53714
1.54055
1.55393
1.57538
1.60049
1.62445
1.64367
1.6563
1.66204
1.66169
1.65668
1.64866
1.63928
1.63013
1.62286
1.61912
1.62013
1.62625
1.63653
1.64905
1.66159
1.67245
1.68087
1.68735
1.69355
1.70171
1.71363
1.72959
1.74808
1.76651
1.78215
1.79278
1.7966
1.79218
1.7785
1.75527
1.72327
1.68453
1.64253
1.60193
1.56789
1.54504
1.53667
1.54401
1.56586
1.59884
1.63829
1.67952
1.7188
1.75383
1.78363
1.80806
1.82725
1.84117
1.84963
1.85235
1.84938
1.84124
1.82861
1.81193
1.79112
1.76621
1.73809
1.70887
1.6814
1.65837
1.64145
1.63086
1.62585
1.62562
1.62981
1.63841
1.65104
1.66667
1.68383
1.70123
1.71801
1.73343
1.74647
1.7558
1.76025
1.75929
1.75312
1.74266
1.72935
1.71483
1.70061
1.68798
1.67795
1.67126
1.66834
1.6694
1.67424
1.68215
1.69203
1.70256
1.71284
1.72268
1.7324
1.74221
1.7516
1.75918
1.76291
1.76084
1.7516
1.73499
1.71236
1.68672
1.66178
1.64041
1.62357
1.6109
1.60203
1.59733
1.59752
1.60294
1.61298
1.62615
1.64056
1.65444
1.66651
1.67607
1.68279
1.68655
1.68728
1.68483
1.6794
1.67184
1.6638
1.65727
1.65357
1.65287
1.6543
1.65627
1.6569
1.65466
1.64886
1.63966
1.6277
1.61376
1.59877
1.58406
1.57135
1.56219
1.55701
1.55471
1.5533
1.55117
1.54773
1.5434
1.53954
1.53813
1.54144
1.55121
1.56795
1.59041
1.61602
1.64164
1.6646
1.68325
1.6971
1.70651
1.71232
1.71575
1.71829
1.72144
1.72631
1.73354
1.74332
1.75521
1.76795
1.77985
1.78934
1.79557
1.79841
1.79815
1.79503
1.78908
1.78003
1.76746
1.75101
1.73074
1.70728
1.68174
1.65544
1.62996
1.60728
1.5898
1.57984
1.57892
1.5871
1.60288
1.62365
1.64632
1.66781
1.68531
1.6969
1.7022
1.70262
1.70054
1.69813
1.69638
1.69514
1.69397
1.69289
1.69273
1.69482
1.7002
1.7088
1.71935
1.72982
1.73789
1.74153
1.73914
1.72966
1.7126
1.68827
1.65816
1.62511
1.59306
1.56607
1.54703
1.53695
1.53521
1.54018
1.54976
1.56147
1.57226
1.57883
1.57879
1.57174
1.5596
1.54577
1.53384
1.52655
1.52525
1.53001
1.53973
1.55243
1.56563
1.57683
1.5839
1.58546
1.58099
1.57078
1.55578
1.53745
1.51805
1.50084
1.48981
1.48875
1.49937
1.52002
1.54597
1.5715
1.59225
1.60632
1.61402
1.61697
1.61712
1.61608
1.61507
1.61505
1.61657
1.61944
1.62265
1.62465
1.62422
1.62123
1.6171
1.61449
1.61619
1.62342
1.63471
1.64667
1.65589
1.66039
1.65961
1.65372
1.643
1.62767
1.60792
1.58437
1.55872
1.53426
1.51553
1.50703
1.5116
1.5292
1.55702
1.59042
1.62448
1.65517
1.67972
1.69663
1.7053
1.70585
1.6991
1.68662
1.67064
1.65373
1.63839
1.62649
1.61877
1.61461
1.61217
1.60915
1.60384
1.59639
1.58936
1.58691
1.59249
1.60679
1.62775
1.65183
1.67532
1.69498
1.70863
1.7152
1.71465
1.70756
1.69505
1.67859
1.66
1.64122
1.62405
1.61006
1.60041
1.59593
1.59708
1.60407
1.61671
1.63409
1.65422
1.67399
1.68968
1.69781
1.69603
1.68345
1.66067
1.62949
1.59274
1.55399
1.51726
1.48664
1.4656
1.45637
1.45936
1.47301
1.49438
1.52007
1.54714
1.57354
1.59801
1.6199
1.63886
1.65459
1.66643
1.67331
1.67434
1.66948
1.66001
1.64801
1.63529
1.62253
1.60966
1.59701
1.58575
1.57675
1.56935
1.56186
1.55316
1.54338
1.53323
1.5235
1.5151
1.50931
1.50742
1.50986
1.51533
1.52127
1.52545
1.52799
1.53203
1.54213
1.56136
1.58964
1.62418
1.66122
1.69731
1.72957
1.75546
1.77261
1.77908
1.77388
1.75746
1.73205
1.70142
1.67017
1.64265
1.62194
1.60949
1.60507
1.60669
1.61059
1.61211
1.60748
1.5955
1.57848
1.56171
1.55154
1.55214
1.56347
1.58194
1.60227
1.61891
1.62693
1.62302
1.60624
1.57869
1.54574
1.51574
1.49787
1.49817
1.51644
1.54715
1.58331
1.61909
1.65063
1.67571
1.69333
1.70342
1.70679
1.705
1.70006
1.69419
1.68931
1.68655
1.68599
1.68696
1.68864
1.69074
1.69359
1.69791
1.70436
1.71274
1.72169
1.72905
1.73269
1.73177
1.72716
1.72116
1.7162
1.71359
1.71286
1.71212
1.70904
1.70198
1.6909
1.67786
1.66648
1.66021
1.66019
1.66444
1.66912
1.67081
1.66792
1.66091
1.65129
1.64053
1.62967
1.61977
1.61246
1.60965
1.61289
1.62259
1.63777
1.65625
1.6752
1.69193
1.7046
1.71263
1.71663
1.71794
1.71808
1.71799
1.71778
1.71679
1.71373
1.70719
1.6961
1.68043
1.66183
1.64376
1.63059
1.62585
1.6309
1.64492
1.66599
1.692
1.72084
1.75045
1.77905
1.80544
1.82893
1.84896
1.86481
1.87549
1.87999
1.87753
1.86784
1.85124
1.82868
1.80165
1.77239
1.74394
1.71991
1.70373
1.69744
1.70062
1.71015
1.72142
1.7302
1.73457
1.73507
1.73321
1.72938
1.72261
1.71201
1.69799
1.68236
1.66757
1.65586
1.64881
1.64758
1.65344
1.66727
1.68793
1.71134
1.73202
1.74577
1.75096
1.74834
1.7402
1.72936
1.71823
1.70818
1.69979
1.69334
1.68924
1.68763
1.68809
1.68957
1.69079
1.69078
1.68925
1.6864
1.68252
1.67751
1.67065
1.66089
1.64745
1.63049
1.61148
1.593
1.57796
1.56861
1.56557
1.5679
1.57453
1.58587
1.60311
1.62541
1.6485
1.66668
1.67604
1.67594
1.66848
1.65712
1.64541
1.63607
1.63043
1.62843
1.62884
1.62977
1.62932
1.62618
1.62004
1.61176
1.60334
1.59733
1.5962
1.60132
1.61248
1.62797
1.64517
1.66139
1.67446
1.68322
1.68771
1.68927
1.69024
1.69313
1.69961
1.71008
1.72376
1.73856
1.75105
1.75719
1.75376
1.7397
1.71665
1.68858
1.66094
1.63921
1.62715
1.62578
1.63355
1.64752
1.66459
1.68225
1.69897
1.71397
1.72636
1.73419
1.73491
1.72711
1.71177
1.69147
1.66867
1.64501
1.622
1.60175
1.58708
1.58097
1.5853
1.59932
1.61962
1.64165
1.66184
1.67847
1.69147
1.70154
1.7093
1.71458
1.71629
1.71313
1.70461
1.69155
1.67594
1.6601
1.64583
1.63383
1.62355
1.61385
1.60405
1.59434
1.58557
1.57877
1.57528
1.5765
1.58341
1.59584
1.61262
1.63174
1.65035
1.66458
1.67028
1.66447
1.647
1.62145
1.59475
1.57476
1.56667
1.57083
1.58371
1.60036
1.61639
1.62871
1.63577
1.63755
1.63545
1.63204
1.63068
1.63477
1.64668
1.66668
1.69262
1.72073
1.7469
1.76795
1.78219
1.78942
1.7905
1.78686
1.77987
1.77019
1.75767
1.74175
1.72237
1.70073
1.67948
1.66207
1.65142
1.64881
1.65387
1.66534
1.68193
1.70249
1.72588
1.75083
1.77578
1.79896
1.8184
1.83217
1.83859
1.83671
1.82654
1.80889
1.78495
1.75592
1.72329
1.68905
1.65541
1.62372
1.59413
1.56608
1.53954
1.51569
1.49673
1.48483
1.48083
1.48403
1.4931
1.50707
1.52549
1.54778
1.57251
1.5973
1.61981
1.63912
1.65583
1.67025
1.68109
1.68646
1.68593
1.68098
1.67387
1.66606
1.65761
1.64749
1.63423
1.61671
1.59479
1.56967
1.54376
1.51998
1.50081
1.488
1.4829
1.48656
1.49921
1.51973
1.54556
1.57325
1.59922
1.6207
1.63623
1.64572
1.64973
1.64865
1.64231
1.63085
1.61607
1.60199
1.59351
1.59378
1.6024
1.6162
1.63172
1.6473
1.66333
1.681
1.70088
1.72232
1.7436
1.76272
1.77788
1.78773
1.79153
1.78922
1.78148
1.76983
1.75618
1.74216
1.72842
1.71457
1.69994
1.6845
1.6691
1.65515
1.64394
1.63631
1.63236
1.63136
1.63164
1.6311
1.62803
1.62183
1.6133
1.60432
1.59717
1.59391
1.59596
1.60392
1.61745
1.63525
1.65501
1.67369
1.6877
1.69346
1.68787
1.66929
1.63812
1.59749
1.55313
1.51247
1.4828
1.46912
1.4728
1.4915
1.52071
1.55532
1.59079
1.62346
1.65072
1.67103
1.68384
1.68954
1.68925
1.68465
1.67788
1.67117
1.66612
1.66316
1.66152
1.66003
1.65799
1.65557
1.65373
1.65389
1.65737
1.66465
1.67472
1.68548
1.69501
1.70279
1.71005
1.7189
1.73103
1.74663
1.7642
1.78099
1.79416
1.80189
1.80381
1.80052
1.79304
1.78232
1.76922
1.75452
1.73881
1.72238
1.70548
1.68857
1.67263
1.65904
1.64889
1.64229
1.63826
1.63528
1.63229
1.62922
1.62672
1.62542
1.62546
1.62656
1.62842
1.63118
1.63537
1.64186
1.65133
1.66381
1.67824
1.69258
1.7047
1.71327
1.71819
1.72043
1.72111
1.72065
1.71841
1.71314
1.70392
1.69103
1.67621
1.6621
1.65137
1.64581
1.6458
1.65046
1.6581
1.66684
1.6751
1.68195
1.68738
1.69242
1.69882
1.70829
1.72142
1.73695
1.75207
1.76376
1.77015
1.77102
1.76683
1.75721
1.74079
1.71693
1.6874
1.65651
1.62941
1.60971
1.59797
1.59188
1.58762
1.58156
1.5708
1.55327
1.52829
1.49774
1.46667
1.44189
1.42875
1.42888
1.44062
1.46101
1.48708
1.51604
1.54544
1.57333
1.59826
1.61932
1.63589
1.64768
1.65485
1.65805
1.65837
1.65706
1.65507
1.65256
1.64894
1.64352
1.63628
1.62834
1.62158
1.61802
1.61891
1.62431
1.63303
1.64323
1.65318
1.66168
1.66785
1.67043
1.66745
1.65672
1.63717
1.6102
1.58009
1.55293
1.53437
1.52729
1.53082
1.54118
1.55347
1.56325
1.56752
1.56497
1.55561
1.54055
1.52222
1.50451
1.49245
1.49063
1.50106
1.52203
1.54921
1.57809
1.60566
1.63053
1.65212
1.67001
1.68359
1.69219
1.69537
1.69321
1.68617
1.67487
1.66009
1.64317
1.6265
1.61305
1.6054
1.60472
1.61059
1.62114
1.63388
1.64657
1.65797
1.66818
1.67834
1.68981
1.70332
1.71826
1.7327
1.7441
1.75027
1.75012
1.74372
1.73168
1.71511
1.69573
1.676
1.65864
1.64577
1.63828
1.63585
1.63744
1.64177
1.64768
1.65456
1.66226
1.67095
1.68074
1.69151
1.7029
1.71438
1.72529
1.73481
1.74174
1.74424
1.73999
1.72679
1.70351
1.67113
1.63309
1.59465
1.56097
1.53495
1.51679
1.50541
1.50011
1.50101
1.50846
1.52216
1.54091
1.56307
1.58702
1.61126
1.63433
1.6547
1.67083
1.68134
1.68536
1.68297
1.6755
1.66522
1.6545
1.64477
1.63612
1.62766
1.61861
1.60922
1.60108
1.59665
1.59825
1.60721
1.62358
1.64627
1.67334
1.70214
1.72969
1.75335
1.77142
1.78326
1.78917
1.79012
1.78762
1.78357
1.77991
1.77809
1.77838
1.7796
1.77966
1.77651
1.76888
1.75657
1.74008
1.72012
1.69731
1.67231
1.64607
1.62024
1.59727
1.57997
1.5708
1.57089
1.5795
1.59413
1.61143
1.6283
1.64248
1.65277
1.65884
1.66095
1.65958
1.655
1.64725
1.63636
1.62256
1.60658
1.5897
1.57386
1.56138
1.5545
1.5548
1.56271
1.57752
1.59768
1.62117
1.64579
1.66946
1.69022
1.70642
1.71659
1.71958
1.71484
1.70311
1.6872
1.67172
1.66148
1.65888
1.66296
1.67074
1.67914
1.68592
1.68982
1.69041
1.68814
1.68421
1.68007
1.67688
1.67512
1.67436
1.67345
1.67109
1.6665
1.65992
1.65247
1.64553
1.6402
1.63724
1.63718
1.64023
1.64576
1.65191
1.6555
1.65282
1.64087
1.61837
1.58628
1.54767
1.50742
1.4718
1.4477
1.44057
1.45211
1.47952
1.51712
1.55859
1.59821
1.63146
1.65541
1.66891
1.67251
1.66817
1.65904
1.64879
1.64034
1.63465
1.63061
1.62647
1.62159
1.61665
1.61252
1.60916
1.60518
1.59868
1.58833
1.57421
1.55821
1.54378
1.53522
1.53687
1.55212
1.58202
1.62419
1.67293
1.7206
1.75992
1.7856
1.79505
1.78861
1.76962
1.7444
1.72115
1.70728
1.70603
1.71537
1.72973
1.74281
1.74975
1.74816
1.73814
1.72192
1.70283
1.68408
1.66767
1.65415
1.64335
1.6353
1.63042
1.62926
1.63201
1.63845
1.64805
1.66026
1.67448
1.68993
1.70564
1.72053
1.73375
1.74484
1.75364
1.76007
1.76369
1.76367
1.75912
1.74969
1.73611
1.72025
1.70472
1.69197
1.68363
