-5.24607
-5.24784
-5.24574
-5.23977
-5.23094
-5.2221
-5.21186
-5.19992
-5.18968
-5.18046
-5.17182
-5.16302
-5.15499
-5.1489
-5.14714
-5.14988
-5.16023
-5.17304
-5.18904
-5.20589
-5.2202
-5.23116
-5.23657
-5.23471
-5.22602
-5.20945
-5.18999
-5.16793
-5.14739
-5.1329
-5.1222
-5.11457
-5.10773
-5.10184
-5.09594
-5.08873
-5.08192
-5.0772
-5.07601
-5.08191
-5.09304
-5.10802
-5.12208
-5.13428
-5.14169
-5.14324
-5.14201
-5.14017
-5.13622
-5.13181
-5.12513
-5.11488
-5.10278
-5.08859
-5.07503
-5.0631
-5.05539
-5.05244
-5.05201
-5.05558
-5.0609
-5.06789
-5.07591
-5.08048
-5.08216
-5.08152
-5.08074
-5.08035
-5.08126
-5.08254
-5.08129
-5.07562
-5.06973
-5.06768
-5.07247
-5.08723
-5.10918
-5.13349
-5.15426
-5.17049
-5.18075
-5.18389
-5.18214
-5.17273
-5.16042
-5.14384
-5.12448
-5.10347
-5.08149
-5.06284
-5.05112
-5.04658
-5.0489
-5.05625
-5.06627
-5.0767
-5.08583
-5.0934
-5.09874
-5.10086
