1.09917
1.09625
1.09109
1.08342
1.07289
1.05902
1.04125
1.01891
0.991294
0.95779
0.918002
0.871946
0.820259
0.76441
0.706719
0.65019
0.598095
0.553378
0.518178
0.493528
0.479322
0.474448
0.477111
0.485168
0.496476
0.509169
0.521826
0.533511
0.543769
0.552532
0.559979
0.566369
0.571908
0.576699
0.580701
0.583794
0.585888
0.587024
0.587396
0.587334
0.587233
0.587458
0.588261
0.589798
0.592095
0.595025
0.59833
0.60162
0.604497
0.606632
0.607833
0.608121
0.607703
0.606908
0.606108
0.605612
0.605632
0.60629
0.60761
0.609516
0.611826
0.614248
0.616369
0.617778
0.618129
0.617227
0.615121
0.612127
0.608802
0.60578
0.603516
0.602042
0.600944
0.599574
0.597383
0.594189
0.590201
0.585954
0.582162
0.579561
0.578789
0.580275
0.584137
0.590153
0.597841
0.606575
0.615715
0.624687
0.633027
0.640366
0.646429
0.650984
0.653841
0.654897
0.654124
0.651591
0.647439
0.641856
0.635008
0.627054
