1.0869
1.06816
1.0448
1.01777
0.988514
0.958739
0.930148
0.904112
0.881558
0.863054
0.849079
0.840191
0.836987
0.839814
0.848436
0.861802
0.878212
0.895782
0.912857
0.928193
0.940891
0.950214
0.955573
0.956645
0.953466
0.94646
0.936376
0.924019
0.910025
0.894748
0.878371
0.861259
0.84438
0.82959
0.819446
0.816293
0.820991
0.832364
0.847851
0.864714
0.880828
0.894888
0.906182
0.914359
0.919245
0.920798
0.919094
0.914361
0.906994
0.89755
0.886658
0.874962
0.863031
0.851535
0.84142
0.833954
0.830447
0.831676
0.837447
0.846667
0.857842
0.869498
0.880466
0.889886
0.897173
0.901962
0.904008
0.903135
0.899224
0.892237
0.882287
0.869673
0.854956
0.83895
0.822684
0.80727
0.793766
0.78306
0.775867
0.772751
0.774111
0.779998
0.789878
0.802578
0.816537
0.830217
0.842457
0.85257
0.860243
0.865341
0.867769
0.867389
0.864179
0.858456
0.851117
0.843577
0.837396
0.833741
0.833033
0.834952
