-4.71475
-4.71475
-4.71475
-4.71475
-4.71369
-4.71112
-4.70825
-4.70538
-4.70342
-4.70176
-4.69979
-4.69738
-4.69707
-4.69722
-4.69571
-4.69631
-4.69646
-4.69797
-4.69827
-4.69888
-4.69888
-4.69979
-4.69994
-4.70024
-4.70055
-4.70025
-4.7007
-4.70115
-4.7013
-4.70161
-4.70115
-4.70175
-4.70175
-4.70191
-4.7016
-4.70221
-4.70281
-4.70266
-4.70266
-4.70236
-4.701
-4.70085
-4.70054
-4.7007
-4.70054
-4.70145
-4.7019
-4.70236
-4.70145
-4.70236
-4.70175
-4.70221
-4.70266
-4.70251
-4.70205
-4.70266
-4.70281
-4.70266
-4.70296
-4.70251
-4.70221
-4.70175
-4.7013
-4.7016
-4.70236
-4.70251
-4.70266
-4.70311
-4.70266
-4.7022
-4.7013
-4.7019
-4.70221
-4.70251
-4.70296
-4.70251
-4.70206
-4.701
-4.70145
-4.70205
-4.7013
-4.70115
-4.7013
-4.7019
-4.70251
-4.70341
-4.70281
-4.70296
-4.70387
-4.70402
-4.70417
-4.70432
-4.70432
-4.70432
-4.70417
-4.70432
-4.70462
-4.70553
-4.70538
-4.70508
