1.10285
1.10382
1.10253
1.09915
1.09407
1.08777
1.08075
1.07349
1.06646
1.05992
1.05385
1.04819
1.04323
1.03988
1.03921
1.04194
1.04804
1.05678
1.06705
1.07757
1.08701
1.09401
1.09732
1.09598
1.08968
1.07894
1.06516
1.05045
1.03706
1.0265
1.01906
1.01397
1.01002
1.00619
1.00195
0.997349
0.99291
0.989666
0.988974
0.991999
0.998914
1.0084
1.01807
1.0256
1.02984
1.03107
1.03045
1.02892
1.0266
1.02305
1.01799
1.01136
1.00319
0.993933
0.984695
0.976944
0.971803
0.969632
0.970256
0.973239
0.977889
0.983155
0.987792
0.99084
0.992062
0.992041
0.991826
0.992269
0.993376
0.994131
0.993093
0.989719
0.985491
0.983618
0.987216
0.997158
1.01159
1.02739
1.04174
1.05276
1.0595
1.06169
1.05962
1.05385
1.04504
1.03379
1.02068
1.00657
0.992828
0.981202
0.973391
0.970359
0.971905
0.976804
0.983483
0.990538
0.996924
1.00187
1.00493
1.00614
