-5.01909
-5.00034
-4.98172
-4.9677
-4.9595
-4.96084
-4.96813
-4.97687
-4.97801
-4.97242
-4.96048
-4.94561
-4.93146
-4.9222
-4.91941
-4.92171
-4.93035
-4.94311
-4.96148
-4.98644
-5.01493
-5.04561
-5.07618
-5.10126
-5.12061
-5.13361
-5.1375
-5.13327
-5.12015
-5.10435
-5.08649
-5.07123
-5.06126
-5.0544
-5.05187
-5.05012
-5.05016
-5.04992
-5.04783
-5.04784
-5.0467
-5.04732
-5.04781
-5.04807
-5.04578
-5.0415
-5.03259
-5.01553
-4.99334
-4.96743
-4.94326
-4.92712
-4.92313
-4.92663
-4.93296
-4.93994
-4.94193
-4.93763
-4.92887
-4.91561
-4.8984
-4.87952
-4.86143
-4.84836
-4.84203
-4.8468
-4.86121
-4.88343
-4.91134
-4.93989
-4.96899
-4.99823
-5.02909
-5.0586
-5.08866
-5.11266
-5.13018
-5.13947
-5.13837
-5.12807
-5.10911
-5.08533
-5.05698
-5.0283
-5.00289
-4.98125
-4.96456
-4.95175
-4.93993
-4.93407
-4.93866
-4.9559
-4.98268
-5.01339
-5.04257
-5.06763
-5.08475
-5.09679
-5.10336
-5.10499
-5.10135
-5.0907
-5.07465
-5.05177
-5.02299
-4.99131
-4.95859
-4.93013
-4.90826
-4.89266
-4.88454
-4.88272
-4.88453
-4.89107
-4.90081
-4.91368
-4.92508
-4.93683
-4.94636
-4.95545
-4.96397
-4.97077
-4.9783
-4.98574
-4.99429
-5.00315
-5.01318
-5.02246
-5.02949
-5.03355
-5.0361
-5.03387
-5.02794
-5.01666
-4.99971
-4.97783
-4.95402
-4.92967
-4.90914
-4.89527
-4.89118
-4.89566
-4.90894
-4.92762
-4.94802
-4.9674
-4.98175
-4.9909
-4.99325
-4.98819
-4.97838
-4.96693
-4.95932
-4.96222
-4.98007
-5.01027
-5.05067
-5.09569
-5.13822
-5.1726
-5.19604
-5.20512
-5.20148
-5.18577
-5.15888
-5.12677
-5.09177
-5.05884
-5.03213
-5.01414
-5.0058
-5.00718
-5.01522
-5.02474
-5.03192
-5.03357
-5.02786
-5.01508
-4.99886
-4.97993
-4.96307
-4.95127
-4.94498
-4.9472
-4.95402
-4.96588
-4.97944
-4.99108
-5.00344
-5.01132
-5.018
-5.02247
-5.02807
-5.03338
-5.03755
-5.04249
-5.04444
-5.04691
-5.04801
-5.04874
-5.05113
-5.05618
-5.06203
-5.0707
-5.07889
-5.08764
-5.09635
-5.1047
-5.11006
-5.11179
-5.10984
-5.10362
-5.09425
-5.0824
-5.07046
-5.06016
-5.05187
-5.04215
-5.03397
-5.02435
-5.01451
-5.00501
-4.99749
-4.99164
-4.98731
-4.98559
-4.9879
-4.99282
-4.99622
-4.9997
-5.00045
-4.99535
-4.98088
-4.95935
-4.93576
-4.91717
-4.91144
-4.92307
-4.95131
-4.99118
-5.03128
-5.06561
-5.08927
-5.09981
-5.09911
-5.09063
-5.07664
-5.06115
-5.04637
-5.03809
-5.03793
-5.04692
-5.06187
-5.07877
-5.0966
-5.11163
-5.12503
-5.1346
-5.13897
-5.13553
-5.12341
-5.10043
-5.06978
-5.03745
-5.00863
-4.9872
-4.97506
-4.97057
-4.97295
-4.97936
-4.98712
-4.99655
-5.00509
-5.01571
-5.02711
-5.0421
-5.0605
-5.08103
-5.10261
-5.12372
-5.13906
-5.14892
-5.15128
-5.14725
-5.138
-5.12447
-5.10738
-5.08872
-5.0688
-5.04707
-5.0244
-4.9989
-4.97097
-4.94473
-4.92082
-4.90175
-4.88953
-4.8859
-4.89093
-4.90044
-4.91346
-4.92951
-4.94769
-4.96802
-4.98725
-5.00314
-5.01169
-5.01451
-5.01174
-5.0051
-4.99702
-4.98688
-4.97879
-4.97007
-4.9601
-4.95114
-4.94247
-4.93401
-4.92701
-4.92061
-4.91554
-4.91175
-4.90795
-4.90682
-4.90952
-4.91558
-4.92553
-4.94088
-4.9588
-4.97931
-5.00019
-5.02265
-5.04317
-5.06478
-5.08415
-5.10062
-5.11457
-5.12518
-5.12896
-5.12554
-5.11335
-5.09479
-5.07045
-5.04211
-5.01348
-4.9858
-4.96249
-4.9433
-4.92948
-4.91877
-4.90604
-4.89163
-4.87461
-4.85547
-4.83992
-4.83255
-4.83905
-4.85711
-4.88483
-4.91568
-4.94254
-4.95657
-4.95368
-4.93415
-4.90623
-4.88052
-4.86821
-4.87329
-4.89454
-4.92748
-4.96534
-5.00276
-5.03172
-5.0509
-5.05702
-5.05249
-5.04088
-5.02526
-5.00815
-4.99211
-4.97946
-4.97175
-4.96812
-4.96913
-4.97294
-4.97623
-4.97816
-4.97556
-4.96825
-4.95909
-4.94915
-4.94453
-4.94776
-4.95971
-4.97748
-4.99775
-5.01643
-5.03088
-5.03828
-5.03872
-5.03216
-5.02234
-5.01665
-5.01528
-5.01907
-5.02453
-5.02681
-5.02279
-5.01538
-5.00776
-5.00851
-5.02194
-5.0431
-5.06326
-5.07482
-5.07311
-5.05946
-5.03392
-4.99886
-4.96235
-4.92747
-4.89834
-4.87909
-4.86823
-4.8672
-4.87408
-4.88576
-4.90483
-4.92837
-4.95337
-4.97628
-4.99041
-4.99481
-4.98958
-4.97763
-4.96177
-4.94551
-4.92868
-4.91
-4.891
-4.87502
-4.86647
-4.86867
-4.88223
-4.90279
-4.92418
-4.94242
-4.95638
-4.96378
-4.96795
-4.96876
-4.97151
-4.97796
-4.98993
-5.00438
-5.02028
-5.03463
-5.04548
-5.0521
-5.05679
-5.05752
-5.05932
-5.06169
-5.06434
-5.06558
-5.06689
-5.06555
-5.06324
-5.06183
-5.06332
-5.06731
-5.07384
-5.08255
-5.09237
-5.09884
-5.10085
-5.09799
-5.09252
-5.08544
-5.07743
-5.07209
-5.06939
-5.06971
-5.06985
-5.06964
-5.06778
-5.06542
-5.0627
-5.05985
-5.05523
-5.05006
-5.04383
-5.03765
-5.03224
-5.03051
-5.0325
-5.03651
-5.04244
-5.04933
-5.05742
-5.06391
-5.07083
-5.07854
-5.08626
-5.0948
-5.10306
-5.11262
-5.12261
-5.13268
-5.14196
-5.14617
-5.14363
-5.13337
-5.11434
-5.08899
-5.05672
-5.02362
-4.99439
-4.97115
-4.95496
-4.94572
-4.94198
-4.9382
-4.93409
-4.92808
-4.92065
-4.91433
-4.91191
-4.91488
-4.92297
-4.93646
-4.95249
-4.96729
-4.9794
-4.98856
-4.99302
-4.99622
-4.9979
-5.00002
-5.0026
-5.00538
-5.00713
-5.01148
-5.01971
-5.03366
-5.05249
-5.07419
-5.09542
-5.11437
-5.12987
-5.1409
-5.14924
-5.15489
-5.15823
-5.15751
-5.15402
-5.14766
-5.13779
-5.12647
-5.11424
-5.10045
-5.08666
-5.06943
-5.05384
-5.04017
-5.03258
-5.02909
-5.02635
-5.0199
-5.01096
-4.99738
-4.98338
-4.97104
-4.96338
-4.96145
-4.96513
-4.97326
-4.9812
-4.99087
-5.00058
-5.01084
-5.0213
-5.03234
-5.04279
-5.0532
-5.06093
-5.06685
-5.06869
-5.06426
-5.05412
-5.03852
-5.01926
-4.99784
-4.97718
-4.95936
-4.94561
-4.93466
-4.9264
-4.9222
-4.9191
-4.91901
-4.92311
-4.92971
-4.94049
-4.95421
-4.96954
-4.98844
-5.00834
-5.02856
-5.0464
-5.05895
-5.06577
-5.06457
-5.05585
-5.04141
-5.02213
-5.00368
-4.98992
-4.98194
-4.9808
-4.98377
-4.99012
-4.99848
-5.00612
-5.01128
-5.01023
-5.00374
-4.98931
-4.96954
-4.94777
-4.92391
-4.90396
-4.89029
-4.88474
-4.88898
-4.90063
-4.91725
-4.93505
-4.94962
-4.95935
-4.96531
-4.96699
-4.96914
-4.97404
-4.98421
-4.99864
-5.01564
-5.03152
-5.04148
-5.04306
-5.03245
-5.01291
-4.98852
-4.9636
-4.94129
-4.92388
-4.90905
-4.89436
-4.87869
-4.86242
-4.84903
-4.83684
-4.82848
-4.82086
-4.81579
-4.81573
-4.81898
-4.82893
-4.84342
-4.86388
-4.88796
-4.91688
-4.94692
-4.97443
-4.99593
-5.00956
-5.01616
-5.01574
-5.01208
-5.00735
-5.00044
-4.99447
-4.98642
-4.97551
-4.96103
-4.94238
-4.92159
-4.90011
-4.88118
-4.86511
-4.85317
-4.84565
-4.8427
-4.84331
-4.84434
-4.84359
-4.84386
-4.85006
-4.8633
-4.88368
-4.90743
-4.92848
-4.94224
-4.9506
-4.95348
-4.95194
-4.94654
-4.9393
-4.9277
-4.91442
-4.90228
-4.89503
-4.89613
-4.90638
-4.92332
-4.94344
-4.96229
-4.97826
-4.99135
-5.00502
-5.0189
-5.03348
-5.04742
-5.058
-5.06355
-5.0663
-5.06563
-5.0658
-5.06502
-5.06198
-5.05445
-5.04331
-5.03063
-5.01834
-5.00984
-5.00699
-5.01241
-5.02518
-5.04255
-5.06346
-5.08319
-5.09649
-5.10031
-5.09578
-5.08605
-5.07591
-5.07046
-5.07129
-5.07867
-5.0897
-5.10157
-5.11235
-5.11875
-5.12181
-5.11849
-5.11108
-5.1016
-5.08908
-5.07661
-5.0628
-5.04706
-5.03218
-5.01568
-5.0031
-4.99795
-5.00145
-5.01609
-5.0375
-5.06201
-5.08381
-5.10132
-5.11274
-5.11702
-5.11328
-5.10652
-5.10188
-5.10194
-5.11032
-5.1254
-5.14416
-5.157
-5.16766
-5.17678
-5.1903
-5.20785
-5.22659
-5.24166
-5.24879
-5.24655
-5.23052
-5.20691
-5.17604
-5.13987
-5.10234
-5.06283
-5.02351
-4.98565
-4.94753
-4.91422
-4.89021
-4.87966
-4.88573
-4.90756
-4.93975
-4.97814
-5.01298
-5.04337
-5.06596
-5.08156
-5.08802
-5.08513
-5.0775
-5.06942
-5.06604
-5.07063
-5.08187
-5.09818
-5.11636
-5.13399
-5.14856
-5.15888
-5.15973
-5.14891
-5.12502
-5.09383
-5.05636
-5.02071
-4.9982
-4.99541
-5.00776
-5.03204
-5.05895
-5.08218
-5.09673
-5.10251
-5.10219
-5.09669
-5.08978
-5.08418
-5.07931
-5.07644
-5.07563
-5.07645
-5.07819
-5.08172
-5.08653
-5.0914
-5.09616
-5.10027
-5.10177
-5.10199
-5.10139
-5.0984
-5.09247
-5.08592
-5.07991
-5.07542
-5.07323
-5.07301
-5.07363
-5.0726
-5.0698
-5.06242
-5.05085
-5.03479
-5.01569
-4.99471
-4.97379
-4.9559
-4.9422
-4.93429
-4.9337
-4.9393
-4.95234
-4.96962
-4.98783
-5.00743
-5.02371
-5.03727
-5.04766
-5.05385
-5.0589
-5.06497
-5.0683
-5.0687
-5.06407
-5.0536
-5.03964
-5.02931
-5.02787
-5.03805
-5.05622
-5.07477
-5.08583
-5.08644
-5.07361
-5.05297
-5.02632
-4.9991
-4.97974
-4.97267
-4.97979
-4.99959
-5.02618
-5.05257
-5.07143
-5.08171
-5.08393
-5.08057
-5.07555
-5.06806
-5.06112
-5.05333
-5.04232
-5.02962
-5.01577
-5.00282
-4.99286
-4.98727
-4.98983
-4.99648
-5.00647
-5.01736
-5.02522
-5.02947
-5.02701
-5.01748
-5.00416
-4.9904
-4.98343
-4.98678
-5.00458
-5.03346
-5.06709
-5.10041
-5.12812
-5.14849
-5.15972
-5.16331
-5.15973
-5.15088
-5.13443
-5.1112
-5.07987
-5.04283
-5.00221
-4.96679
-4.93935
-4.92408
-4.91797
-4.91853
-4.92543
-4.93538
-4.94803
-4.96183
-4.97616
-4.98939
-5.00184
-5.01464
-5.02714
-5.04001
-5.05102
-5.05982
-5.06243
-5.05959
-5.05238
-5.04037
-5.02858
-5.01506
-5.00201
-4.99143
-4.98201
-4.97321
-4.96805
-4.9701
-4.97835
-4.99547
-5.01952
-5.04948
-5.08108
-5.11142
-5.13925
-5.16191
-5.17793
-5.18646
-5.18587
-5.17695
-5.16345
-5.14891
-5.13965
-5.13679
-5.13735
-5.13771
-5.13487
-5.12355
-5.10455
-5.07913
-5.04708
-5.01672
-4.99196
-4.97804
-4.97517
-4.98
-4.99054
-5.00589
-5.0266
-5.0486
-5.06869
-5.08068
-5.0862
-5.08503
-5.08232
-5.07964
-5.07857
-5.07963
-5.08134
-5.08347
-5.08374
-5.0792
-5.07114
-5.06184
-5.05121
-5.04107
-5.03014
-5.02042
-5.0103
-5.00047
-4.98805
-4.9782
-4.96868
-4.96077
-4.95261
-4.94323
-4.93658
-4.93114
-4.92894
-4.92886
-4.93175
-4.93353
-4.93529
-4.93584
-4.93241
-4.92461
-4.91289
-4.90259
-4.90073
-4.91365
-4.93739
-4.96686
-4.9965
-5.02467
-5.05166
-5.07603
-5.09748
-5.11388
-5.12243
-5.12426
-5.11633
-5.103
-5.08405
-5.06077
-5.03365
-5.00558
-4.97594
-4.94723
-4.91965
-4.89626
-4.87427
-4.85711
-4.84316
-4.83569
-4.83674
-4.84703
-4.86684
-4.89406
-4.92493
-4.9551
-4.98312
-5.00798
-5.02721
-5.04147
-5.052
-5.05577
-5.05323
-5.04402
-5.02733
-5.00823
-4.98682
-4.96345
-4.94233
-4.92368
-4.9104
-4.90549
-4.90565
-4.90807
-4.91031
-4.90951
-4.90399
-4.89765
-4.89489
-4.89905
-4.91325
-4.93982
-4.97596
-5.01802
-5.06133
-5.10181
-5.13723
-5.16468
-5.18515
-5.19809
-5.20217
-5.19948
-5.19047
-5.17596
-5.1598
-5.14547
-5.13335
-5.12244
-5.11306
-5.10407
-5.09466
-5.08288
-5.07083
-5.05822
-5.04688
-5.03824
-5.0333
-5.03105
-5.03142
-5.03369
-5.03581
-5.03925
-5.0399
-5.03901
-5.03637
-5.03043
-5.02287
-5.01386
-5.00757
-5.00732
-5.01403
-5.02756
-5.04381
-5.05832
-5.0662
-5.06451
-5.05371
-5.04043
-5.02703
-5.01868
-5.01808
-5.02558
-5.03854
-5.05385
-5.06602
-5.07527
-5.08115
-5.08528
-5.08465
-5.08232
-5.07665
-5.07021
-5.06426
-5.06136
-5.05933
-5.05937
-5.05895
-5.05656
-5.052
-5.04426
-5.03512
-5.03033
-5.03274
-5.04227
-5.05597
-5.06973
-5.08054
-5.08547
-5.08677
-5.08453
-5.07846
-5.07015
-5.06062
-5.05068
-5.04274
-5.03747
-5.03569
-5.03957
-5.04636
-5.05455
-5.06385
-5.07368
-5.08338
-5.0938
-5.10522
-5.1166
-5.12449
-5.12632
-5.12349
-5.1146
-5.10091
-5.08581
-5.07089
-5.05548
-5.04012
-5.0247
-5.01043
-4.99413
-4.9784
-4.96393
-4.95125
-4.94222
-4.93779
-4.93771
-4.94137
-4.94592
-4.94851
-4.94425
-4.93397
-4.91962
-4.90311
-4.88945
-4.88003
-4.87662
-4.87607
-4.87939
-4.88511
-4.89363
-4.90929
-4.93053
-4.95817
-4.99125
-5.02321
-5.0505
-5.07025
-5.08049
-5.07984
-5.07226
-5.0614
-5.04942
-5.04113
-5.04097
-5.04923
-5.06438
-5.08317
-5.10359
-5.12399
-5.14111
-5.15293
-5.15806
-5.15897
-5.15489
-5.14987
-5.14506
-5.14297
-5.14414
-5.1493
-5.15785
-5.16862
-5.18029
-5.19077
-5.19806
-5.20069
-5.19515
-5.18659
-5.17308
-5.15774
-5.14253
-5.1271
-5.11519
-5.10569
-5.09738
-5.09126
-5.08303
-5.07249
-5.06022
-5.04284
-5.02408
-5.00444
-4.98288
-4.96305
-4.94485
-4.9338
-4.9317
-4.94293
-4.96833
-5.00364
-5.04489
-5.08683
-5.12656
-5.15675
-5.17432
-5.17931
-5.17227
-5.15741
-5.14291
-5.13162
-5.12365
-5.11514
-5.10393
-5.08759
-5.06687
-5.04126
-5.01357
-4.98628
-4.96166
-4.94663
-4.94503
-4.95988
-4.98806
-5.02168
-5.0547
-5.08179
-5.10094
-5.11174
-5.11443
-5.1126
-5.10554
-5.09259
-5.07604
-5.05633
-5.03581
-5.01447
-4.9945
-4.97971
-4.96788
-4.96134
-4.9598
-4.96218
-4.96912
-4.97961
-4.99072
-5.00223
-5.01243
-5.01747
-5.01501
-5.00499
-4.98835
-4.96533
-4.94139
-4.91784
-4.89355
-4.86624
-4.83869
-4.80907
-4.77933
-4.75677
-4.74238
-4.73957
-4.74757
-4.7615
-4.77565
-4.78909
-4.80104
-4.81491
-4.83281
-4.85569
-4.88244
-4.90836
-4.92946
-4.94643
-4.96001
-4.9727
-4.98387
-4.99557
-5.00768
-5.01677
-5.02156
-5.01924
-5.01064
-4.99335
-4.96977
-4.94354
-4.91891
-4.90209
-4.89517
-4.90175
-4.92276
-4.95301
-4.98956
-5.02676
-5.05973
-5.08546
-5.10398
-5.11714
-5.12468
-5.12943
-5.1306
-5.12959
-5.12595
-5.11937
-5.11081
-5.10202
-5.09345
-5.08635
-5.08106
-5.07945
-5.08334
-5.09095
-5.09687
-5.09983
-5.09867
-5.09189
-5.0802
-5.06629
-5.05185
-5.03832
-5.0279
-5.01975
-5.01592
-5.01796
-5.02634
-5.04264
-5.06287
-5.08489
-5.1061
-5.12323
-5.13634
-5.14421
-5.14625
-5.14311
-5.13515
-5.12058
-5.10383
-5.08362
-5.06107
-5.03752
-5.01399
-4.99016
-4.96676
-4.94551
-4.92627
-4.9084
-4.89411
-4.88231
-4.87505
-4.87362
-4.87941
-4.88972
-4.90206
-4.91231
-4.92094
-4.9286
-4.94395
-4.96654
-4.99143
-5.01652
-5.03275
-5.04194
-5.04724
-5.04721
-5.04309
-5.0328
-5.01897
-4.99952
-4.97815
-4.95598
-4.93618
-4.92326
-4.91618
-4.91542
-4.91823
-4.92055
-4.92374
-4.92653
-4.92773
-4.92694
-4.92329
-4.91549
-4.9093
-4.90479
-4.90573
-4.91473
-4.93152
-4.95284
-4.97919
-5.00636
-5.03183
-5.05196
-5.06656
-5.07347
-5.07517
-5.07428
-5.06861
-5.06061
-5.0499
-5.03663
-5.02206
-5.00814
-4.99729
-4.99012
-4.98637
-4.98768
-4.99328
-5.00374
-5.01773
-5.03368
-5.04904
-5.06036
-5.06653
-5.06658
-5.06102
-5.05068
-5.03916
-5.03183
-5.02826
-5.03001
-5.03595
-5.04337
-5.04948
-5.05334
-5.05603
-5.05801
-5.06236
-5.06623
-5.07304
-5.08071
-5.08962
-5.09915
-5.10786
-5.11563
-5.11883
-5.11544
-5.10799
-5.09708
-5.08651
-5.07885
-5.0754
-5.07644
-5.08048
-5.08144
-5.07804
-5.06594
-5.04604
-5.01831
-4.9859
-4.95036
-4.91668
-4.88762
-4.86713
-4.85667
-4.85572
-4.8604
-4.86853
-4.87732
-4.885
-4.89264
-4.90529
-4.92259
-4.9434
-4.96578
-4.98987
-5.0107
-5.02389
-5.03002
-5.02653
-5.01704
-5.00665
-4.99864
-4.99971
-5.0119
-5.03564
-5.06684
-5.10215
-5.13679
-5.16742
-5.19169
-5.20726
-5.21442
-5.21266
-5.20513
-5.19315
-5.18006
-5.16586
-5.15427
-5.144
-5.13615
-5.13089
-5.12708
-5.12499
-5.12421
-5.1213
-5.11697
-5.11183
-5.10299
-5.09659
-5.09464
-5.10128
-5.11531
-5.13436
-5.15372
-5.16775
-5.1734
-5.1686
-5.1528
-5.12839
-5.09741
-5.06305
-5.02941
-5.00081
-4.97747
-4.96145
-4.95368
-4.95325
-4.95646
-4.95947
-4.96226
-4.96325
-4.96073
-4.95214
-4.93843
-4.92073
-4.90115
-4.88203
-4.86564
-4.85621
-4.85511
-4.86077
-4.87418
-4.89284
-4.91389
-4.93919
-4.9591
-4.97398
-4.9818
-4.98318
-4.98127
-4.97651
-4.97209
-4.97116
-4.97354
-4.98075
-4.99454
-5.01415
-5.03661
-5.06048
-5.0792
-5.09068
-5.09175
-5.08493
-5.07183
-5.05437
-5.0367
-5.02085
-5.00701
-4.99753
-4.99051
-4.9871
-4.98536
-4.98478
-4.98368
-4.97886
-4.97272
-4.96513
-4.95772
-4.94997
-4.94227
-4.93611
-4.92967
-4.92439
-4.92107
-4.92653
-4.94008
-4.9632
-4.99325
-5.03038
-5.07007
-5.10653
-5.13605
-5.15768
-5.16827
-5.17155
-5.16686
-5.15665
-5.13974
-5.11782
-5.08727
-5.05276
-5.01596
-4.98409
-4.96153
-4.95106
-4.94955
-4.9503
-4.94927
-4.94114
-4.93212
-4.92582
-4.92855
-4.93697
-4.94926
-4.96233
-4.97599
-4.98793
-4.99655
-4.99862
-4.9951
-4.98522
-4.96931
-4.94994
-4.92904
-4.911
-4.89908
-4.89839
-4.91431
-4.94002
-4.97091
-4.99835
-5.02143
-5.04249
-5.06133
-5.07992
-5.09243
-5.09447
-5.08308
-5.06196
-5.03451
-5.0084
-4.98431
-4.96372
-4.94086
-4.91504
-4.88418
-4.85053
-4.8161
-4.78633
-4.7655
-4.75425
-4.75344
-4.76155
-4.77372
-4.78862
-4.80406
-4.81624
-4.82834
-4.84385
-4.86582
-4.89624
-4.93092
-4.96393
-4.98851
-4.99932
-4.99507
-4.97451
-4.94249
-4.90515
-4.87176
-4.84993
-4.84448
-4.85821
-4.88725
-4.92717
-4.97231
-5.01887
-5.06175
-5.09888
-5.1275
-5.14658
-5.15485
-5.15357
-5.14138
-5.124
-5.10103
-5.07523
-5.04561
-5.01536
-4.9879
-4.96532
-4.95208
-4.94918
-4.95538
-4.96802
-4.9845
-4.99854
-5.00783
-5.01356
-5.01283
-5.00509
-4.99445
-4.98198
-4.97024
-4.96106
-4.96098
-4.96877
-4.98125
-5.00015
-5.01847
-5.03305
-5.04046
-5.0409
-5.03294
-5.02158
-5.00837
-4.99682
-4.98942
-4.98406
-4.97684
-4.96604
-4.94919
-4.9284
-4.90751
-4.89455
-4.89598
-4.91401
-4.94328
-4.98112
-5.01847
-5.04883
-5.07121
-5.08155
-5.07947
-5.06754
-5.04973
-5.03363
-5.01936
-5.0077
-4.99539
-4.9785
-4.96523
-4.95996
-4.96492
-4.98202
-5.00694
-5.03178
-5.05536
-5.07294
-5.08138
-5.08146
-5.07625
-5.07254
-5.07191
-5.07605
-5.0832
-5.09012
-5.09385
-5.08924
-5.07703
-5.05762
-5.03177
-5.0049
-4.97693
-4.95097
-4.92946
-4.91249
-4.90154
-4.89499
-4.89456
-4.89827
-4.90726
-4.92076
-4.93797
-4.95779
-4.97684
-4.99244
-5.00293
-5.0051
-4.99946
-4.98519
-4.96767
-4.94796
-4.92997
-4.91861
-4.91191
-4.91192
-4.91463
-4.91802
-4.91842
-4.91723
-4.9134
-4.91136
-4.91523
-4.92593
-4.94643
-4.97298
-5.00536
-5.03743
-5.06338
-5.08256
-5.09236
-5.09281
-5.08449
-5.06882
-5.04979
-5.02863
-5.00848
-4.99397
-4.98723
-4.98885
-4.9985
-5.01096
-5.02495
-5.03735
-5.04539
-5.04921
-5.04582
-5.03688
-5.02827
-5.02076
-5.01666
-5.01637
-5.02175
-5.0297
-5.03725
-5.04324
-5.04475
-5.04078
-5.03143
-5.01915
-5.00525
-4.99287
-4.98313
-4.97879
-4.98031
-4.98645
-4.99687
-5.00802
-5.01646
-5.02242
-5.02226
-5.01911
-5.01476
-5.00958
-5.0048
-4.99912
-4.99112
-4.97949
-4.96666
-4.95278
-4.94036
-4.93087
-4.92543
-4.92394
-4.92422
-4.92586
-4.92837
-4.93248
-4.93934
-4.95185
-4.96765
-4.98709
-5.00598
-5.02222
-5.03409
-5.04121
-5.04344
-5.03977
-5.03289
-5.02674
-5.0228
-5.02475
-5.03419
-5.05019
-5.0685
-5.08828
-5.10719
-5.12523
-5.14511
-5.16659
-5.18617
-5.20308
-5.21562
-5.22407
-5.22522
-5.22294
-5.21259
-5.19809
-5.17931
-5.15938
-5.14151
-5.12594
-5.10988
-5.09282
-5.07462
-5.05466
-5.03489
-5.0169
-5.00171
-4.99067
-4.98729
-4.99509
-5.01453
-5.03987
-5.06594
-5.08651
-5.10097
-5.10895
-5.11326
-5.11314
-5.11194
-5.11141
-5.10997
-5.111
-5.11232
-5.11506
-5.11796
-5.12097
-5.12202
-5.1224
-5.12068
-5.11951
-5.11714
-5.1157
-5.11573
-5.11541
-5.11408
-5.11207
-5.10922
-5.10681
-5.10356
-5.1001
-5.09769
-5.09765
-5.09898
-5.10215
-5.10573
-5.11011
-5.11287
-5.11481
-5.1138
-5.11024
-5.10598
-5.09924
-5.0882
-5.07522
-5.06085
-5.04485
-5.02845
-5.01061
-4.99499
-4.98482
-4.98234
-4.98635
-4.99247
-4.99666
-5.00012
-5.00234
-5.00412
-5.00674
-5.00994
-5.0134
-5.01705
-5.01901
-5.0201
-5.02204
-5.02495
-5.02936
-5.03632
-5.04581
-5.0555
-5.06651
-5.0756
-5.08318
-5.08695
-5.0898
-5.08987
-5.0869
-5.08482
-5.08147
-5.07711
-5.07285
-5.06904
-5.06335
-5.05718
-5.04867
-5.03997
-5.03234
-5.02926
-5.03162
-5.03706
-5.04419
-5.05185
-5.05459
-5.05142
-5.04235
-5.03138
-5.01772
-5.00587
-4.99834
-4.99898
-5.00693
-5.02082
-5.03489
-5.04406
-5.04795
-5.04348
-5.03417
-5.01994
-5.00427
-4.99396
-4.99083
-4.99704
-5.00972
-5.0224
-5.03454
-5.04202
-5.04644
-5.04825
-5.04832
-5.05054
-5.05443
-5.05881
-5.06218
-5.06559
-5.06666
-5.06579
-5.06119
-5.05323
-5.04474
-5.03622
-5.02775
-5.02327
-5.02363
-5.0293
-5.04048
-5.05694
-5.077
-5.0972
-5.11357
-5.12495
-5.12875
-5.12373
-5.1109
-5.09002
-5.0649
-5.03752
-5.01096
-4.98869
-4.9719
-4.96159
-4.95656
-4.95447
-4.9529
-4.95085
-4.94849
-4.94295
-4.93694
-4.93154
-4.92881
-4.93154
-4.93905
-4.94769
-4.95672
-4.9628
-4.96442
-4.96024
-4.9509
-4.93816
-4.92552
-4.91667
-4.91519
-4.9194
-4.92988
-4.94351
-4.95417
-4.9611
-4.96009
-4.95527
-4.95091
-4.95222
-4.96029
-4.97469
-4.99082
-5.00303
-5.00908
-5.00739
-4.9969
-4.98168
-4.96144
-4.93757
-4.91414
-4.89396
-4.88019
-4.87654
-4.88373
-4.90171
-4.92749
-4.95545
-4.98034
-4.99865
-5.01242
-5.02168
-5.03217
-5.042
-5.05133
-5.05923
-5.06188
-5.06232
-5.06052
-5.05787
-5.05478
-5.05281
-5.05298
-5.05802
-5.0698
-5.08729
-5.11012
-5.13462
-5.15876
-5.17721
-5.18836
-5.19355
-5.19145
-5.18435
-5.17091
-5.15157
-5.12629
-5.09564
-5.06114
-5.02515
-4.99216
-4.9662
-4.94685
-4.93562
-4.93238
-4.93688
-4.94781
-4.96363
-4.98361
-4.9997
-5.01194
-5.01559
-5.01078
-5.00157
-4.99088
-4.98305
-4.97811
-4.97407
-4.96925
-4.96407
-4.96238
-4.96719
-4.97577
-4.98815
-5.00164
-5.01305
-5.01953
-5.02274
-5.02354
-5.02111
-5.01944
-5.02062
-5.02269
-5.02715
-5.0335
-5.0441
-5.05564
-5.0667
-5.07503
-5.07598
-5.0707
-5.05732
-5.03739
-5.01098
-4.98334
-4.95599
-4.9354
-4.92157
-4.92066
-4.93008
-4.9492
-4.97507
-5.00532
-5.03734
-5.06781
-5.09789
-5.1257
-5.14771
-5.16301
-5.1701
-5.16954
-5.16176
-5.14967
-5.13348
-5.11435
-5.09421
-5.07616
-5.06116
-5.04882
-5.03792
-5.02926
-5.0242
-5.01985
-5.02065
-5.02779
-5.04192
-5.06164
-5.08675
-5.11243
-5.13554
-5.15215
-5.16153
-5.16478
-5.1651
-5.16661
-5.16898
-5.17449
-5.18142
-5.1873
-5.18775
-5.17974
-5.16274
-5.13902
-5.11017
-5.07827
-5.04739
-5.02345
-5.00584
-4.99785
-4.99857
-5.00539
-5.01439
-5.02404
-5.03133
-5.03706
-5.04151
-5.04297
-5.04081
-5.03295
-5.01945
-5.00099
-4.97932
-4.95799
-4.93751
-4.92068
-4.91224
-4.91291
-4.92329
-4.94447
-4.97267
-5.0035
-5.03169
-5.05547
-5.07255
-5.08159
-5.08493
-5.08244
-5.0754
-5.06806
-5.0621
-5.06111
-5.06323
-5.06949
-5.07907
-5.08819
-5.09765
-5.10434
-5.10871
-5.11111
-5.11021
-5.10776
-5.10294
-5.09552
-5.08785
-5.0784
-5.07048
-5.06407
-5.06117
-5.05862
-5.06074
-5.06502
-5.0703
-5.07573
-5.08161
-5.08596
-5.08739
-5.08933
-5.0912
-5.09616
-5.10265
-5.109
-5.11769
-5.12595
-5.12896
-5.12733
-5.11882
-5.10622
-5.09048
-5.07165
-5.0523
-5.03371
-5.01738
-5.00118
-4.99027
-4.98215
-4.97758
-4.97763
-4.97824
-4.97782
-4.97521
-4.9704
-4.96258
-4.95378
-4.94614
-4.94291
-4.94263
-4.94596
-4.95596
-4.97059
-4.98855
-5.00878
-5.02878
-5.04664
-5.05994
-5.07261
-5.08229
-5.08923
-5.09061
-5.08564
-5.07415
-5.06129
-5.05405
-5.05138
-5.05352
-5.05603
-5.05802
-5.05895
-5.05874
-5.05667
-5.05283
-5.04816
-5.0457
-5.04861
-5.05729
-5.06863
-5.08108
-5.09179
-5.09556
-5.09158
-5.08055
-5.06539
-5.04694
-5.03014
-5.01745
-5.00974
-5.00855
-5.00911
-5.01085
-5.01128
-5.00952
-5.00786
-5.0049
-5.00338
-5.0025
-5.00133
-4.9983
-4.99539
-4.99113
-4.98637
-4.98075
-4.97531
-4.97061
-4.97095
-4.97526
-4.98258
-4.9918
-5.00079
-5.00985
-5.01677
-5.02273
-5.02512
-5.02611
-5.02216
-5.01432
-5.00518
-4.99576
-4.98667
-4.98077
-4.97554
-4.97143
-4.96745
-4.96424
-4.96221
-4.96185
-4.96079
-4.95614
-4.94759
-4.93362
-4.91578
-4.89727
-4.88176
-4.87726
-4.88514
-4.89954
-4.91771
-4.93637
-4.95457
-4.97097
-4.98724
-5.00408
-5.02093
-5.03739
-5.05472
-5.07003
-5.08508
-5.09738
-5.1036
-5.10242
-5.09264
-5.07324
-5.04773
-5.02113
-4.99585
-4.97338
-4.9554
-4.94263
-4.93415
-4.93104
-4.93045
-4.93168
-4.9318
-4.92771
-4.91951
-4.90965
-4.89912
-4.89231
-4.89046
-4.895
-4.90493
-4.9187
-4.93316
-4.94682
-4.95906
-4.96734
-4.97348
-4.97591
-4.97476
-4.9715
-4.96663
-4.96049
-4.95208
-4.94088
-4.92642
-4.90972
-4.88896
-4.86925
-4.85576
-4.85611
-4.87414
-4.91053
-4.96127
-5.01609
-5.06424
-5.10237
-5.12623
-5.13471
-5.1321
-5.11809
-5.09853
-5.07981
-5.06656
-5.05999
-5.0582
-5.0574
-5.05618
-5.05375
-5.04986
-5.04908
-5.0541
-5.06205
-5.0708
-5.07626
-5.07513
-5.0658
-5.04702
-5.02605
-5.00721
-4.99722
-4.99779
-5.00286
-5.0059
-5.00546
-4.99879
-4.98401
-4.96747
-4.95181
-4.94025
-4.93561
-4.93804
-4.9484
-4.96786
-4.99152
-5.01764
-5.04623
-5.07148
-5.09055
-5.10358
-5.1051
-5.09483
-5.07166
-5.03458
-4.98644
-4.93812
-4.89741
-4.87543
-4.87888
-4.90349
-4.94245
-4.98406
-5.02071
-5.04365
-5.05333
-5.04856
-5.03501
-5.01598
-4.99919
-4.98921
-4.98344
-4.98182
-4.9786
-4.97166
-4.95977
-4.94565
-4.93247
-4.92449
-4.9265
-4.93545
-4.95
-4.96879
-4.99056
-5.01466
-5.03968
-5.06565
-5.09108
-5.11315
-5.13365
-5.14772
-5.15576
-5.15537
-5.14584
-5.1289
-5.10775
-5.08877
-5.07304
-5.06518
-5.06285
-5.0664
-5.07566
-5.08887
-5.10491
-5.12084
-5.13642
-5.14614
-5.1542
-5.15745
-5.15626
-5.14864
-5.13667
-5.1201
-5.09928
-5.07698
-5.0568
-5.04258
-5.03438
-5.03414
-5.03959
-5.04552
-5.05185
-5.05445
-5.05326
-5.05044
-5.04463
-5.03843
-5.03523
-5.03885
-5.04829
-5.05916
-5.0652
-5.06508
-5.0547
-5.03371
-5.00531
-4.97278
-4.93979
-4.91364
-4.89907
-4.89805
-4.90831
-4.92775
-4.94964
-4.96809
-4.9825
-4.99224
-4.99516
-4.99554
-4.99197
-4.98441
-4.97445
-4.96466
-4.95707
-4.95478
-4.95818
-4.9698
-4.98545
-5.00021
-5.00785
-5.00494
-4.99602
-4.98334
-4.97676
-4.97599
-4.98055
-4.98837
-4.99712
-5.00721
-5.01963
-5.03203
-5.04421
-5.05485
-5.06258
-5.06794
-5.06849
-5.0657
-5.05291
-5.03462
-5.00545
-4.97189
-4.93497
-4.90018
-4.87208
-4.85455
-4.84786
-4.85422
-4.87126
-4.89654
-4.92714
-4.96017
-4.99389
-5.02124
-5.04176
-5.0525
-5.05316
-5.04567
-5.03217
-5.01732
-5.0061
-4.99874
-4.99642
-4.99647
-4.99813
-5.00096
-5.00671
-5.01608
-5.02928
-5.04541
-5.0633
-5.0804
-5.09581
-5.10713
-5.1128
-5.11226
-5.10667
-5.0949
-5.07634
-5.05003
-5.01745
-4.98014
-4.94144
-4.90746
-4.88201
-4.86821
-4.86562
-4.87225
-4.88417
-4.89785
-4.91184
-4.92603
-4.93808
-4.94958
-4.9594
-4.96622
-4.97083
-4.973
-4.97254
-4.97045
-4.96827
-4.96586
-4.96514
-4.96709
-4.97076
-4.97413
-4.97448
-4.9733
-4.97127
-4.97211
-4.97771
-4.9881
-5.0017
-5.01651
-5.02876
-5.03859
-5.04684
-5.05293
-5.05953
-5.06508
-5.07136
-5.07722
-5.07955
-5.08376
-5.0838
-5.08305
-5.07849
-5.06896
-5.05466
-5.0352
-5.01258
-4.9908
-4.97597
-4.9707
-4.97888
-5.00089
-5.03171
-5.06391
-5.0923
-5.11258
-5.12465
-5.1269
-5.12066
-5.1103
-5.09832
-5.08947
-5.08389
-5.08013
-5.0742
-5.06631
-5.05419
-5.03743
-5.01377
-4.98545
-4.95256
-4.91816
-4.88813
-4.86716
-4.85935
-4.86625
-4.88502
-4.90995
-4.93637
-4.9613
-4.97906
-4.99191
-4.9975
-4.99392
-4.98743
-4.97782
-4.97129
-4.97125
-4.98076
-4.99953
-5.02276
-5.04745
-5.07069
-5.08815
-5.09816
-5.10058
-5.0986
-5.09491
-5.09474
-5.10241
-5.11962
-5.14444
-5.17126
-5.19631
-5.21381
-5.21927
-5.21307
-5.19547
-5.16646
-5.1276
-5.0845
-5.04251
-5.00537
-4.97651
-4.95755
-4.94882
-4.94858
-4.95662
-4.96956
-4.98394
-4.99687
-5.00614
-5.00816
-5.00442
-4.99737
-4.98996
-4.98814
-4.99482
-5.01114
-5.0341
-5.05853
-5.08056
-5.09882
-5.11105
-5.1187
-5.12219
-5.12476
-5.12636
-5.12832
-5.12932
-5.12925
-5.12463
-5.11596
-5.10255
-5.08041
-5.05234
-5.01996
-4.98458
-4.95063
-4.92226
-4.90438
-4.89742
-4.89938
-4.90772
-4.91877
-4.92949
-4.93809
-4.94482
-4.95157
-4.95635
-4.96041
-4.96049
-4.95845
-4.95277
-4.94581
-4.93836
-4.93467
-4.93641
-4.94413
-4.95505
-4.9663
-4.97544
-4.98122
-4.98531
-4.98792
-4.98714
-4.98578
-4.98412
-4.98125
-4.978
-4.97344
-4.96805
-4.9634
-4.95871
-4.95604
-4.9587
-4.96696
-4.98307
-5.0078
-5.03697
-5.06881
-5.10011
-5.12766
-5.14947
-5.16244
-5.16811
-5.1652
-5.15245
-5.1346
-5.11421
-5.09748
-5.0833
-5.07167
-5.05821
-5.03933
-5.01585
-4.98858
-4.9631
-4.94037
-4.92087
-4.90482
-4.89302
-4.88144
-4.87161
-4.86453
-4.86099
-4.86312
-4.87299
-4.89257
-4.92256
-4.95933
-4.99857
-5.03503
-5.06364
-5.08298
-5.09225
-5.09264
-5.08544
-5.07166
-5.05344
-5.0346
-5.01561
-5.00099
-4.99331
-4.99522
-5.00384
-5.01692
-5.0311
-5.04046
-5.04497
-5.04485
-5.0418
-5.03853
-5.03614
-5.03654
-5.0404
-5.04507
-5.04642
-5.0431
-5.03503
-5.02231
-5.00682
-4.98976
-4.97102
-4.95315
-4.93884
-4.92761
-4.92523
-4.93248
-4.94913
-4.97527
-5.00212
-5.02463
-5.03666
-5.0363
-5.02551
-5.00776
-4.98922
-4.97331
-4.96202
-4.95316
-4.94734
-4.94074
-4.9378
-4.93907
-4.94329
-4.95107
-4.96005
-4.96834
-4.97445
-4.98213
-4.99203
-5.00577
-5.02187
-5.0397
-5.05678
-5.07006
-5.07995
-5.08435
-5.08449
-5.08048
-5.07409
-5.06447
-5.05306
-5.04258
-5.03415
-5.02586
-5.01625
-5.00242
-4.9815
-4.95514
-4.92589
-4.9006
-4.8849
-4.87967
-4.8842
-4.8974
-4.91579
-4.93542
-4.95378
-4.96728
-4.97406
-4.97227
-4.96536
-4.95768
-4.95037
-4.94642
-4.94995
-4.95677
-4.9683
-4.98316
-4.99623
-5.00547
-5.01122
-5.0155
-5.01926
-5.02384
-5.03324
-5.04467
-5.05712
-5.06748
-5.07456
-5.07717
-5.07449
-5.067
-5.0555
-5.04239
-5.02754
-5.01299
-4.99752
-4.97974
-4.96383
-4.95302
-4.94853
-4.95364
-4.9663
-4.98474
-5.00467
-5.02424
-5.04231
-5.05498
-5.05973
-5.05725
-5.04679
-5.03114
-5.01608
-5.00105
-4.99018
-4.98153
-4.97224
-4.96167
-4.95239
-4.94488
-4.94362
-4.94922
-4.9616
-4.97699
-4.99214
-5.00343
-5.00946
-5.01006
-5.00755
-5.00496
-5.0046
-5.00959
-5.01811
-5.02548
-5.03055
-5.02877
-5.02001
-5.00532
-4.98602
-4.96592
-4.94595
-4.93028
-4.91927
-4.91933
-4.92975
-4.94929
-4.97712
-5.00535
-5.03102
-5.04619
-5.0512
-5.04419
-5.02621
-4.99763
-4.96587
-4.93381
-4.90894
-4.89287
-4.88699
-4.88916
-4.89708
-4.9083
-4.9209
-4.93473
-4.9481
-4.96144
-4.9744
-4.9875
-5.00246
-5.02165
-5.04373
-5.06969
-5.09362
-5.1126
-5.12605
-5.13201
-5.12903
-5.11816
-5.10162
-5.08152
-5.06006
-5.0377
-5.01315
-4.98605
-4.96237
-4.93956
-4.92103
-4.90668
-4.89736
-4.89084
-4.88742
-4.89015
-4.8974
-4.91231
-4.93332
-4.95872
-4.98495
-5.00973
-5.03236
-5.05006
-5.06585
-5.07772
-5.08809
-5.09464
-5.09627
-5.09014
-5.07467
-5.04944
-5.01686
-4.97887
-4.9441
-4.91851
-4.90637
-4.90625
-4.91057
-4.91977
-4.93318
-4.9479
-4.9648
-4.98142
-4.99346
-5.00093
-5.00157
-4.99798
-4.99098
-4.98282
-4.97415
-4.96775
-4.96207
-4.95719
-4.95307
-4.94811
-4.94142
-4.93279
-4.92183
-4.9105
-4.89774
-4.88839
-4.88152
-4.87582
-4.87069
-4.86361
-4.85649
-4.84973
-4.84573
-4.84634
-4.85201
-4.86496
-4.88463
-4.90854
-4.93563
-4.96408
-4.99114
-5.0181
-5.04501
-5.06992
-5.09531
-5.11848
-5.13875
-5.1524
-5.15828
-5.15598
-5.1459
-5.12983
-5.11113
-5.09348
-5.07737
-5.06154
-5.0483
-5.03732
-5.03011
-5.0247
-5.02156
-5.02165
-5.02491
-5.02905
-5.03539
-5.04146
-5.048
-5.05418
-5.06062
-5.06472
-5.06503
-5.06346
-5.06217
-5.06038
-5.06348
-5.07014
-5.08023
-5.09438
-5.11289
-5.13372
-5.15612
-5.17985
-5.20284
-5.22346
-5.23908
-5.24596
-5.2442
-5.23005
-5.20536
-5.17152
-5.13199
-5.09368
-5.06058
-5.03476
-5.01881
-5.00998
-5.00643
-5.00382
-5.00384
-5.00362
-5.00222
-4.99885
-4.99176
-4.9806
-4.96366
-4.94407
-4.92253
-4.89951
-4.87779
-4.86073
-4.8522
-4.8513
-4.85977
-4.87761
-4.90398
-4.934
-4.96556
-4.99469
-5.01674
-5.03299
-5.04316
-5.04808
-5.04988
-5.05098
-5.052
-5.05192
-5.05212
-5.05162
-5.0494
-5.04619
-5.03948
-5.03006
-5.0151
-4.99687
-4.97502
-4.95142
-4.92706
-4.90406
-4.88187
-4.86131
-4.84164
-4.82382
-4.81034
-4.80577
-4.81533
-4.84032
-4.87802
-4.92193
-4.96613
-5.00275
-5.03164
-5.05217
-5.06314
-5.06467
-5.05916
-5.04603
-5.02672
-5.00511
-4.98355
-4.96375
-4.9492
-4.94029
-4.93787
-4.94063
-4.94701
-4.95486
-4.96139
-4.96521
-4.96559
-4.96238
-4.95755
-4.95542
-4.95664
-4.96416
-4.97688
-4.99296
-5.0094
-5.0237
-5.03305
-5.03668
-5.03583
-5.03056
-5.02053
-5.00712
-4.99119
-4.97364
-4.95383
-4.93192
-4.90798
-4.88119
-4.85283
-4.83087
-4.81945
-4.8237
-4.83536
-4.85149
-4.87093
-4.89416
-4.92308
-4.95596
-4.99178
-5.02703
-5.05653
-5.07713
-5.08681
-5.0846
-5.07286
-5.05611
-5.03887
-5.02661
-5.01881
-5.0113
-5.00444
-4.99205
-4.97336
-4.94899
-4.92036
-4.88902
-4.86333
-4.84235
-4.83104
-4.83101
-4.83988
-4.85889
-4.88495
-4.91372
-4.94351
-4.97147
-4.99791
-5.02318
-5.04494
-5.06403
-5.08167
-5.09582
-5.10729
-5.11498
-5.12071
-5.12361
-5.1231
-5.11945
-5.11489
-5.11029
-5.10813
-5.10881
-5.10664
-5.09914
-5.0904
-5.07843
-5.06698
-5.05751
-5.05398
-5.05555
-5.06154
-5.07154
-5.08189
-5.08959
-5.09259
-5.08697
-5.07352
-5.05277
-5.02722
-4.99487
-4.95897
-4.92008
-4.88233
-4.85541
-4.8469
-4.86416
-4.89623
-4.93071
-4.95958
-4.97966
-4.98867
-4.98683
-4.9752
-4.95297
-4.92455
-4.89298
-4.86312
-4.84138
-4.8289
-4.8277
-4.83887
-4.85647
-4.87732
-4.89516
-4.90722
-4.91138
-4.90726
-4.89825
-4.88604
-4.87335
-4.86527
-4.86442
-4.87116
-4.88471
-4.90446
-4.93056
-4.95835
-4.98346
-5.00374
-5.01893
-5.0278
-5.02913
-5.02399
-5.01112
-4.99089
-4.96375
-4.93111
-4.90004
-4.87304
-4.85417
-4.84197
-4.83767
-4.8412
-4.8604
-4.89593
-4.9422
-4.9931
-5.04561
-5.09492
-5.13756
-5.17299
-5.2001
-5.22048
-5.23268
-5.23547
-5.23075
-5.21979
-5.20322
-5.18004
-5.15085
-5.11658
-5.08162
-5.04496
-5.01056
-4.98402
-4.96538
-4.95522
-4.94938
-4.94721
-4.95032
-4.95633
-4.966
-4.97743
-4.98716
-4.99727
-5.0065
-5.01586
-5.02567
-5.03397
-5.0382
-5.03789
-5.03202
-5.02552
-5.02094
-5.01946
-5.02219
-5.02668
-5.03004
-5.02904
-5.02147
-5.00442
-4.98025
-4.95115
-4.92233
-4.89634
-4.87724
-4.86313
-4.85501
-4.85074
-4.85004
-4.85352
-4.8621
-4.87433
-4.89017
-4.91348
-4.94445
-4.98702
-5.03841
-5.09141
-5.13854
-5.17751
-5.20467
-5.21816
-5.21912
-5.20952
-5.19
-5.16469
-5.13698
-5.10915
-5.08512
-5.06682
-5.05417
-5.0507
-5.05386
-5.06407
-5.07921
-5.09525
-5.11029
-5.11988
-5.12209
-5.11618
-5.10195
-5.08367
-5.06329
-5.04409
-5.02756
-5.01931
-5.01582
-5.01362
-5.01033
-5.00529
-4.99682
-4.99014
-4.98306
-4.97821
-4.97212
-4.96456
-4.95353
-4.94003
-4.92504
-4.91043
-4.90294
-4.90612
-4.92262
-4.95147
-4.98478
-5.0186
-5.04768
-5.06911
-5.08394
-5.09505
-5.10295
-5.10875
-5.11422
-5.11575
-5.11476
-5.11
-5.1036
-5.09854
-5.09762
-5.10078
-5.11111
-5.12513
-5.13979
-5.1555
-5.16744
-5.17439
-5.17353
-5.1677
-5.15694
-5.14168
-5.12498
-5.10505
-5.08213
-5.05684
-5.03142
-5.00711
-4.98911
-4.9769
-4.96884
-4.9653
-4.96456
-4.96399
-4.96532
-4.96722
-4.97165
-4.97745
-4.98626
-4.99504
-5.00289
-5.00957
-5.0115
-5.00717
-4.99815
-4.98321
-4.96278
-4.9382
-4.90944
-4.87811
-4.84475
-4.81341
-4.78804
-4.77237
-4.76684
-4.77352
-4.7932
-4.8216
-4.8521
-4.88018
-4.90466
-4.92501
-4.94092
-4.95317
-4.96252
-4.96902
-4.97266
-4.9731
-4.96967
-4.96435
-4.95796
-4.95244
-4.948
-4.94676
-4.94739
-4.95072
-4.95766
-4.96487
-4.97294
-4.97919
-4.98521
-4.98957
-4.99315
-4.99553
-4.99733
-4.99874
-4.99904
-5.00012
-5.00454
-5.01057
-5.02046
-5.03385
-5.04919
-5.06434
-5.07878
-5.08832
-5.09263
-5.09182
-5.08554
-5.07437
-5.0604
-5.04045
-5.02084
-5.00041
-4.98212
-4.96554
-4.95371
-4.94769
-4.94617
-4.95085
-4.95857
-4.97096
-4.98562
-5.00197
-5.0201
-5.03746
-5.05399
-5.06695
-5.07614
-5.0789
-5.07636
-5.06778
-5.05668
-5.04567
-5.03706
-5.03222
-5.03414
-5.03922
-5.04572
-5.05236
-5.05259
-5.04483
-5.02745
-5.00447
-4.97628
-4.94926
-4.92762
-4.91556
-4.91391
-4.92237
-4.93836
-4.95813
-4.97775
-4.99625
-5.00948
-5.01651
-5.01724
-5.01281
-5.00395
-4.99328
-4.98129
-4.97204
-4.96613
-4.96394
-4.96509
-4.96691
-4.96905
-4.96984
-4.97113
-4.97084
-4.97029
-4.97173
-4.97612
-4.98649
-5.00329
-5.02383
-5.04443
-5.05685
-5.06149
-5.05672
-5.04063
-5.01914
-4.99427
-4.97104
-4.95439
-4.94951
-4.95862
-4.98104
-5.01422
-5.0499
-5.08226
-5.10857
-5.12526
-5.13114
-5.12595
-5.11655
-5.10185
-5.087
-5.07094
-5.05562
-5.03914
-5.02424
-5.00968
-4.99531
-4.98502
-4.97875
-4.97636
-4.97822
-4.9807
-4.98301
-4.98435
-4.9834
-4.98114
-4.97996
-4.97996
-4.9814
-4.98316
-4.98405
-4.98349
-4.9814
-4.97532
-4.96551
-4.9523
-4.93531
-4.91845
-4.90588
-4.89687
-4.8971
-4.90725
-4.92518
-4.94749
-4.96891
-4.98459
-4.9954
-5.00093
-5.00175
-4.99919
-4.99445
-4.98505
-4.97049
-4.95144
-4.92801
-4.90476
-4.88526
-4.87431
-4.87418
-4.88561
-4.90629
-4.93141
-4.9572
-4.98056
-4.99842
-5.01077
-5.01953
-5.02517
-5.0295
-5.03514
-5.04132
-5.04447
-5.04297
-5.03933
-5.03354
-5.0303
-5.02909
-5.0304
-5.03177
-5.03249
-5.03784
-5.0504
-5.07146
-5.09685
-5.11801
-5.13196
-5.13408
-5.12399
-5.10557
-5.08368
-5.06055
-5.04343
-5.03491
-5.04077
-5.05688
-5.07851
-5.10015
-5.11721
-5.12792
-5.13013
-5.12626
-5.11624
-5.10222
-5.08505
-5.06508
-5.04359
-5.02085
-4.99756
-4.97629
-4.95818
-4.9452
-4.93632
-4.93201
-4.93085
-4.93093
-4.92981
-4.92693
-4.9236
-4.91993
-4.91805
-4.91728
-4.91642
-4.91574
-4.91431
-4.91178
-4.90929
-4.90793
-4.9102
-4.91799
-4.93157
-4.95028
-4.97211
-4.99429
-5.0141
-5.03187
-5.04757
-5.06426
-5.07971
-5.09718
-5.11482
-5.12889
-5.13773
-5.13579
-5.1212
-5.09161
-5.05237
-5.01217
-4.97955
-4.9619
-4.95802
-4.96611
-4.98116
-4.99935
-5.01779
-5.03577
-5.05282
-5.06663
-5.0754
-5.08015
-5.0824
-5.08406
-5.08448
-5.08546
-5.08776
-5.09216
-5.09496
-5.10079
-5.10711
-5.11409
-5.12062
-5.1248
-5.1234
-5.11714
-5.10578
-5.09118
-5.07689
-5.06518
-5.0588
-5.05624
-5.05329
-5.05055
-5.04438
-5.03442
-5.02161
-5.00916
-4.99764
-4.98914
-4.98451
-4.98254
-4.9833
-4.98611
-4.9928
-5.0023
-5.01161
-5.01894
-5.02185
-5.01705
-5.00472
-4.98608
-4.9619
-4.93696
-4.91659
-4.90681
-4.91079
-4.92438
-4.94217
-4.96011
-4.97482
-4.98815
-5.00165
-5.01134
-5.01803
-5.02356
-5.02461
-5.02277
-5.01815
-5.01047
-5.00167
-4.99196
-4.98254
-4.97586
-4.9709
-4.97017
-4.97153
-4.97746
-4.98504
-4.99429
-5.00476
-5.01668
-5.02936
-5.04442
-5.05991
-5.07504
-5.08651
-5.09404
-5.09678
-5.09607
-5.09291
-5.09082
-5.08773
-5.08523
-5.07964
-5.07078
-5.06035
-5.04843
-5.03624
-5.02629
-5.01846
-5.01266
-5.00862
-5.0059
-5.00315
-4.99951
-4.99592
-4.99374
-4.9908
-4.98923
-4.98683
-4.98091
-4.97507
-4.96981
-4.9688
-4.9702
-4.9739
-4.9815
-4.99204
-5.00532
-5.01915
-5.03196
-5.03837
-5.03997
-5.03334
-5.01893
-4.99875
-4.97458
-4.94908
-4.92458
-4.9053
-4.88944
-4.88037
-4.8735
-4.86954
-4.86996
-4.87544
-4.88778
-4.90636
-4.93109
-4.95739
-4.97939
-4.99322
-4.99789
-4.99144
-4.97462
-4.9518
-4.92652
-4.90524
-4.8913
-4.88741
-4.89276
-4.90549
-4.9189
-4.9306
-4.93863
-4.94674
-4.95317
-4.95818
-4.9603
-4.96029
-4.95433
-4.94298
-4.9243
-4.9022
-4.87909
-4.86139
-4.84999
-4.84863
-4.85396
-4.86718
-4.88233
-4.89949
-4.91476
-4.92398
-4.92633
-4.92043
-4.90651
-4.88936
-4.87383
-4.8647
-4.86378
-4.87455
-4.89441
-4.91752
-4.94139
-4.96574
-4.98668
-5.00526
-5.02113
-5.03138
-5.03663
-5.03725
-5.03184
-5.02086
-5.0031
-4.98154
-4.95869
-4.93609
-4.91578
-4.89718
-4.87979
-4.86511
-4.85351
-4.84381
-4.83367
-4.82433
-4.81173
-4.79721
-4.78424
-4.77756
-4.78436
-4.80486
-4.83426
-4.86626
-4.89594
-4.91834
-4.93264
-4.94045
-4.94386
-4.94906
-4.95739
-4.96907
-4.9841
-5.00087
-5.01882
-5.03581
-5.04917
-5.05855
-5.06193
-5.0596
-5.05234
-5.04206
-5.03032
-5.01854
-5.01035
-5.00434
-5.00012
-4.99604
-4.99124
-4.98808
-4.989
-4.9927
-4.99831
-5.0024
-5.00218
-4.99723
-4.98723
-4.97542
-4.96334
-4.95368
-4.9512
-4.95603
-4.96678
-4.9803
-4.99263
-5.00142
-5.00165
-4.99161
-4.97241
-4.94487
-4.90953
-4.86867
-4.82423
-4.78449
-4.75812
-4.74598
-4.75052
-4.76267
-4.77516
-4.78472
-4.79217
-4.80159
-4.81389
-4.82729
-4.84347
-4.86109
-4.88134
-4.90253
-4.92322
-4.94369
-4.96292
-4.98234
-5.00282
-5.02583
-5.05271
-5.08168
-5.11086
-5.13633
-5.1563
-5.16875
-5.17528
-5.17363
-5.16502
-5.14579
-5.11534
-5.07469
-5.02777
-4.9838
-4.94777
-4.92515
-4.91487
-4.91533
-4.92252
-4.93387
-4.94649
-4.9581
-4.96791
-4.97702
-4.98489
-4.99669
-5.00907
-5.02182
-5.03404
-5.04511
-5.0548
-5.06395
-5.07553
-5.0883
-5.10164
-5.11655
-5.1279
-5.13593
-5.13954
-5.13788
-5.13098
-5.11605
-5.09891
-5.08
-5.06488
-5.05774
-5.05795
-5.06201
-5.06564
-5.06578
-5.0642
-5.06226
-5.0613
-5.06312
-5.06805
-5.07347
-5.07646
-5.07441
-5.06493
-5.04571
-5.0168
-4.9801
-4.93872
-4.89605
-4.85619
-4.82271
-4.7978
-4.78319
-4.77663
-4.77913
-4.79036
-4.81239
-4.84588
-4.88817
-4.93603
-4.98395
-5.02662
-5.06334
-5.091
-5.11092
-5.12273
-5.12661
-5.12392
-5.11579
-5.10309
-5.09069
-5.08071
-5.07487
-5.07259
-5.07253
-5.06682
-5.0522
-5.02815
-4.99511
-4.95859
-4.92445
-4.90285
-4.89576
-4.90579
-4.929
-4.95857
-4.99004
-5.02078
-5.04962
-5.07484
-5.09593
-5.11236
-5.12499
-5.13601
-5.14531
-5.15157
-5.15792
-5.16181
-5.16212
-5.15852
-5.14842
-5.13165
-5.10934
-5.08149
-5.04894
-5.01686
-4.98719
-4.96327
-4.94941
-4.94648
-4.95365
-4.96904
-4.98852
-5.01154
-5.03639
-5.0611
-5.08724
-5.11445
-5.14156
-5.16505
-5.18427
-5.19452
-5.19558
-5.18566
-5.16454
-5.13331
-5.09512
-5.05463
-5.01691
-4.9861
-4.96536
-4.95618
-4.95642
-4.96251
-4.96694
-4.96884
-4.96545
-4.95396
-4.94079
-4.93032
-4.92829
-4.94122
-4.96775
-5.00458
-5.04218
-5.07592
-5.10263
-5.12126
-5.13297
-5.1408
-5.14526
-5.1461
-5.14538
-5.14154
-5.13674
-5.13205
-5.13056
-5.13045
-5.13121
-5.12911
-5.1226
-5.11006
-5.0922
-5.06703
-5.04154
-5.02045
-5.00662
-5.00247
-5.0035
-5.00738
-5.01046
-5.01327
-5.01493
-5.01717
-5.01979
-5.02355
-5.02985
-5.03594
-5.04466
-5.05511
-5.06128
-5.06502
-5.06389
-5.05552
-5.04093
-5.02434
-5.00505
-4.98837
-4.97587
-4.97148
-4.97926
-4.99733
-5.02416
-5.05338
-5.0779
-5.09439
-5.10288
-5.10295
-5.09776
-5.09137
-5.08564
-5.0845
-5.08968
-5.0999
-5.11398
-5.12835
-5.14462
-5.15926
-5.17025
-5.17765
-5.18163
-5.18043
-5.1776
-5.17234
-5.16681
-5.16014
-5.15209
-5.14175
-5.13146
-5.12151
-5.10897
-5.09463
-5.07703
-5.05442
-5.02935
-5.00176
-4.97695
-4.95528
-4.94036
-4.93158
-4.92805
-4.92953
-4.9356
-4.94283
-4.95225
-4.96052
-4.9653
-4.96642
-4.96297
-4.95815
-4.95247
-4.95132
-4.95425
-4.96158
-4.97273
-4.98331
-4.99443
-5.00368
-5.0108
-5.01422
-5.01412
-5.01006
-5.00481
-4.99889
-4.99459
-4.99408
-4.99833
-5.00725
-5.01847
-5.03103
-5.04296
-5.0519
-5.05892
-5.06317
-5.06638
-5.06703
-5.06473
-5.05858
-5.04908
-5.03306
-5.01113
-4.98725
-4.96419
-4.94554
-4.93263
-4.92918
-4.92955
-4.93373
-4.93911
-4.94311
-4.94746
-4.95226
-4.95784
-4.9645
-4.9719
-4.9821
-4.99181
-5.00301
-5.01797
-5.03564
-5.0595
-5.08634
-5.11187
-5.13521
-5.1497
-5.1545
-5.14392
-5.12192
-5.09079
-5.05362
-5.01674
-4.98529
-4.96357
-4.9499
-4.94598
-4.94836
-4.95468
-4.96177
-4.96679
-4.96915
-4.97052
-4.97282
-4.97677
-4.98381
-4.99258
-5.00099
-5.00468
-5.00391
-4.99786
-4.98786
-4.97293
-4.95611
-4.93906
-4.92245
-4.90699
-4.89454
-4.88504
-4.88025
-4.87821
-4.87849
-4.88207
-4.88888
-4.90088
-4.92081
-4.9504
-4.98689
-5.02717
-5.06628
-5.09948
-5.12476
-5.13987
-5.14397
-5.14068
-5.12997
-5.11475
-5.09712
-5.07736
-5.05741
-5.03666
-5.01684
-4.99836
-4.98416
-4.97853
-4.98098
-4.99378
-5.01477
-5.03821
-5.06068
-5.0788
-5.09096
-5.09353
-5.08794
-5.07556
-5.0574
-5.03818
-5.01634
-4.99594
-4.97797
-4.96258
-4.9476
-4.93327
-4.92055
-4.90937
-4.90223
-4.90066
-4.90582
-4.91513
-4.92855
-4.94362
-4.96208
-4.98131
-4.99907
-5.01557
-5.03007
-5.04083
-5.04561
-5.04785
-5.04687
-5.04513
-5.04144
-5.03702
-5.03107
-5.02273
-5.0094
-4.99113
-4.97099
-4.95576
-4.95068
-4.96003
-4.98015
-5.00534
-5.02976
-5.05038
-5.06507
-5.07282
-5.07108
-5.06251
-5.04846
-5.03182
-5.01468
-4.99954
-4.98538
-4.97455
-4.96534
-4.96001
-4.95812
-4.96131
-4.97212
-4.98862
-5.00841
-5.02957
-5.05031
-5.0674
-5.07833
-5.084
-5.08378
-5.07559
-5.06123
-5.04255
-5.01931
-4.99728
-4.97752
-4.9608
-4.94766
-4.93821
-4.93309
-4.92985
-4.92868
-4.93112
-4.93841
-4.95246
-4.97214
-4.99906
-5.0285
-5.06157
-5.09323
-5.11993
-5.13953
-5.14748
-5.14568
-5.13182
-5.10898
-5.08261
-5.05561
-5.02936
-5.00861
-4.9916
-4.98032
-4.97477
-4.9723
-4.97147
-4.97173
-4.97323
-4.97339
-4.97119
-4.96808
-4.96598
-4.96259
-4.96197
-4.96367
-4.96523
-4.96866
-4.97429
-4.98276
-4.99645
-5.01166
-5.02361
-5.03137
-5.0326
-5.03138
-5.02713
-5.02183
-5.01601
-5.006
-4.99375
-4.97802
-4.96193
-4.94881
-4.94047
-4.94298
-4.95453
-4.97328
-4.99295
-5.00981
-5.01982
-5.02098
-5.01665
-5.00325
-4.9859
-4.96651
-4.94778
-4.93269
-4.92158
-4.91539
-4.91213
-4.91302
-4.91679
-4.92208
-4.9304
-4.94366
-4.96392
-4.98931
-5.02107
-5.05412
-5.08632
-5.11476
-5.13941
-5.1603
-5.1755
-5.18676
-5.19136
-5.19086
-5.18424
-5.1735
-5.16034
-5.14324
-5.12422
-5.10296
-5.07858
-5.05132
-5.02452
-4.99867
-4.97881
-4.96631
-4.96609
-4.97489
-4.98958
-5.0059
-5.02084
-5.03117
-5.03529
-5.03359
-5.02482
-5.00878
-4.98929
-4.96957
-4.95374
-4.94509
-4.946
-4.95475
-4.96692
-4.98086
-4.99262
-5.00111
-5.00544
-5.00566
-5.00487
-5.00443
-5.00702
-5.01373
-5.02491
-5.03742
-5.05023
-5.06132
-5.07056
-5.0765
-5.08419
-5.09535
-5.10907
-5.12175
-5.13196
-5.13738
-5.1367
-5.12885
-5.11526
-5.09517
-5.07071
-5.04591
-5.02338
-5.00732
-5.00159
-5.004
-5.01661
-5.03519
-5.0546
-5.07005
-5.07938
-5.08305
-5.08128
-5.07624
-5.0687
-5.06094
-5.05317
-5.04505
-5.03574
-5.02693
-5.01816
-5.0105
-5.00734
-5.00646
-5.0101
-5.01714
-5.02914
-5.04201
-5.05606
-5.06514
-5.07303
-5.07575
-5.07326
-5.06632
-5.0559
-5.04365
-5.028
-5.01334
-4.99947
-4.98869
-4.98013
-4.97546
-4.9714
-4.96799
-4.96573
-4.96496
-4.96538
-4.96791
-4.97002
-4.97074
-4.96915
-4.96871
-4.96932
-4.97068
-4.97735
-4.98878
-5.00588
-5.03014
-5.0583
-5.08846
-5.11706
-5.14033
-5.15768
-5.1636
-5.16068
-5.14964
-5.13129
-5.109
-5.08444
-5.06248
-5.04267
-5.0281
-5.0197
-5.02075
-5.02763
-5.03942
-5.05355
-5.0635
-5.06649
-5.06093
-5.04766
-5.02968
-5.01274
-4.99741
-4.98786
-4.98287
-4.97899
-4.97293
-4.96441
-4.95416
-4.94375
-4.93741
-4.9342
-4.93418
-4.93627
-4.93918
-4.9433
-4.94913
-4.95602
-4.96348
-4.96981
-4.97392
-4.9733
-4.966
-4.95191
-4.93471
-4.91594
-4.89702
-4.882
-4.87399
-4.87336
-4.88009
-4.89319
-4.91043
-4.92859
-4.94659
-4.9645
-4.98066
-4.99731
-5.01462
-5.03414
-5.05534
-5.07687
-5.09628
-5.11218
-5.12273
-5.12525
-5.11791
-5.09942
-5.06916
-5.03118
-4.99097
-4.94972
-4.91555
-4.89314
-4.88322
-4.88417
-4.89335
-4.90489
-4.91376
-4.91393
-4.90363
-4.88762
-4.87023
-4.86134
-4.86514
-4.87964
-4.90296
-4.92708
-4.95046
-4.96863
-4.98168
-4.9886
-4.98857
-4.98513
-4.97704
-4.96337
-4.94635
-4.92748
-4.90925
-4.89749
-4.89622
-4.90432
-4.91598
-4.92289
-4.92452
-4.92011
-4.91196
-4.90479
-4.90093
-4.89992
-4.9036
-4.90787
-4.91316
-4.91908
-4.92628
-4.93806
-4.95014
-4.96219
-4.97021
-4.97218
-4.96828
-4.95867
-4.94713
-4.93954
-4.93706
-4.94436
-4.95929
-4.98276
-5.00876
-5.034
-5.05359
-5.06202
-5.05793
-5.04174
-5.01787
-4.99079
-4.97006
-4.96269
-4.96874
-4.985
-5.00393
-5.01899
-5.02732
-5.02767
-5.0196
-5.00593
-4.98839
-4.97049
-4.95525
-4.94411
-4.94279
-4.95405
-4.97726
-5.0077
-5.04474
-5.08011
-5.10824
-5.1272
-5.13338
-5.12632
-5.10943
-5.08261
-5.04893
-5.01173
-4.97687
-4.94787
-4.93109
-4.92648
-4.93174
-4.94367
-4.95716
-4.97075
-4.98406
-4.99832
-5.01436
-5.03139
-5.04716
-5.06008
-5.06585
-5.06207
-5.04645
-5.01728
-4.98123
-4.94294
-4.91052
-4.89274
-4.89167
-4.90604
-4.92963
-4.95571
-4.9812
-5.00445
-5.0263
-5.05041
-5.07683
-5.10326
-5.12625
-5.14227
-5.14908
-5.14654
-5.13445
-5.11508
-5.08914
-5.05824
-5.02333
-4.98776
-4.95404
-4.92203
-4.89301
-4.8676
-4.84595
-4.82962
-4.8215
-4.82188
-4.83196
-4.85416
-4.8867
-4.92414
-4.96266
-4.99953
-5.03308
-5.06055
-5.08517
-5.10717
-5.12732
-5.14663
-5.16347
-5.1778
-5.18747
-5.1934
-5.1973
-5.1981
-5.19912
-5.19892
-5.1948
-5.18629
-5.17412
-5.15615
-5.13226
-5.10647
-5.07967
-5.05388
-5.03254
-5.01584
-5.00416
-5.00252
-5.00827
-5.02161
-5.04057
-5.06135
-5.08105
-5.09611
-5.10513
-5.10515
-5.0981
-5.08384
-5.06677
-5.04706
-5.02688
-5.00684
-4.98632
-4.96481
-4.94063
-4.91516
-4.89178
-4.87504
-4.86704
-4.86485
-4.86962
-4.8746
-4.88075
-4.8859
-4.88892
-4.89108
-4.89562
-4.90169
-4.91169
-4.9258
-4.93942
-4.95196
-4.96147
-4.96717
-4.97069
-4.97494
-4.98457
-4.99791
-5.01241
-5.02512
-5.03521
-5.04223
-5.04368
-5.04277
-5.03871
-5.03357
-5.02844
-5.02275
-5.01946
-5.01874
-5.02157
-5.02979
-5.04159
-5.05358
-5.0645
-5.07136
-5.07215
-5.06611
-5.05641
-5.04612
-5.03754
-5.0307
-5.03007
-5.03282
-5.04685
-5.06908
-5.09842
-5.13222
-5.16421
-5.1947
-5.22003
-5.24026
-5.25296
-5.25803
-5.25229
-5.23689
-5.21188
-5.17815
-5.13858
-5.09982
-5.06633
-5.0447
-5.03613
-5.04269
-5.06184
-5.08331
-5.10507
-5.12035
-5.1279
-5.12626
-5.11584
-5.0987
-5.07564
-5.05004
-5.02252
-4.99543
-4.97042
-4.95013
-4.93758
-4.93108
-4.93334
-4.94234
-4.9581
-4.9759
-4.99331
-5.00663
-5.01593
-5.02379
-5.03159
-5.04215
-5.05511
-5.06923
-5.08321
-5.09899
-5.11426
-5.12674
-5.13578
-5.13885
-5.1335
-5.11936
-5.10143
-5.08463
-5.07059
-5.0632
-5.06391
-5.07216
-5.0835
-5.09423
-5.10159
-5.10338
-5.09907
-5.08812
-5.07509
-5.06193
-5.05303
-5.04844
-5.04943
-5.05627
-5.06555
-5.07539
-5.08461
-5.09038
-5.09272
-5.09131
-5.08915
-5.08505
-5.08014
-5.07386
-5.06623
-5.05821
-5.0454
-5.02745
-5.00074
-4.9701
-4.93775
-4.91231
-4.90145
-4.90665
-4.92521
-4.95204
-4.98005
-5.00581
-5.0282
-5.04436
-5.0552
-5.06051
-5.06045
-5.05606
-5.04787
-5.0359
-5.02159
-5.00825
-4.99631
-4.98811
-4.98237
-4.97872
-4.97394
-4.96952
-4.96346
-4.95874
-4.95729
-4.95858
-4.96351
-4.96893
-4.97649
-4.98484
-4.99195
-4.99947
-5.00747
-5.01619
-5.02441
-5.02938
-5.03072
-5.02547
-5.01172
-4.99435
-4.97444
-4.95621
-4.94511
-4.94311
-4.94932
-4.96222
-4.97613
-4.99016
-5.00166
-5.01131
-5.02031
-5.02784
-5.03464
-5.03967
-5.04067
-5.03741
-5.02869
-5.01278
-4.99198
-4.96784
-4.94562
-4.93147
-4.92881
-4.93957
-4.95781
-4.97849
-4.99568
-5.00582
-5.00823
-5.00696
-5.00624
-5.0107
-5.0219
-5.03715
-5.05545
-5.07197
-5.09026
-5.10936
-5.12662
-5.13974
-5.14302
-5.13618
-5.12002
-5.09878
-5.0727
-5.04701
-5.02252
-5.00271
-4.98722
-4.97617
-4.96692
-4.96033
-4.95503
-4.94928
-4.94132
-4.93683
-4.93188
-4.9261
-4.91888
-4.90862
-4.89474
-4.88092
-4.86904
-4.86355
-4.86599
-4.87508
-4.88837
-4.90558
-4.92345
-4.94053
-4.95775
-4.97372
-4.98809
-4.99957
-5.01023
-5.01764
-5.02462
-5.02832
-5.03298
-5.03645
-5.04134
-5.04765
-5.05878
-5.07049
-5.08132
-5.08677
-5.08476
-5.07557
-5.06028
-5.04131
-5.02003
-5.00107
-4.9863
-4.98032
-4.98127
-4.98876
-4.99963
-5.01177
-5.02039
-5.0247
-5.02482
-5.01988
-5.01202
-5.00258
-4.99271
-4.9836
-4.97513
-4.96893
-4.96305
-4.96023
-4.95843
-4.95947
-4.96339
-4.97125
-4.98356
-4.99568
-5.00575
-5.01493
-5.02054
-5.02519
-5.02924
-5.03498
-5.044
-5.05502
-5.06657
-5.07559
-5.07899
-5.07752
-5.07045
-5.05791
-5.04325
-5.02548
-5.00799
-4.98958
-4.9713
-4.9524
-4.93815
-4.93008
-4.92759
-4.9305
-4.94142
-4.95227
-4.96493
-4.97525
-4.98359
-4.98789
-4.9894
-4.98941
-4.99195
-4.99844
-5.00818
-5.02021
-5.03106
-5.03398
-5.03227
-5.02558
-5.01776
-5.01257
-5.01292
-5.02022
-5.03298
-5.04868
-5.06273
-5.07248
-5.07631
-5.07179
-5.06029
-5.04321
-5.02174
-4.99967
-4.98116
-4.96558
-4.95474
-4.94893
-4.94443
-4.94087
-4.93996
-4.94175
-4.94713
-4.95712
-4.97011
-4.9882
-5.00856
-5.03243
-5.05654
-5.08199
-5.10488
-5.12388
-5.13843
-5.14745
-5.14938
-5.14319
-5.13247
-5.11808
-5.10434
-5.09627
-5.0977
-5.10693
-5.12232
-5.13705
-5.14807
-5.15024
-5.14185
-5.12419
-5.09945
-5.07114
-5.04173
-5.01233
-4.98281
-4.95663
-4.93372
-4.91667
-4.91047
-4.91657
-4.93368
-4.95842
-4.98666
-5.01345
-5.03535
-5.05083
-5.06205
-5.07027
-5.07624
-5.07938
-5.0776
-5.07119
-5.06152
-5.04712
-5.03094
-5.01462
-4.99972
-4.98779
-4.9818
-4.97961
-4.98059
-4.98209
-4.98261
-4.98294
-4.97959
-4.9744
-4.96697
-4.95901
-4.95178
-4.94693
-4.9451
-4.94427
-4.94454
-4.94813
-4.95356
-4.96118
-4.97282
-4.98768
-5.00323
-5.01818
-5.02931
-5.03527
-5.03629
-5.0322
-5.02612
-5.01851
-5.01287
-5.00905
-5.00951
-5.01586
-5.02746
-5.0456
-5.06703
-5.08668
-5.1046
-5.11609
-5.12121
-5.12226
-5.12298
-5.126
-5.13093
-5.13664
-5.13994
-5.14035
-5.13356
-5.11781
-5.09483
-5.06677
-5.03565
-5.00796
-4.98823
-4.98203
-4.98893
-5.00719
-5.02977
-5.05064
-5.06515
-5.06984
-5.06773
-5.0569
-5.04292
-5.02721
-5.01193
-4.99765
-4.98379
-4.97093
-4.95904
-4.94991
-4.94133
-4.93169
-4.92179
-4.91334
-4.90913
-4.90841
-4.90827
-4.9068
-4.905
-4.90099
-4.90069
-4.90585
-4.91756
-4.93527
-4.9529
-4.97163
-4.98999
-5.00661
-5.02101
-5.03136
-5.03444
-5.03025
-5.02138
-5.0076
-4.99482
-4.98876
-4.99293
-5.00617
-5.02116
-5.03281
-5.0388
-5.03554
-5.02236
-5.00085
-4.97163
-4.93956
-4.9119
-4.89427
-4.88938
-4.89369
-4.90628
-4.92651
-4.95388
-4.98552
-5.0181
-5.05049
-5.07665
-5.09549
-5.10814
-5.11537
-5.11576
-5.11477
-5.1115
-5.1083
-5.10424
-5.09653
-5.08405
-5.06429
-5.03978
-5.0144
-4.99235
-4.97557
-4.96518
-4.96183
-4.96451
-4.97287
-4.98499
-5.00012
-5.01756
-5.03568
-5.05023
-5.05931
-5.06114
-5.0538
-5.04099
-5.02435
-5.00897
-4.99632
-4.99022
-4.99015
-4.99531
-5.00324
-5.0102
-5.01759
-5.02366
-5.0268
-5.02787
-5.02698
-5.02224
-5.01369
-5.00297
-4.99116
-4.98155
-4.9764
-4.97446
-4.97761
-4.98692
-5.00264
-5.02326
-5.04381
-5.05999
-5.06913
-5.06966
-5.06237
-5.04954
-5.03185
-5.01011
-4.9868
-4.96124
-4.93645
-4.91519
-4.90083
-4.89626
-4.90124
-4.9173
-4.94084
-4.96785
-4.99484
-5.02147
-5.0438
-5.06003
-5.07018
-5.07145
-5.0672
-5.06098
-5.05479
-5.05326
-5.05665
-5.06165
-5.06642
-5.06895
-5.06582
-5.05532
-5.03827
-5.01423
-4.98605
-4.95872
-4.93652
-4.92449
-4.92225
-4.9296
-4.94188
-4.95715
-4.97609
-4.99895
-5.02329
-5.04988
-5.07521
-5.09738
-5.11489
-5.12717
-5.13333
-5.13411
-5.12889
-5.11939
-5.10829
-5.09668
-5.08765
-5.08271
-5.08384
-5.08859
-5.09622
-5.10309
-5.10989
-5.11355
-5.11581
-5.11534
-5.11222
-5.11033
-5.1099
-5.11264
-5.12082
-5.13269
-5.14421
-5.15191
-5.15068
-5.1414
-5.12495
-5.09968
-5.06914
-5.03332
-4.99529
-4.95681
-4.9186
-4.88385
-4.85129
-4.82465
-4.80929
-4.80522
-4.81841
-4.8456
-4.88047
-4.91691
-4.947
-4.96481
-4.97206
-4.97105
-4.96687
-4.96259
-4.9634
-4.97039
-4.98213
-4.99577
-5.00797
-5.01877
-5.02378
-5.02564
-5.02545
-5.0239
-5.02447
-5.02803
-5.03311
-5.04314
-5.05769
-5.07558
-5.0972
-5.12229
-5.14878
-5.17339
-5.19331
-5.20425
-5.20621
-5.19841
-5.18016
-5.15236
-5.11954
-5.0828
-5.04638
-5.01509
-4.99217
-4.97981
-4.97918
-4.98871
-5.00436
-5.02394
-5.04544
-5.06741
-5.08765
-5.10565
-5.11886
-5.12813
-5.13016
-5.12558
-5.1159
-5.10203
-5.08582
-5.07114
-5.05667
-5.04719
-5.04578
-5.05271
-5.06818
-5.08936
-5.11365
-5.13593
-5.15468
-5.16724
-5.17156
-5.17038
-5.1626
-5.14929
-5.12833
-5.10498
-5.07647
-5.0481
-5.02041
-4.99799
-4.9822
-4.97679
-4.98361
-4.99894
-5.02281
-5.05122
-5.07986
-5.1057
-5.12673
-5.13974
-5.14461
-5.14173
-5.1305
-5.11584
-5.09872
-5.08489
-5.07611
-5.07206
-5.0725
-5.07382
-5.0736
-5.07166
-5.0719
-5.07335
-5.07677
-5.08292
-5.08748
-5.09104
-5.09167
-5.08872
-5.08139
-5.06836
-5.05017
-5.02737
-5.00336
-4.98215
-4.9675
-4.96353
-4.96865
-4.97953
-4.99531
-5.01042
-5.02257
-5.02915
-5.02759
-5.01949
-5.00456
-4.98407
-4.96028
-4.93284
-4.90425
-4.8753
-4.85039
-4.82999
-4.81786
-4.81695
-4.82594
-4.84176
-4.86297
-4.88495
-4.90305
-4.91682
-4.92392
-4.92559
-4.92392
-4.92266
-4.92521
-4.93441
-4.94986
-4.96713
-4.98391
-4.99751
-5.00719
-5.0137
-5.01841
-5.02408
-5.03213
-5.04028
-5.04825
-5.05283
-5.05394
-5.05494
-5.06103
-5.07488
-5.09687
-5.12199
-5.14663
-5.16571
-5.17831
-5.18423
-5.18336
-5.1757
-5.16492
-5.14916
-5.13402
-5.11898
-5.10764
-5.10204
-5.10274
-5.10914
-5.12012
-5.13526
-5.15322
-5.17094
-5.18735
-5.19907
-5.20162
-5.19745
-5.18349
-5.16025
-5.12789
-5.09255
-5.05653
-5.02564
-5.00261
-4.98939
-4.98419
-4.98233
-4.98318
-4.98535
-4.98708
-4.98881
-4.99119
-4.99329
-4.99529
-4.99659
-4.99453
-4.98859
-4.97846
-4.96765
-4.9614
-4.96335
-4.97746
-5.00284
-5.03439
-5.06812
-5.09994
-5.12342
-5.13562
-5.13407
-5.12099
-5.09573
-5.06223
-5.02496
-4.98874
-4.95923
-4.9359
-4.92207
-4.91669
-4.91998
-4.93308
-4.95542
-4.9858
-5.01888
-5.05146
-5.08098
-5.10269
-5.11765
-5.12443
-5.12714
-5.12668
-5.1254
-5.12259
-5.11591
-5.10377
-5.08591
-5.06371
-5.03886
-5.01347
-4.98828
-4.9679
-4.95628
-4.9533
-4.95908
-4.97051
-4.98635
-5.00571
-5.02372
-5.03995
-5.05615
-5.07045
-5.0844
-5.09513
-5.10385
-5.10806
-5.11026
-5.10822
-5.10533
-5.10191
-5.10042
-5.0987
-5.09534
-5.08792
-5.07311
-5.04985
-5.01868
-4.98499
-4.95412
-4.93165
-4.92017
-4.92229
-4.93524
-4.9558
-4.97725
-4.99664
-5.0121
-5.02512
-5.03354
-5.04156
-5.04697
-5.05009
-5.05148
-5.04905
-5.04143
-5.02672
-5.00755
-4.98469
-4.96558
-4.95542
-4.95924
-4.97509
-4.99716
-5.02015
-5.03741
-5.04529
-5.04292
-5.03116
-5.01345
-4.9919
-4.96957
-4.94784
-4.93035
-4.91821
-4.9137
-4.9162
-4.92536
-4.94051
-4.95912
-4.97911
-4.9973
-5.0112
-5.0198
-5.02478
-5.02588
-5.02463
-5.0211
-5.01621
-5.01078
-5.0024
-4.99095
-4.97882
-4.9661
-4.95429
-4.93973
-4.92554
-4.91109
-4.89998
-4.89727
-4.90331
-4.92108
-4.94897
-4.98179
-5.01688
-5.05188
-5.08731
-5.11894
-5.14716
-5.17065
-5.19007
-5.20226
-5.20975
-5.21148
-5.20773
-5.19641
-5.1794
-5.15528
-5.12708
-5.09604
-5.06639
-5.04428
-5.0301
-5.02493
-5.02947
-5.0398
-5.05405
-5.06804
-5.07952
-5.08531
-5.08743
-5.08508
-5.08003
-5.07347
-5.06942
-5.06655
-5.06512
-5.0657
-5.06577
-5.0639
-5.06052
-5.05533
-5.04661
-5.03409
-5.01759
-4.99896
-4.97856
-4.95846
-4.94184
-4.93005
-4.92507
-4.9282
-4.9395
-4.95789
-4.9822
-5.00966
-5.03514
-5.05538
-5.06777
-5.07159
-5.06764
-5.05948
-5.04882
-5.04008
-5.03615
-5.03472
-5.03642
-5.0388
-5.04173
-5.04406
-5.0459
-5.04876
-5.04937
-5.05068
-5.05185
-5.05204
-5.05078
-5.04921
-5.04853
-5.05203
-5.05738
-5.06515
-5.07176
-5.07425
-5.06883
-5.05716
-5.04132
-5.02518
-5.00846
-4.99386
-4.98051
-4.97185
-4.9648
-4.96202
-4.95991
-4.96098
-4.96351
-4.97031
-4.98166
-4.99694
-5.01389
-5.02949
-5.0435
-5.05159
-5.05684
-5.05759
-5.05364
-5.04808
-5.03754
-5.02381
-5.00667
-4.98771
-4.97028
-4.95706
-4.94978
-4.95151
-4.96413
-4.98249
-5.00471
-5.02309
-5.03995
-5.05221
-5.06345
-5.07229
-5.0779
-5.0825
-5.08541
-5.08514
-5.08251
-5.07857
-5.07385
-5.06925
-5.06442
-5.05797
-5.0486
-5.03503
-5.01778
-4.99735
-4.97735
-4.96273
-4.95268
-4.94989
-4.95598
-4.97128
-4.9931
-5.01759
-5.03664
-5.04408
-5.04287
-5.03402
-5.0211
-5.00968
-5.00265
-4.99935
-4.99944
-4.99912
-4.99894
-4.99666
-4.99072
-4.98651
-4.98284
-4.97945
-4.97788
-4.98056
-4.988
-5.00109
-5.01806
-5.03369
-5.04325
-5.04508
-5.03979
-5.02965
-5.01747
-5.00793
-5.00209
-4.99975
-5.00214
-5.00694
-5.01335
-5.01916
-5.02142
-5.01892
-5.01239
-5.00018
-4.98567
-4.97147
-4.95805
-4.9508
-4.94816
-4.95282
-4.96358
-4.97587
-4.98686
-4.99311
-4.99192
-4.98469
-4.9694
-4.95253
-4.93735
-4.92637
-4.92247
-4.9285
-4.9453
-4.9736
-5.0079
-5.04144
-5.06777
-5.08462
-5.09052
-5.08722
-5.07781
-5.06436
-5.04759
-5.03029
-5.01455
-5.00571
-5.00768
-5.02286
-5.04725
-5.07603
-5.10025
-5.11734
-5.12231
-5.11514
-5.09671
-5.07273
-5.04682
-5.02155
-5.00125
-4.98812
-4.98433
-4.98991
-5.00234
-5.02093
-5.04545
-5.06956
-5.08831
-5.09719
-5.09719
-5.08546
-5.06281
-5.03115
-4.99462
-4.95605
-4.91908
-4.88762
-4.86502
-4.85492
-4.85818
-4.87596
-4.90303
-4.93545
-4.96912
-5.00024
-5.02386
-5.03893
-5.04584
-5.0438
-5.03346
-5.01731
-4.99835
-4.97649
-4.95831
-4.94262
-4.93206
-4.92544
-4.92106
-4.91913
-4.91536
-4.91431
-4.91187
-4.90858
-4.90696
-4.90465
-4.90155
-4.89625
-4.88899
-4.87782
-4.86789
-4.86107
-4.86022
-4.86414
-4.87228
-4.88312
-4.89584
-4.90756
-4.91967
-4.93105
-4.94137
-4.95459
-4.96791
-4.98734
-5.01079
-5.03669
-5.06478
-5.09099
-5.11203
-5.12556
-5.13138
-5.12699
-5.11463
-5.09536
-5.07041
-5.04286
-5.01491
-4.98716
-4.96133
-4.94069
-4.92558
-4.91823
-4.91652
-4.91872
-4.92592
-4.93719
-4.9522
-4.97155
-4.99037
-5.00764
-5.02157
-5.02819
-5.02734
-5.02077
-5.01084
-5.00017
-4.98982
-4.98227
-4.97675
-4.97165
-4.96455
-4.95607
-4.94844
-4.9444
-4.94921
-4.96168
-4.97756
-4.99113
-4.99866
-5.00031
-4.99788
-4.99382
-4.99078
-4.98856
-4.98916
-4.99012
-4.99489
-5.00273
-5.01206
-5.02452
-5.03983
-5.05801
-5.07794
-5.0978
-5.11538
-5.13066
-5.14143
-5.15074
-5.15756
-5.15978
-5.15427
-5.14338
-5.1268
-5.10897
-5.09124
-5.07595
-5.06068
-5.04431
-5.02482
-5.00064
-4.97211
-4.94489
-4.91975
-4.90184
-4.89173
-4.89194
-4.90079
-4.91408
-4.93078
-4.94507
-4.95446
-4.96075
-4.96726
-4.97276
-4.97545
-4.97545
-4.97241
-4.97226
-4.97733
-4.98564
-4.99206
-4.99481
-4.99406
-4.99149
-4.98667
-4.98069
-4.97108
-4.95867
-4.94448
-4.92802
-4.91258
-4.89956
-4.89151
-4.88829
-4.88906
-4.89606
-4.9098
-4.92953
-4.9535
-4.98101
-5.00637
-5.02687
-5.04112
-5.04904
-5.04923
-5.04199
-5.02914
-5.01145
-4.99238
-4.97551
-4.96114
-4.94749
-4.93388
-4.91832
-4.9005
-4.87616
-4.84999
-4.82396
-4.80037
-4.78671
-4.78498
-4.79817
-4.82758
-4.86865
-4.91424
-4.95673
-4.98964
-5.01138
-5.024
-5.02986
-5.03284
-5.03503
-5.04065
-5.04682
-5.0563
-5.06754
-5.07913
-5.08903
-5.09737
-5.10428
-5.10827
-5.11317
-5.1168
-5.12259
-5.12901
-5.13607
-5.14359
-5.14773
-5.14756
-5.1414
-5.12764
-5.1052
-5.07519
-5.03806
-5.00308
-4.97544
-4.95485
-4.94558
-4.94563
-4.95454
-4.97101
-4.99158
-5.0155
-5.03639
-5.05393
-5.06515
-5.06852
-5.06461
-5.05391
-5.03927
-5.02642
-5.0178
-5.01678
-5.02466
-5.04202
-5.0665
-5.09441
-5.11931
-5.13855
-5.14961
-5.15137
-5.14358
-5.1263
-5.1043
-5.07987
-5.05274
-5.02406
-4.9945
-4.96563
-4.93786
-4.91264
-4.89077
-4.87293
-4.86036
-4.85671
-4.86459
-4.88319
-4.91102
-4.94505
-4.98022
-5.01306
-5.04204
-5.06642
-5.08766
-5.10899
-5.13038
-5.1504
-5.16738
-5.17953
-5.18589
-5.18702
-5.18367
-5.17624
-5.16562
-5.15165
-5.1354
-5.11617
-5.09088
-5.06075
-5.02445
-4.98458
-4.94344
-4.90638
-4.87696
-4.85745
-4.85045
-4.85258
-4.86196
-4.87536
-4.89387
-4.91479
-4.93508
-4.95081
-4.95634
-4.95831
-4.9584
-4.9641
-4.97556
-4.99231
-5.00626
-5.0186
-5.02579
-5.03008
-5.03089
-5.03223
-5.03386
-5.03764
-5.04114
-5.04608
-5.05158
-5.05789
-5.06607
-5.07351
-5.08018
-5.08526
-5.08864
-5.09326
-5.09868
-5.10676
-5.11518
-5.12435
-5.13209
-5.13934
-5.14116
-5.13831
-5.12869
-5.1152
-5.09579
-5.0717
-5.04435
-5.01481
-4.98422
-4.95296
-4.92212
-4.89155
-4.86443
-4.84454
-4.8329
-4.82832
-4.82879
-4.83437
-4.84341
-4.85728
-4.87694
-4.89833
-4.9212
-4.94422
-4.9642
-4.97944
-4.99065
-5.00004
-5.00792
-5.01625
-5.02391
-5.03359
-5.04318
-5.05279
-5.06055
-5.06464
-5.06553
-5.06154
-5.05269
-5.04072
-5.02492
-5.00621
-4.9848
-4.96304
-4.94603
-4.93905
-4.94141
-4.95104
-4.96465
-4.98022
-4.99675
-5.01057
-5.02474
-5.03971
-5.05378
-5.06849
-5.08125
-5.08926
-5.09196
-5.08813
-5.07991
-5.06949
-5.06025
-5.05402
-5.05211
-5.0553
-5.06235
-5.0701
-5.07568
-5.07911
-5.07832
-5.07606
-5.07381
-5.07539
-5.08188
-5.09182
-5.10246
-5.11153
-5.11897
-5.12115
-5.11798
-5.11166
-5.10252
-5.09239
-5.08138
-5.07211
-5.06552
-5.0595
-5.05528
-5.05288
-5.05308
-5.05513
-5.06141
-5.07005
-5.08059
-5.08904
-5.09564
-5.10027
-5.10356
-5.10757
-5.11221
-5.11873
-5.12374
-5.12718
-5.13052
-5.13384
-5.13983
-5.14923
-5.16059
-5.17277
-5.18209
-5.18823
-5.18771
-5.18185
-5.1691
-5.15263
-5.13167
-5.10559
-5.07669
-5.04547
-5.0125
-4.98085
-4.95607
-4.93828
-4.92904
-4.92778
-4.93225
-4.94217
-4.95286
-4.96518
-4.97524
-4.98519
-4.99498
-5.00665
-5.01805
-5.02615
-5.0272
-5.02015
-5.00459
-4.98527
-4.96409
-4.94502
-4.93326
-4.92975
-4.9343
-4.94412
-4.95448
-4.96032
-4.959
-4.95189
-4.94162
-4.9317
-4.92735
-4.92728
-4.93357
-4.94226
-4.94906
-4.95262
-4.9523
-4.95146
-4.95357
-4.9559
-4.95961
-4.96083
-4.95696
-4.94762
-4.93189
-4.91232
-4.8968
-4.89005
-4.89647
-4.91764
-4.95329
-4.99903
-5.04825
-5.09617
-5.13757
-5.16963
-5.19025
-5.19816
-5.19436
-5.1837
-5.16577
-5.14593
-5.12448
-5.10289
-5.0824
-5.0633
-5.04694
-5.03129
-5.01794
-5.00382
-4.98841
-4.97095
-4.95464
-4.93877
-4.92486
-4.91686
-4.91875
-4.93029
-4.94821
-4.97049
-4.99374
-5.01284
-5.02675
-5.03324
-5.03377
-5.02947
-5.024
-5.01613
-5.00764
-5.00109
-5.00165
-5.00896
-5.02121
-5.03451
-5.04637
-5.05369
-5.05549
-5.04938
-5.03552
-5.01454
-4.98745
-4.96201
-4.94376
-4.93915
-4.94765
-4.96882
-4.99419
-5.01609
-5.03137
-5.03879
-5.04055
-5.03596
-5.03077
-5.02472
-5.01944
-5.01763
-5.02029
-5.0249
-5.03074
-5.03423
-5.03286
-5.02604
-5.01594
-5.00789
-5.00634
-5.01063
-5.02232
-5.03676
-5.04976
-5.05816
-5.0606
-5.05628
-5.04894
-5.03696
-5.02104
-5.00087
-4.97909
-4.95637
-4.93397
-4.91579
-4.90328
-4.89578
-4.89733
-4.90684
-4.9195
-4.93876
-4.95848
-4.97873
-4.9958
-5.01137
-5.0269
-5.03924
-5.05024
-5.05878
-5.06202
-5.05774
-5.04567
-5.02532
-4.99786
-4.96579
-4.93079
-4.89553
-4.86406
-4.84002
-4.82682
-4.82487
-4.83551
-4.85205
-4.87477
-4.89666
-4.9176
-4.93448
-4.94604
-4.95409
-4.95878
-4.96394
-4.97106
-4.97992
-4.99411
-5.00736
-5.02018
-5.02949
-5.03187
-5.02873
-5.01962
-5.00884
-4.99681
-4.98365
-4.97066
-4.95474
-4.94081
-4.92934
-4.92399
-4.92045
-4.91949
-4.91726
-4.91504
-4.91585
-4.91921
-4.92717
-4.93872
-4.95535
-4.97596
-5.0012
-5.03131
-5.06618
-5.10035
-5.13019
-5.15318
-5.16706
-5.16931
-5.16221
-5.14577
-5.12211
-5.09316
-5.06357
-5.03303
-5.00485
-4.97701
-4.95297
-4.93364
-4.92203
-4.91825
-4.92065
-4.93022
-4.94254
-4.95593
-4.96867
-4.98119
-4.99532
-5.01049
-5.02933
-5.04864
-5.06797
-5.0806
-5.08926
-5.09077
-5.08655
-5.07767
-5.06747
-5.05611
-5.04581
-5.03671
-5.03029
-5.02596
-5.02451
-5.02496
-5.02894
-5.03442
-5.04072
-5.04627
-5.04873
-5.04464
-5.03688
-5.02315
-5.00507
-4.98831
-4.97394
-4.96532
-4.9655
-4.97467
-4.99107
-5.01106
-5.0351
-5.05868
-5.07899
-5.09541
-5.10459
-5.1088
-5.11043
-5.10717
-5.10019
-5.08657
-5.06641
-5.04227
-5.01705
-4.99292
-4.97463
-4.963
-4.96105
-4.96974
-4.99074
-5.01907
-5.05024
-5.08236
-5.11205
-5.1374
-5.15888
-5.17485
-5.18526
-5.18826
-5.18699
-5.18112
-5.17287
-5.16224
-5.1481
-5.13058
-5.11075
-5.08812
-5.06551
-5.04398
-5.02773
-5.01686
-5.01197
-5.0139
-5.02015
-5.02916
-5.0403
-5.05036
-5.05805
-5.06234
-5.06318
-5.05969
-5.05303
-5.04347
-5.03181
-5.01851
-5.00642
-4.99554
-4.98564
-4.97635
-4.96583
-4.95344
-4.93648
-4.91518
-4.89122
-4.86498
-4.84005
-4.82067
-4.80779
-4.80358
-4.8068
-4.81791
-4.83645
-4.85966
-4.88327
-4.90608
-4.92567
-4.94064
-4.95287
-4.96438
-4.97627
-4.9908
-5.00771
-5.02715
-5.0459
-5.06608
-5.08435
-5.10067
-5.11462
-5.12535
-5.13276
-5.13659
-5.13675
-5.13515
-5.13549
-5.13813
-5.14472
-5.15499
-5.16487
-5.17396
-5.17949
-5.17895
-5.17327
-5.1632
-5.14756
-5.12957
-5.10806
-5.0843
-5.05839
-5.03444
-5.01073
-4.99097
-4.97415
-4.96019
-4.94961
-4.93954
-4.93187
-4.92546
-4.92264
-4.9233
-4.92724
-4.93412
-4.94329
-4.95547
-4.97274
-4.99718
-5.0305
-5.06632
-5.10276
-5.13499
-5.15749
-5.16578
-5.15992
-5.13893
-5.1101
-5.07561
-5.04141
-5.01233
-4.99316
-4.98368
-4.9849
-4.99355
-5.0084
-5.02567
-5.04154
-5.05171
-5.05346
-5.04484
-5.02389
-4.993
-4.95403
-4.91288
-4.87575
-4.84844
-4.83454
-4.83993
-4.86306
-4.89892
-4.93895
-4.97512
-5.00347
-5.02239
-5.03058
-5.03077
-5.02441
-5.01362
-5.00152
-4.98838
-4.97601
-4.96571
-4.95556
-4.94845
-4.94581
-4.94919
-4.9595
-4.97837
-5.00336
-5.0323
-5.06422
-5.09695
-5.12554
-5.14776
-5.16083
-5.16278
-5.15189
-5.12623
-5.09087
-5.04618
-4.99615
-4.94434
-4.89741
-4.86088
-4.83724
-4.82762
-4.83082
-4.84404
-4.86369
-4.89016
-4.9179
-4.94304
-4.96525
-4.98264
-4.99175
-4.99588
-4.99535
-4.99173
-4.98955
-4.99029
-4.99698
-5.01162
-5.02982
-5.05245
-5.07534
-5.0975
-5.11558
-5.12627
-5.12829
-5.11746
-5.09772
-5.06849
-5.03497
-5.00737
-4.99353
-4.99745
-5.01532
-5.03835
-5.05684
-5.0682
-5.06964
-5.06177
-5.04837
-5.03409
-5.02153
-5.01393
-5.01225
-5.01836
-5.03086
-5.04533
-5.0585
-5.0693
-5.07652
-5.07939
-5.07926
-5.07703
-5.07352
-5.07036
-5.06701
-5.06586
-5.0654
-5.06935
-5.07367
-5.08128
-5.08643
-5.08761
-5.07919
-5.06196
-5.03439
-5.00039
-4.96615
-4.93712
-4.91822
-4.90911
-4.90632
-4.90437
-4.89988
-4.89456
-4.89366
-4.90203
-4.92497
-4.96023
-5.00342
-5.04925
-5.09159
-5.1233
-5.14293
-5.14832
-5.14225
-5.12675
-5.10358
-5.07632
-5.05033
-5.02631
-5.00731
-4.99424
-4.98523
-4.98078
-4.98136
-4.98569
-4.99298
-5.00172
-5.01394
-5.02767
-5.03852
-5.04742
-5.05571
-5.05954
-5.05683
-5.04661
-5.03207
-5.01211
-4.99009
-4.97251
-4.95697
-4.9443
-4.93169
-4.91679
-4.89972
-4.88312
-4.87121
-4.86837
-4.87696
-4.89921
-4.93211
-4.96827
-5.00519
-5.03641
-5.05978
-5.07354
-5.07822
-5.07649
-5.06853
-5.05729
-5.04581
-5.0341
-5.02231
-5.01277
-5.00419
-5.00063
-5.00068
-5.00472
-5.00662
-5.00412
-4.99697
-4.98672
-4.97537
-4.96596
-4.96145
-4.96298
-4.97134
-4.98332
-4.99689
-5.0078
-5.01594
-5.01772
-5.01534
-5.00891
-5.00212
-4.99698
-4.99347
-4.99327
-4.99598
-4.99938
-5.00358
-5.0072
-5.01066
-5.01059
-5.00717
-4.99965
-4.98872
-4.97906
-4.97132
-4.96788
-4.96976
-4.97515
-4.98373
-4.99653
-5.01111
-5.02526
-5.03949
-5.05169
-5.06256
-5.07066
-5.07809
-5.0843
-5.08918
-5.09186
-5.0923
-5.08923
-5.08132
-5.07155
-5.06167
-5.05613
-5.0566
-5.06525
-5.08251
-5.10529
-5.13182
-5.15634
-5.17268
-5.17683
-5.16671
-5.1407
-5.10482
-5.06484
-5.02389
-4.99126
-4.97299
-4.9691
-4.97919
-4.99771
-5.0205
-5.03965
-5.05225
-5.05643
-5.05254
-5.04261
-5.03053
-5.01943
-5.01065
-5.00583
-5.00695
-5.014
-5.02325
-5.0316
-5.03631
-5.03672
-5.032
-5.02015
-5.00115
-4.97789
-4.94926
-4.91753
-4.88868
-4.86676
-4.8557
-4.85957
-4.87668
-4.90361
-4.93343
-4.96101
-4.98094
-4.99336
-5.00016
-5.00268
-5.00384
-5.00635
-5.01068
-5.01781
-5.02441
-5.02853
-5.0272
-5.02057
-5.00778
-4.99427
-4.9806
-4.97481
-4.97841
-4.9891
-5.00292
-5.01325
-5.0174
-5.01498
-5.00857
-5.00028
-4.9907
-4.98207
-4.97349
-4.96486
-4.95915
-4.95823
-4.96612
-4.98271
-5.00511
-5.02823
-5.04694
-5.05641
-5.05753
-5.05348
-5.04652
-5.04063
-5.03917
-5.04254
-5.05171
-5.06547
-5.08301
-5.1044
-5.12504
-5.14523
-5.16386
-5.17799
-5.19076
-5.20028
-5.20652
-5.20914
-5.20567
-5.19515
-5.17692
-5.15005
-5.11532
-5.07339
-5.03031
-4.98907
-4.95309
-4.9257
-4.9089
-4.90213
-4.90409
-4.9139
-4.92818
-4.94644
-4.96701
-4.98605
-5.00273
-5.01699
-5.02902
-5.04211
-5.05591
-5.0701
-5.08095
-5.08711
-5.08522
-5.07545
-5.05896
-5.03883
-5.0159
-4.99704
-4.98285
-4.97724
-4.97771
-4.98347
-4.99222
-4.99826
-5.00143
-5.00166
-5.00046
-4.99976
-5.00109
-5.00705
-5.01443
-5.02687
-5.04079
-5.05666
-5.07529
-5.09546
-5.11538
-5.13276
-5.14484
-5.15071
-5.15138
-5.14746
-5.13906
-5.12974
-5.12165
-5.11628
-5.11258
-5.11142
-5.11095
-5.10997
-5.10818
-5.10396
-5.09856
-5.09511
-5.0924
-5.09402
-5.09875
-5.10446
-5.10986
-5.11349
-5.11457
-5.11104
-5.10437
-5.09455
-5.08312
-5.07217
-5.06431
-5.05911
-5.05676
-5.05396
-5.04879
-5.04233
-5.03639
-5.03421
-5.0359
-5.04397
-5.05596
-5.07125
-5.0853
-5.09754
-5.1029
-5.10057
-5.09365
-5.08212
-5.06895
-5.05466
-5.03883
-5.02319
-5.00588
-4.98664
-4.96742
-4.94995
-4.93774
-4.9303
-4.92953
-4.93262
-4.93601
-4.93999
-4.94342
-4.94865
-4.95353
-4.95978
-4.96495
-4.97085
-4.97651
-4.98295
-4.99138
-5.0012
-5.01251
-5.02518
-5.03966
-5.05498
-5.07022
-5.08369
-5.09304
-5.0991
-5.09821
-5.09054
-5.07457
-5.05541
-5.03486
-5.01833
-5.00787
-5.00628
-5.01257
-5.02487
-5.03802
-5.05233
-5.06315
-5.07023
-5.07294
-5.0734
-5.07075
-5.06948
-5.07042
-5.07186
-5.0788
-5.08617
-5.09394
-5.10265
-5.11161
-5.11988
-5.12703
-5.13066
-5.12815
-5.12017
-5.10859
-5.09282
-5.07496
-5.05491
-5.03766
-5.02382
-5.01294
-5.00399
-4.99765
-4.99198
-4.98884
-4.99172
-5.0045
-5.02676
-5.05822
-5.09695
-5.13657
-5.17309
-5.20238
-5.22121
-5.22741
-5.21719
-5.19367
-5.16071
-5.12054
-5.07862
-5.03591
-4.99736
-4.96598
-4.94386
-4.93419
-4.93689
-4.9494
-4.9693
-4.99155
-5.01419
-5.03565
-5.05325
-5.06485
-5.07167
-5.07368
-5.07374
-5.07583
-5.08005
-5.08947
-5.10561
-5.12499
-5.14352
-5.15796
-5.16452
-5.16204
-5.1483
-5.1245
-5.09513
-5.06487
-5.03662
-5.01772
-5.00695
-5.00522
-5.01003
-5.01813
-5.02637
-5.03508
-5.04158
-5.0457
-5.04523
-5.04037
-5.03007
-5.01649
-4.99952
-4.98811
-4.99239
-5.02107
-5.06663
-5.11287
-5.14936
-5.17186
-5.17905
-5.17426
-5.16143
-5.14222
-5.1201
-5.09855
-5.07851
-5.06176
-5.04875
-5.04019
-5.03304
-5.02697
-5.01898
-5.01095
-5.00079
-4.99096
-4.9826
-4.9756
-4.97153
-4.96943
-4.96919
-4.97184
-4.97966
-4.9918
-5.00788
-5.02623
-5.04281
-5.05518
-5.06279
-5.06519
-5.06151
-5.05402
-5.04039
-5.01943
-4.99196
-4.9576
-4.92132
-4.88501
-4.85065
-4.82033
-4.79493
-4.77637
-4.76816
-4.76921
-4.77957
-4.79751
-4.82127
-4.84591
-4.86893
-4.89207
-4.91335
-4.93145
-4.94597
-4.95679
-4.96536
-4.97188
-4.97625
-4.97815
-4.97513
-4.96934
-4.95919
-4.94803
-4.93497
-4.92598
-4.92169
-4.92293
-4.92909
-4.94004
-4.95481
-4.97434
-4.99729
-5.02079
-5.04527
-5.06807
-5.0827
-5.08319
-5.06605
-5.03126
-4.98463
-4.93709
-4.89786
-4.87232
-4.85866
-4.85554
-4.85762
-4.86821
-4.88481
-4.90598
-4.92931
-4.95314
-4.97459
-4.99483
-5.01332
-5.02994
-5.04178
-5.04866
-5.05004
-5.04687
-5.03905
-5.03003
-5.02002
-5.01078
-5.00043
-4.98978
-4.98024
-4.96935
-4.96208
-4.95804
-4.9565
-4.95702
-4.96034
-4.9671
-4.97541
-4.98426
-4.99317
-5.00417
-5.01535
-5.0268
-5.03773
-5.04478
-5.04577
-5.0397
-5.02684
-5.01062
-4.99483
-4.9834
-4.98248
-4.98955
-5.00041
-5.00886
-5.01334
-5.00722
-4.99109
-4.96928
-4.94547
-4.9238
-4.90895
-4.90356
-4.90961
-4.92417
-4.94281
-4.96381
-4.98286
-5.00062
-5.01375
-5.02175
-5.02544
-5.02178
-5.01109
-4.99119
-4.96554
-4.93536
-4.903
-4.87247
-4.847
-4.82529
-4.81059
-4.8018
-4.80104
-4.80668
-4.82077
-4.83821
-4.85564
-4.87164
-4.88506
-4.89686
-4.90685
-4.91808
-4.93007
-4.93872
-4.94533
-4.94645
-4.94274
-4.93748
-4.93313
-4.93027
-4.9301
-4.93505
-4.94333
-4.95508
-4.96818
-4.98143
-4.9897
-4.99534
-4.99827
-5.00005
-5.00311
-5.00986
-5.02145
-5.03466
-5.04991
-5.06848
-5.08574
-5.1028
-5.11879
-5.12904
-5.13423
-5.13187
-5.12135
-5.10175
-5.07198
-5.03373
-4.99526
-4.95848
-4.92909
-4.90998
-4.89742
-4.88867
-4.8822
-4.87629
-4.8729
-4.87338
-4.88063
-4.89323
-4.91136
-4.9328
-4.95493
-4.97474
-4.99132
-5.00535
-5.01717
-5.0313
-5.05063
-5.07397
-5.10087
-5.12566
-5.14428
-5.1515
-5.14639
-5.13061
-5.11146
-5.08995
-5.07401
-5.06438
-5.05993
-5.05969
-5.06031
-5.05936
-5.05267
-5.03738
-5.01327
-4.98192
-4.94583
-4.91015
-4.87768
-4.85236
-4.83679
-4.83404
-4.84229
-4.85886
-4.88023
-4.90519
-4.9316
-4.9602
-4.98859
-5.01511
-5.03961
-5.05873
-5.07142
-5.07654
-5.07454
-5.06698
-5.05862
-5.0503
-5.04736
-5.05218
-5.06645
-5.09126
-5.11894
-5.14352
-5.15749
-5.1577
-5.14281
-5.11781
-5.0865
-5.05602
-5.03052
-5.01345
-5.00382
-5.00191
-5.0053
-5.01137
-5.0169
-5.02063
-5.02284
-5.02459
-5.02915
-5.04124
-5.06013
-5.08632
-5.11309
-5.13765
-5.15397
-5.16243
-5.16293
-5.15466
-5.14117
-5.12622
-5.11317
-5.10536
-5.10614
-5.11471
-5.12655
-5.13414
-5.13197
-5.11404
-5.07638
-5.01959
-4.94768
-4.86944
-4.79863
-4.74389
-4.7117
-4.7015
-4.70779
-4.72534
-4.75153
-4.77876
-4.80355
-4.82202
-4.83611
-4.8469
-4.85924
-4.87224
-4.88712
-4.90258
-4.91703
-4.92935
-4.9414
-4.95122
-4.96034
-4.96702
-4.97323
-4.97794
-4.98161
-4.98508
-4.98762
-4.99032
-4.99211
-4.99294
-4.99378
-4.9945
-4.99613
-4.99989
-5.00687
-5.01577
-5.0258
-5.03326
-5.03737
-5.03522
-5.02602
-5.01209
-4.99818
-4.98419
-4.97463
-4.96841
-4.96574
-4.96304
-4.96154
-4.96053
-4.95918
-4.96118
-4.96279
-4.96719
-4.97403
-4.98117
-4.98842
-4.99521
-5.00299
-5.00862
-5.01177
-5.01154
-5.01096
-5.00902
-5.00753
-5.00628
-5.0054
-5.00653
-5.00922
-5.01529
-5.02539
-5.03603
-5.04871
-5.06162
-5.07158
-5.07814
-5.08091
-5.08002
-5.07776
-5.07498
-5.06964
-5.07199
-5.08056
-5.09398
-5.11066
-5.1256
-5.1374
-5.14718
-5.152
-5.15095
-5.14472
-5.13505
-5.12264
-5.10777
-5.09567
-5.08633
-5.08292
-5.08451
-5.09009
-5.0987
-5.1064
-5.1094
-5.10728
-5.09639
-5.07695
-5.05117
-5.01971
-4.98526
-4.95227
-4.92365
-4.90441
-4.89563
-4.89335
-4.89917
-4.90657
-4.91341
-4.91844
-4.92094
-4.92326
-4.92715
-4.93547
-4.95017
-4.97002
-4.99145
-5.00936
-5.01939
-5.02022
-5.01115
-4.99395
-4.97067
-4.94765
-4.92566
-4.90932
-4.9012
-4.90283
-4.91284
-4.9301
-4.95435
-4.98181
-5.01092
-5.04175
-5.06994
-5.096
-5.11812
-5.13258
-5.14198
-5.14311
-5.14187
-5.13705
-5.13277
-5.13232
-5.13406
-5.14001
-5.14926
-5.15749
-5.15927
-5.1535
-5.14002
-5.12103
-5.10108
-5.08334
-5.0717
-5.06672
-5.06723
-5.07049
-5.07611
-5.08052
-5.08379
-5.08327
-5.0786
-5.06728
-5.05211
-5.03646
-5.02214
-5.01078
-5.00651
-5.01098
-5.02294
-5.04342
-5.07025
-5.09887
-5.12834
-5.15309
-5.17125
-5.1816
-5.185
-5.18294
-5.17601
-5.16791
-5.16241
-5.1564
-5.15105
-5.14587
-5.13854
-5.12816
-5.11163
-5.08976
-5.06215
-5.02935
-4.99676
-4.96714
-4.94255
-4.92424
-4.91461
-4.91146
-4.91113
-4.9114
-4.91161
-4.91461
-4.91747
-4.92209
-4.9281
-4.93353
-4.93672
-4.9375
-4.93704
-4.93665
-4.9399
-4.94786
-4.96166
-4.98312
-5.00786
-5.03652
-5.06422
-5.0868
-5.10399
-5.11148
-5.11232
-5.10755
-5.10324
-5.10022
-5.10137
-5.10411
-5.10448
-5.10262
-5.0982
-5.09495
-5.08969
-5.08634
-5.08136
-5.07545
-5.06725
-5.0554
-5.04055
-5.02277
-5.003
-4.98454
-4.96804
-4.95465
-4.94604
-4.9446
-4.95258
-4.96987
-4.99308
-5.01904
-5.04199
-5.05641
-5.06037
-5.05344
-5.03694
-5.01334
-4.98585
-4.95725
-4.93424
-4.92172
-4.92142
-4.93392
-4.95551
-4.98228
-5.00929
-5.03178
-5.04634
-5.04975
-5.04277
-5.0271
-5.00665
-4.98563
-4.97063
-4.96386
-4.96655
-4.97761
-4.99538
-5.01951
-5.04708
-5.07588
-5.10281
-5.12519
-5.13708
-5.1378
-5.12418
-5.1008
-5.06877
-5.03169
-4.99548
-4.96488
-4.94235
-4.93112
-4.9328
-4.94384
-4.96056
-4.97735
-4.99323
-5.00717
-5.02055
-5.03212
-5.04289
-5.05354
-5.063
-5.07281
-5.08199
-5.09184
-5.10534
-5.11761
-5.13104
-5.14291
-5.14884
-5.14926
-5.14288
-5.12672
-5.10273
-5.07424
-5.0398
-5.00684
-4.97804
-4.96007
-4.95788
-4.96785
-4.98773
-5.00898
-5.02292
-5.02686
-5.01796
-4.99837
-4.97191
-4.94434
-4.9185
-4.89718
-4.88041
-4.86612
-4.85413
-4.8435
-4.83731
-4.84065
-4.8537
-4.8798
-4.91549
-4.95596
-4.99684
-5.0331
-5.05998
-5.07732
-5.08377
-5.08006
-5.07001
-5.05483
-5.03973
-5.02419
-5.01236
-5.00236
-4.99584
-4.9903
-4.98585
-4.98137
-4.97515
-4.9647
-4.95017
-4.93309
-4.91905
-4.9071
-4.90016
-4.89743
-4.90362
-4.91771
-4.94262
-4.97616
-5.01725
-5.06037
-5.10315
-5.14354
-5.17704
-5.20158
-5.21462
-5.21636
-5.20738
-5.18764
-5.15884
-5.12457
-5.08543
-5.04673
-5.01049
-4.98154
-4.96123
-4.95075
-4.95296
-4.96334
-4.97892
-4.9949
-5.008
-5.01637
-5.01984
-5.01705
-5.01198
-5.00537
-4.99776
-4.99215
-4.98845
-4.98968
-4.99086
-4.9954
-5.0042
-5.01226
-5.02001
-5.02592
-5.02831
-5.02525
-5.01609
-5.00291
-4.9915
-4.98493
-4.98713
-4.99984
-5.02329
-5.05414
-5.08883
-5.1204
-5.1459
-5.16093
-5.16413
-5.15748
-5.14076
-5.11578
-5.08742
-5.05747
-5.03065
-5.00956
-4.99422
-4.98345
-4.97682
-4.97154
-4.96565
-4.9625
-4.95957
-4.95677
-4.94998
-4.94259
-4.93303
-4.92414
-4.92037
-4.92699
-4.94506
-4.97435
-5.01155
-5.04639
-5.07362
-5.08654
-5.08663
-5.07402
-5.05287
-5.02956
-5.01068
-4.99919
-4.99415
-4.99721
-5.00539
-5.01581
-5.02231
-5.02087
-5.01083
-4.99461
-4.97582
-4.95827
-4.9477
-4.94517
-4.95315
-4.96763
-4.98662
-5.00478
-5.01818
-5.02503
-5.02551
-5.02124
-5.01475
-5.0083
-5.00376
-4.99976
-4.99724
-4.99385
-4.99198
-4.99243
-4.99564
-5.001
-5.00915
-5.01782
-5.02649
-5.03228
-5.03597
-5.03839
-5.04301
-5.04915
-5.05705
-5.06856
-5.08061
-5.09296
-5.10253
-5.10945
-5.11084
-5.10783
-5.10266
-5.09582
-5.08825
-5.08099
-5.07239
-5.06224
-5.05052
-5.03976
-5.02959
-5.02287
-5.02023
-5.01947
-5.01833
-5.0126
-5.00026
-4.98323
-4.96531
-4.94989
-4.94301
-4.94605
-4.95945
-4.98126
-5.006
-5.0324
-5.05722
-5.07778
-5.09352
-5.10306
-5.10387
-5.09562
-5.07914
-5.05594
-5.0292
-5.0023
-4.97764
-4.95859
-4.94599
-4.9409
-4.93903
-4.94115
-4.94513
-4.95391
-4.96779
-4.98494
-5.00514
-5.02525
-5.04205
-5.05303
-5.0561
-5.05386
-5.04617
-5.03403
-5.02098
-5.0054
-4.98868
-4.97291
-4.96175
-4.95343
-4.94837
-4.94677
-4.94583
-4.94447
-4.93954
-4.93151
-4.92176
-4.913
-4.90792
-4.91148
-4.92425
-4.94525
-4.97036
-4.99387
-5.01279
-5.02663
-5.03237
-5.03248
-5.0258
-5.01793
-5.01006
-5.00091
-4.995
-4.99216
-4.99317
-4.99929
-5.01003
-5.0224
-5.03419
-5.04459
-5.05377
-5.06025
-5.06659
-5.07385
-5.08532
-5.09992
-5.11765
-5.13623
-5.15143
-5.16205
-5.16527
-5.1607
-5.14747
-5.12348
-5.09164
-5.05244
-5.01149
-4.97059
-4.93609
-4.9137
-4.90487
-4.91296
-4.93542
-4.9681
-5.00726
-5.04864
-5.08837
-5.12355
-5.15335
-5.17748
-5.19637
-5.2106
-5.21951
-5.22313
-5.22002
-5.21203
-5.19909
-5.18151
-5.1607
-5.13623
-5.10766
-5.0792
-5.05127
-5.02839
-5.01192
-5.00027
-4.99497
-4.99534
-5.00059
-5.00888
-5.02197
-5.03745
-5.05461
-5.07216
-5.08894
-5.10512
-5.1171
-5.12718
-5.13119
-5.12932
-5.12284
-5.11284
-5.09846
-5.08364
-5.06973
-5.05649
-5.04525
-5.03916
-5.03609
-5.03716
-5.0423
-5.04991
-5.06024
-5.07092
-5.08211
-5.09164
-5.10227
-5.11132
-5.11966
-5.12784
-5.13173
-5.13041
-5.11997
-5.10351
-5.08088
-5.05432
-5.02954
-5.00786
-4.99088
-4.9782
-4.96993
-4.96675
-4.96739
-4.97205
-4.9827
-4.99678
-5.01164
-5.02446
-5.03668
-5.04669
-5.05356
-5.05794
-5.0579
-5.05606
-5.05138
-5.04428
-5.03549
-5.0285
-5.02541
-5.02501
-5.02553
-5.02735
-5.02784
-5.02635
-5.02115
-5.01286
-5.00165
-4.98862
-4.97227
-4.95877
-4.94666
-4.9378
-4.93277
-4.92987
-4.92892
-4.92528
-4.92259
-4.91781
-4.91304
-4.91102
-4.91327
-4.9232
-4.93887
-4.96058
-4.9865
-5.01273
-5.03584
-5.05433
-5.06909
-5.07926
-5.08491
-5.08895
-5.09164
-5.09509
-5.10026
-5.1078
-5.11758
-5.12916
-5.14115
-5.15229
-5.16284
-5.16893
-5.17177
-5.17135
-5.16868
-5.16228
-5.15353
-5.14096
-5.12406
-5.10333
-5.08063
-5.05509
-5.02894
-5.00361
-4.98138
-4.96345
-4.95303
-4.95241
-4.96015
-4.97638
-4.99745
-5.01891
-5.04041
-5.05837
-5.0695
-5.07465
-5.07552
-5.07298
-5.07103
-5.06882
-5.06698
-5.06641
-5.06503
-5.06456
-5.0656
-5.07098
-5.07912
-5.08953
-5.09954
-5.10852
-5.11186
-5.10947
-5.1003
-5.08429
-5.05921
-5.02955
-4.99649
-4.96504
-4.93881
-4.92037
-4.91045
-4.9081
-4.91247
-4.92175
-4.93421
-4.9444
-4.95068
-4.95139
-4.9451
-4.93295
-4.91836
-4.90719
-4.89929
-4.89814
-4.90231
-4.91142
-4.92503
-4.93777
-4.94852
-4.95605
-4.957
-4.95283
-4.94233
-4.92672
-4.90944
-4.89049
-4.87343
-4.86195
-4.86134
-4.87226
-4.89352
-4.91977
-4.94501
-4.96561
-4.97968
-4.98798
-4.99063
-4.99107
-4.98988
-4.98842
-4.98795
-4.98962
-4.99219
-4.99539
-4.9977
-4.99637
-4.99201
-4.98712
-4.98572
-4.98727
-4.99435
-5.00458
-5.01912
-5.02788
-5.03238
-5.031
-5.0251
-5.01424
-4.99951
-4.97961
-4.95621
-4.9295
-4.90519
-4.88645
-4.87811
-4.88176
-4.89998
-4.92795
-4.96195
-4.99647
-5.02762
-5.05217
-5.06953
-5.07835
-5.0783
-5.07124
-5.05907
-5.04324
-5.02633
-5.00963
-4.99757
-4.99061
-4.986
-4.98401
-4.98145
-4.97644
-4.96823
-4.96089
-4.95664
-4.96176
-4.97486
-4.99536
-5.01823
-5.04233
-5.06184
-5.07533
-5.08221
-5.08241
-5.07518
-5.06221
-5.04575
-5.02867
-5.00959
-4.99257
-4.97933
-4.96908
-4.96474
-4.9665
-4.97259
-4.98477
-5.00216
-5.02243
-5.0416
-5.05775
-5.06558
-5.06486
-5.05258
-5.02994
-4.99801
-4.96066
-4.92115
-4.88366
-4.85258
-4.8323
-4.82353
-4.82621
-4.84062
-4.86184
-4.88768
-4.9149
-4.93994
-4.96532
-4.98706
-5.00466
-5.02024
-5.03193
-5.03926
-5.04135
-5.03634
-5.02641
-5.01426
-5.00169
-4.98879
-4.97576
-4.96266
-4.95155
-4.9424
-4.93515
-4.92827
-4.92032
-4.91099
-4.9016
-4.89172
-4.88317
-4.87813
-4.87684
-4.87943
-4.88461
-4.8898
-4.89473
-4.89666
-4.90206
-4.91307
-4.93214
-4.96028
-4.99466
-5.03246
-5.06946
-5.10141
-5.12685
-5.14431
-5.14987
-5.14391
-5.1281
-5.10284
-5.0716
-5.04096
-5.01268
-4.99212
-4.97951
-4.97359
-4.97612
-4.98017
-4.98139
-4.97646
-4.96433
-4.94655
-4.92902
-4.91915
-4.92035
-4.93199
-4.95016
-4.96989
-4.98563
-4.99395
-4.98958
-4.9725
-4.9448
-4.912
-4.88124
-4.86366
-4.86427
-4.88284
-4.91386
-4.94881
-4.9852
-5.0178
-5.04243
-5.06019
-5.07013
-5.07426
-5.07231
-5.06782
-5.06301
-5.05753
-5.05371
-5.05285
-5.05336
-5.05565
-5.0588
-5.06166
-5.06674
-5.07318
-5.08111
-5.09097
-5.09742
-5.10137
-5.09984
-5.09539
-5.08953
-5.08457
-5.08166
-5.08213
-5.08215
-5.07937
-5.07246
-5.06214
-5.04956
-5.03726
-5.02964
-5.02932
-5.03402
-5.03976
-5.041
-5.03781
-5.03079
-5.02253
-5.01208
-5.00272
-4.99071
-4.98324
-4.98089
-4.98337
-4.99308
-5.00871
-5.02795
-5.04629
-5.06422
-5.07675
-5.08463
-5.08908
-5.09039
-5.09008
-5.08968
-5.08993
-5.08969
-5.08603
-5.07904
-5.06885
-5.05364
-5.03549
-5.01681
-5.00378
-4.99814
-5.00334
-5.01736
-5.03753
-5.06369
-5.09268
-5.12245
-5.15105
-5.17729
-5.20123
-5.2205
-5.23681
-5.24688
-5.25229
-5.24908
-5.23908
-5.22234
-5.19977
-5.17244
-5.14243
-5.11382
-5.09009
-5.07375
-5.06761
-5.07049
-5.08049
-5.09327
-5.1025
-5.10732
-5.10722
-5.10582
-5.10243
-5.09551
-5.08491
-5.07119
-5.05542
-5.04123
-5.02876
-5.02066
-5.01912
-5.02497
-5.03881
-5.06008
-5.08303
-5.10342
-5.11732
-5.12402
-5.12064
-5.11311
-5.10211
-5.09052
-5.08063
-5.07269
-5.0661
-5.06123
-5.05872
-5.05828
-5.06082
-5.06173
-5.06203
-5.06065
-5.05749
-5.05317
-5.04785
-5.04129
-5.03017
-5.01643
-4.99946
-4.98136
-4.96318
-4.94844
-4.9397
-4.93682
-4.93914
-4.94532
-4.95726
-4.97481
-4.99817
-5.02126
-5.03929
-5.0485
-5.0487
-5.04168
-5.03062
-5.01906
-5.01003
-5.00394
-5.00163
-5.0025
-5.00313
-5.00328
-5.0006
-4.99431
-4.98679
-4.97806
-4.97205
-4.97182
-4.97664
-4.98765
-5.00269
-5.02034
-5.03686
-5.05085
-5.06021
-5.06455
-5.0652
-5.06527
-5.06861
-5.07493
-5.08526
-5.09848
-5.11313
-5.12457
-5.13056
-5.12637
-5.11171
-5.08835
-5.06074
-5.03234
-5.00924
-4.99719
-4.99581
-5.00374
-5.0174
-5.03493
-5.0532
-5.06886
-5.08416
-5.09731
-5.10469
-5.10541
-5.09746
-5.08211
-5.06181
-5.03992
-5.01611
-4.9934
-4.9736
-4.95908
-4.95297
-4.95744
-4.97056
-4.99087
-5.01351
-5.03369
-5.04972
-5.06272
-5.07293
-5.08115
-5.08568
-5.08709
-5.08408
-5.0754
-5.06158
-5.04643
-5.02998
-5.01632
-5.00507
-4.99434
-4.9851
-4.97545
-4.96665
-4.95847
-4.95273
-4.94848
-4.94865
-4.95495
-4.96845
-4.98462
-5.00329
-5.02054
-5.03568
-5.04138
-5.03451
-5.01749
-4.99134
-4.96418
-4.94419
-4.9367
-4.94071
-4.9548
-4.97115
-4.98673
-4.99814
-5.0052
-5.00684
-5.00473
-5.00207
-5.00146
-5.00691
-5.01989
-5.03958
-5.06537
-5.09394
-5.12012
-5.14055
-5.1551
-5.16248
-5.16386
-5.16068
-5.15354
-5.14371
-5.13148
-5.11466
-5.09528
-5.07319
-5.05163
-5.03316
-5.02221
-5.0196
-5.02391
-5.03523
-5.05091
-5.07147
-5.09455
-5.11996
-5.14371
-5.16703
-5.18617
-5.19873
-5.20546
-5.20373
-5.19295
-5.17591
-5.15317
-5.12354
-5.09015
-5.05561
-5.02181
-4.99103
-4.96069
-4.93249
-4.90656
-4.88315
-4.86419
-4.85305
-4.84875
-4.85225
-4.86026
-4.87454
-4.89371
-4.9163
-4.93998
-4.96568
-4.98773
-5.00583
-5.0236
-5.03832
-5.04946
-5.05529
-5.0549
-5.0498
-5.04269
-5.03548
-5.02764
-5.01707
-5.00411
-4.98614
-4.96527
-4.94075
-4.91515
-4.89137
-4.87295
-4.85999
-4.85428
-4.85764
-4.87105
-4.89217
-4.91891
-4.94615
-4.97137
-4.9933
-5.00823
-5.01801
-5.02203
-5.02034
-5.014
-5.00375
-4.99003
-4.97594
-4.96791
-4.96758
-4.97741
-4.99121
-5.00658
-5.02186
-5.03834
-5.05661
-5.0768
-5.09642
-5.11816
-5.13652
-5.15183
-5.16017
-5.16322
-5.16151
-5.15241
-5.14091
-5.12681
-5.11203
-5.09708
-5.08323
-5.06906
-5.05286
-5.03731
-5.02276
-5.01124
-5.00421
-4.99951
-4.99836
-4.99849
-4.99856
-4.99563
-4.99004
-4.98181
-4.97177
-4.96432
-4.96106
-4.96205
-4.96986
-4.9846
-5.00285
-5.02291
-5.04205
-5.05516
-5.06137
-5.0567
-5.03856
-5.00694
-4.96691
-4.92194
-4.88113
-4.85145
-4.83823
-4.84236
-4.86121
-4.89012
-4.92474
-4.95976
-4.99182
-5.01939
-5.0403
-5.05372
-5.05956
-5.05972
-5.05513
-5.0479
-5.04194
-5.03704
-5.03439
-5.03335
-5.03202
-5.02998
-5.0277
-5.02526
-5.02527
-5.02799
-5.03633
-5.04731
-5.05671
-5.06579
-5.07342
-5.08113
-5.09058
-5.10317
-5.11816
-5.13559
-5.15223
-5.16509
-5.17222
-5.17383
-5.1707
-5.16337
-5.15203
-5.13833
-5.12288
-5.10746
-5.0915
-5.0758
-5.05919
-5.04264
-5.02936
-5.01846
-5.01216
-5.00798
-5.00455
-5.00201
-4.99819
-4.99584
-4.99393
-4.99458
-4.99582
-4.99603
-4.99923
-5.00327
-5.00991
-5.01938
-5.03111
-5.04449
-5.05988
-5.07185
-5.07891
-5.08534
-5.08758
-5.08811
-5.08735
-5.08511
-5.08015
-5.06986
-5.05713
-5.04306
-5.02819
-5.01792
-5.01206
-5.01144
-5.01671
-5.02585
-5.03489
-5.04286
-5.04986
-5.05514
-5.06063
-5.06718
-5.07695
-5.09054
-5.10576
-5.12104
-5.13273
-5.13912
-5.14014
-5.13671
-5.12678
-5.11052
-5.0853
-5.05591
-5.02457
-4.99777
-4.97943
-4.96648
-4.9613
-4.95735
-4.95144
-4.94053
-4.9221
-4.89727
-4.86641
-4.83579
-4.81116
-4.79801
-4.79709
-4.80958
-4.83118
-4.85695
-4.88516
-4.91381
-4.94019
-4.96496
-4.98587
-5.00184
-5.01408
-5.0205
-5.02445
-5.02341
-5.0224
-5.02026
-5.01806
-5.01429
-5.00901
-5.00208
-4.99489
-4.98813
-4.98426
-4.98546
-4.99086
-4.99913
-5.00933
-5.01973
-5.02838
-5.03349
-5.03774
-5.03446
-5.02373
-5.00478
-4.97706
-4.94649
-4.91993
-4.90122
-4.89414
-4.89767
-4.90833
-4.92048
-4.93102
-4.93484
-4.93213
-4.92398
-4.90923
-4.89074
-4.87287
-4.86111
-4.85975
-4.87032
-4.89206
-4.91924
-4.94797
-4.97464
-4.99965
-5.02185
-5.04004
-5.05347
-5.06117
-5.06541
-5.06294
-5.0562
-5.04521
-5.03012
-5.0129
-4.99728
-4.98338
-4.97558
-4.97536
-4.98138
-4.99162
-5.00406
-5.01585
-5.02695
-5.03761
-5.04747
-5.05954
-5.0726
-5.08784
-5.10273
-5.11429
-5.12
-5.12031
-5.11421
-5.10142
-5.08635
-5.06637
-5.04709
-5.02958
-5.01656
-5.00876
-5.00648
-5.00838
-5.0121
-5.01802
-5.0258
-5.03381
-5.04129
-5.04957
-5.05943
-5.07142
-5.0826
-5.09412
-5.10334
-5.10921
-5.1111
-5.1067
-5.09335
-5.07008
-5.03769
-4.99889
-4.96015
-4.92647
-4.89954
-4.88214
-4.87137
-4.86591
-4.86741
-4.87502
-4.88887
-4.90899
-4.9322
-4.95539
-4.97979
-5.00165
-5.02262
-5.03981
-5.04912
-5.05283
-5.04968
-5.04206
-5.03254
-5.02121
-5.01194
-5.00238
-4.99437
-4.98457
-4.97623
-4.9684
-4.96352
-4.96677
-4.97589
-4.99195
-5.01419
-5.04095
-5.07066
-5.09822
-5.12158
-5.13859
-5.15163
-5.15739
-5.15834
-5.15614
-5.15315
-5.14964
-5.14737
-5.14811
-5.14843
-5.14848
-5.14609
-5.13862
-5.12615
-5.11042
-5.09076
-5.06856
-5.0434
-5.01792
-4.99239
-4.96851
-4.95197
-4.9428
-4.94304
-4.9515
-4.96552
-4.98298
-4.99985
-5.01448
-5.02493
-5.03129
-5.03371
-5.03203
-5.0267
-5.02016
-5.00912
-4.99366
-4.97783
-4.9608
-4.9448
-4.93141
-4.92483
-4.92499
-4.93244
-4.94816
-4.96816
-4.99105
-5.01462
-5.03934
-5.06147
-5.07797
-5.08935
-5.09143
-5.08714
-5.07542
-5.0595
-5.04386
-5.03347
-5.03073
-5.03526
-5.04395
-5.05114
-5.05732
-5.06122
-5.06121
-5.05924
-5.0553
-5.05161
-5.04843
-5.04697
-5.04591
-5.04545
-5.04399
-5.03789
-5.03086
-5.02372
-5.01662
-5.01114
-5.00758
-5.00722
-5.00951
-5.0152
-5.02105
-5.02524
-5.02407
-5.01303
-4.99023
-4.95738
-4.91892
-4.87791
-4.84213
-4.81849
-4.8109
-4.82289
-4.8497
-4.88716
-4.92773
-4.96886
-5.0021
-5.02681
-5.04122
-5.04406
-5.04047
-5.0312
-5.02139
-5.01188
-5.0062
-5.0017
-4.99771
-4.99298
-4.98804
-4.98377
-4.9801
-4.97627
-4.97068
-4.95957
-4.94515
-4.92931
-4.91336
-4.90479
-4.90645
-4.92155
-4.95099
-4.99362
-5.04236
-5.09004
-5.13012
-5.15655
-5.1657
-5.16001
-5.14041
-5.11413
-5.09224
-5.07882
-5.07848
-5.08873
-5.10384
-5.11617
-5.12311
-5.11971
-5.10909
-5.09347
-5.07407
-5.05562
-5.03998
-5.02615
-5.01505
-5.007
-5.00242
-5.00231
-5.00492
-5.01105
-5.02035
-5.03256
-5.04618
-5.06118
-5.07764
-5.09268
-5.1056
-5.1182
-5.12745
-5.13403
-5.13751
-5.13718
-5.13172
-5.1229
-5.10872
-5.09361
-5.07748
-5.06518
-5.05623
