1.65427
1.65573
1.65379
1.64872
1.64111
1.63166
1.62112
1.61024
1.59969
1.58987
1.58078
1.57228
1.56485
1.55982
1.55882
1.56291
1.57206
1.58517
1.60057
1.61636
1.63052
1.64102
1.64597
1.64397
1.63452
1.61841
1.59773
1.57568
1.55559
1.53975
1.52859
1.52096
1.51503
1.50928
1.50293
1.49602
1.48936
1.4845
1.48346
1.488
1.49837
1.5126
1.5271
1.5384
1.54476
1.54661
1.54568
1.54339
1.53989
1.53457
1.52699
1.51703
1.50478
1.4909
1.47704
1.46542
1.4577
1.45445
1.45538
1.45986
1.46683
1.47473
1.48169
1.48626
1.48809
1.48806
1.48774
1.4884
1.49006
1.4912
1.48964
1.48458
1.47824
1.47543
1.48082
1.49574
1.51738
1.54109
1.56261
1.57914
1.58925
1.59254
1.58943
1.58077
1.56756
1.55069
1.53102
1.50986
1.48924
1.4718
1.46009
1.45554
1.45786
1.46521
1.47522
1.48581
1.49539
1.50281
1.5074
1.50922
