1.64914
1.64699
1.64603
1.64812
1.65371
1.66187
1.67088
1.67881
1.68421
1.68637
1.68526
1.68131
1.6748
1.66572
1.65393
1.63953
1.62316
1.60584
1.58836
1.57128
1.55522
1.54149
1.53212
1.5294
1.53496
1.5493
1.57182
1.60105
1.63477
1.67022
1.70439
1.73456
1.75874
1.77605
1.78674
1.79181
1.79239
1.789
1.7811
1.76731
1.74612
1.71712
1.6821
1.64566
1.61461
1.59546
1.59138
1.60042
1.61663
1.63305
1.64425
1.64724
1.64122
1.62708
1.60696
1.58383
1.56099
1.54125
1.5264
1.51741
1.5148
1.51862
1.52814
1.54135
1.55515
1.56588
1.57033
1.56675
1.55564
1.53996
1.52426
1.51289
1.50823
1.5104
1.51853
1.53241
1.55268
1.57948
1.61092
1.64278
1.67
1.68883
1.69797
1.69854
1.69328
1.68525
1.67683
1.66926
1.66255
1.65599
1.64853
1.63924
1.62777
1.61454
1.60074
1.5877
1.57607
1.56562
1.55586
1.54721
