-6.3635
-6.35912
-6.35138
-6.33988
-6.32302
-6.29966
-6.27013
-6.23374
-6.19036
-6.13844
-6.0768
-6.0053
-5.92746
-5.84384
-5.75579
-5.6716
-5.5936
-5.52804
-5.47554
-5.43917
-5.41786
-5.41146
-5.41561
-5.42799
-5.44526
-5.464
-5.48344
-5.50142
-5.51696
-5.5304
-5.54112
-5.55131
-5.55962
-5.56695
-5.57266
-5.5779
-5.58164
-5.5832
-5.58375
-5.58336
-5.58185
-5.58203
-5.58294
-5.58539
-5.58869
-5.59399
-5.5994
-5.60479
-5.6082
-5.61231
-5.6135
-5.61439
-5.61421
-5.61287
-5.61122
-5.61108
-5.61126
-5.61209
-5.61438
-5.61678
-5.61995
-5.62312
-5.62585
-5.62827
-5.62955
-5.62835
-5.62534
-5.6213
-5.61586
-5.61088
-5.60657
-5.60497
-5.60362
-5.60187
-5.59904
-5.59379
-5.58736
-5.57993
-5.57469
-5.57139
-5.56948
-5.57156
-5.5775
-5.58713
-5.59927
-5.61328
-5.62638
-5.63999
-5.65341
-5.66457
-5.67381
-5.6808
-5.68508
-5.68667
-5.68536
-5.68171
-5.67578
-5.66831
-5.65789
-5.64566
