-3.45159
-3.45113
-3.45173
-3.45249
-3.45355
-3.454
-3.45355
-3.45279
-3.45264
-3.45279
-3.45294
-3.45234
-3.45189
-3.45174
-3.45279
-3.4537
-3.45415
-3.4537
-3.4534
-3.45279
-3.45219
-3.45174
-3.45249
-3.45264
-3.45113
-3.45158
-3.45189
-3.45264
-3.4537
-3.4531
-3.4528
-3.45386
-3.45371
-3.45355
-3.45371
-3.45401
-3.4528
-3.45431
-3.45446
-3.45295
-3.4525
-3.45159
-3.45219
-3.45159
-3.45173
-3.45128
-3.45113
-3.45068
-3.45098
-3.45144
-3.4522
-3.45159
-3.45099
-3.45053
-3.45023
-3.45129
-3.45128
-3.45128
-3.45053
-3.45038
-3.44962
-3.44947
-3.44902
-3.44857
-3.44812
-3.44782
-3.44782
-3.44903
-3.44993
-3.44993
-3.45038
-3.45068
-3.45083
-3.45159
-3.45204
-3.45159
-3.45189
-3.45144
-3.45144
-3.4525
-3.4519
-3.4522
-3.45265
-3.4528
-3.45219
-3.45249
-3.45265
-3.45189
-3.45174
-3.45204
-3.45129
-3.45159
-3.45144
-3.45099
-3.45129
-3.45174
-3.45159
-3.45099
-3.45144
-3.45114
