0.494396   -0.499976   -0.486119
-0.347374   -0.347477   0.489364
0.487546   -0.319204   -0.327515
-0.358005   0.489284   -0.32872
-0.167858   0.485096   0.485988
0.00561195   -0.330849   0.489772
-0.165541   -0.338986   -0.345427
0.0138558   0.490868   -0.321589
0.148772   0.49727   0.47949
0.336773   -0.347955   0.499901
0.184068   -0.360941   -0.331003
0.340081   0.484743   -0.331362
0.476788   -0.158214   -0.496315
-0.356178   0.00110874   0.498644
0.49463   0.00361604   -0.319834
-0.335749   -0.167889   -0.346889
-0.158885   -0.164246   -0.492249
-0.0187838   0.0140905   0.490668
-0.17603   -0.00292596   -0.32927
0.0232741   -0.169883   -0.327126
0.161839   -0.161325   -0.492759
0.316397   -0.000636704   -0.492514
0.153991   0.00400047   -0.331696
0.318192   -0.167   -0.323497
0.489621   0.155746   -0.492509
-0.336382   0.344135   -0.495998
0.478548   0.312069   -0.339204
-0.341433   0.161985   -0.332639
-0.156384   0.187833   -0.495266
0.00375686   0.331939   0.495715
-0.160037   0.350315   -0.334646
-0.0233023   0.154387   -0.332662
0.176228   0.169677   0.484154
0.331944   0.343065   0.492759
0.169968   0.332036   -0.366788
0.32032   0.145787   -0.346066
0.497965   0.494169   -0.155713
-0.341787   -0.339935   -0.174188
-0.494043   -0.332339   0.00394444
-0.320235   -0.471411   0.00187698
-0.171053   -0.494604   -0.162825
0.00359223   -0.351785   -0.161644
-0.154745   -0.320209   -0.00775126
0.0228286   0.486572   -0.000223175
0.190669   -0.499245   -0.160489
0.347065   -0.340034   -0.160644
0.166195   -0.303562   0.00384229
0.321653   -0.4885   0.0195896
-0.48337   -0.179821   -0.173021
-0.34478   -0.00299855   -0.167472
-0.487071   0.00118439   0.0047174
-0.328568   -0.175065   -0.00913431
-0.159074   -0.179202   -0.188139
-0.00824218   0.00121537   -0.169021
-0.18045   0.000300234   -0.00155706
-0.00611529   -0.147179   -0.00389061
0.149859   -0.154155   -0.157471
0.331144   0.00900233   -0.155586
0.169768   -0.00474207   0.00538761
0.341991   -0.156439   0.00601153
-0.491748   0.182923   -0.157484
-0.32716   0.338163   -0.161959
-0.497708   0.337868   0.00419258
-0.326878   0.169732   -0.01215
-0.164542   0.163266   -0.172564
0.0394456   0.338696   -0.173834
-0.149321   0.33971   0.0103218
0.000251682   0.163082   0.00427539
0.169061   0.163854   -0.154997
0.310193   0.314589   -0.181578
0.183876   0.331214   0.00458607
0.345239   0.168587   0.0144742
0.492843   -0.491875   0.165055
-0.324773   -0.314029   0.166426
0.486805   -0.338703   0.333808
-0.344091   0.494674   0.323769
-0.181933   0.496929   0.171865
0.0140224   -0.331048   0.168075
-0.172943   -0.331563   0.337877
-0.0192307   -0.495593   0.313183
0.155968   0.495253   0.170226
0.344095   -0.320533   0.157138
0.174489   -0.338924   0.339383
0.317229   -0.494953   0.323779
0.496588   -0.164534   0.170932
-0.345041   -0.00676269   0.166675
-0.497272   -0.0193001   0.338777
-0.33047   -0.162744   0.338582
-0.169054   -0.16482   0.176072
0.00107409   0.0056525   0.155428
-0.190228   0.00295256   0.334952
0.0166932   -0.161905   0.347885
0.160586   -0.165231   0.1658
0.335148   -0.00167904   0.168493
0.188104   0.0111115   0.333105
0.327344   -0.160331   0.337053
-0.48245   0.155173   0.179359
-0.328905   0.339038   0.168271
-0.491823   0.327701   0.335233
-0.331682   0.181461   0.352337
-0.152309   0.160028   0.15943
0.014002   0.335306   0.167626
-0.168016   0.324235   0.31404
-0.00370349   0.157503   0.31463
0.173639   0.149076   0.156787
0.338245   0.343795   0.183962
0.169562   0.339939   0.320101
0.348925   0.160259   0.337208
