0.498665   -0.493398   0.497913
-0.331496   -0.329238   0.494553
-0.499029   -0.342918   -0.332156
-0.324197   0.495867   -0.33448
-0.171324   -0.497393   -0.49259
0.00780961   -0.33511   -0.486044
-0.16653   -0.334525   -0.335435
-0.00437568   -0.487584   -0.346902
0.187707   0.494153   -0.493043
0.315862   -0.3258   -0.496898
0.186394   -0.312819   -0.328268
0.345525   0.489493   -0.339758
0.475992   -0.18197   -0.498661
-0.31964   0.00568326   -0.494359
0.49248   0.00436154   -0.351573
-0.337192   -0.166078   -0.349739
-0.152367   -0.169353   -0.496711
0.0189375   0.00816386   0.494928
-0.139585   0.0285929   -0.327977
-0.0268021   -0.162044   -0.32631
0.165565   -0.164092   -0.498274
0.315437   -0.00585262   0.483649
0.159687   0.0195891   -0.342478
0.337244   -0.146859   -0.318229
0.491466   0.169209   -0.497707
-0.333645   0.338972   -0.491332
0.499703   0.333798   -0.327913
-0.342498   0.167151   -0.319276
-0.16758   0.171524   0.4773
-0.00611399   0.347148   0.487819
-0.167543   0.329132   -0.326211
0.0204192   0.197273   -0.354718
0.167889   0.1738   0.474997
0.341571   0.332237   0.490413
0.163922   0.342566   -0.337888
0.327705   0.174024   -0.33768
-0.486763   -0.496916   -0.168274
-0.328267   -0.331058   -0.160199
-0.487035   -0.323946   0.000135126
-0.329247   0.484055   0.00856488
-0.157729   -0.484867   -0.173739
0.00235882   -0.328366   -0.183573
-0.156849   -0.331535   0.00962049
0.00349777   0.495764   -0.0109539
0.159918   0.496502   -0.191129
0.334586   -0.341016   -0.165715
0.164202   -0.347289   -0.0140648
0.337374   0.492101   0.0118669
-0.48989   -0.165892   -0.153581
-0.323691   0.0181917   -0.172084
-0.487373   -0.0105715   0.0143191
-0.319057   -0.164696   0.00681255
-0.181102   -0.151719   -0.181915
-0.007882   0.00790885   -0.154039
-0.172257   -0.000965455   0.011357
-0.01733   -0.149516   0.000570459
0.153358   -0.160026   -0.158729
0.313037   -0.00712859   -0.158619
0.167279   -0.009075   0.00356879
0.325826   -0.169818   -0.00275909
0.478443   0.156932   -0.183661
-0.343473   0.332   -0.155558
0.492799   0.325038   -0.0038182
-0.353469   0.154157   0.000298872
-0.171845   0.173831   -0.160407
0.0126572   0.320049   -0.167564
-0.168358   0.316978   0.00465526
-0.00755903   0.150672   0.00470839
0.167928   0.168824   -0.172443
0.342812   0.338059   -0.158931
0.167467   0.33202   -0.0129468
0.330894   0.156789   -0.00439822
-0.499573   -0.48471   0.148525
-0.327019   -0.335237   0.172878
-0.498664   -0.335907   0.325093
-0.342379   0.498947   0.342793
-0.151787   0.497224   0.165307
0.000542031   -0.324327   0.160854
-0.153609   -0.33865   0.335108
-0.00860979   -0.496597   0.330237
0.168593   -0.493097   0.155271
0.336637   -0.328518   0.157928
0.141333   -0.3326   0.34773
0.33801   -0.470275   0.33757
-0.498659   -0.176825   0.159409
-0.329442   -0.00848926   0.191346
-0.498607   -0.00931604   0.33219
-0.349475   -0.157521   0.354965
-0.177841   -0.175141   0.188778
0.0195525   -0.00236758   0.17277
-0.165299   -0.0260447   0.343433
0.00286013   -0.16846   0.326136
0.174149   -0.176053   0.175733
0.346606   -0.00801558   0.180284
0.179696   -0.0316329   0.332495
0.339006   -0.184492   0.325741
0.48502   0.174528   0.165384
-0.330476   0.355485   0.188305
0.493272   0.327995   0.345379
-0.35391   0.158356   0.333231
-0.171773   0.130037   0.174592
0.0123263   0.341798   0.154504
-0.158739   0.323736   0.313221
-0.00141968   0.151115   0.336899
0.164775   0.155937   0.153704
0.32457   0.327721   0.177635
0.165403   0.350313   0.333048
0.329608   0.157917   0.335188
