1.20011
1.20063
1.19578
1.18546
1.17092
1.15434
1.13819
1.1249
1.11657
1.11536
1.1234
1.14211
1.17105
1.20744
1.24672
1.28377
1.31417
1.33485
1.34429
1.34233
1.32992
1.30859
1.28021
1.24677
1.21044
1.17364
1.13879
1.10835
1.08439
1.06848
1.06129
1.06266
1.07194
1.08828
1.11065
1.13771
1.16757
1.19776
1.22544
1.24763
1.26173
1.26604
1.26019
1.24538
1.22424
1.2004
1.17775
1.1598
1.14903
1.14651
1.15196
1.16415
1.18154
1.20271
1.22614
1.24936
1.26885
1.28111
1.28399
1.27757
1.26399
1.24656
1.22878
1.21367
1.20346
1.19895
1.19963
1.20367
1.20868
1.21222
1.21245
1.20856
1.20094
1.19091
1.18008
1.17005
1.16193
1.15586
1.1509
1.1456
1.13954
1.13484
1.13653
1.14991
1.17622
1.21109
1.2476
1.28009
1.30534
1.32207
1.32996
1.32952
1.32204
1.30977
1.29548
1.28175
1.27027
1.26133
1.25382
1.24619
1.23711
1.22601
1.21299
1.19852
1.18306
1.16687
1.15008
1.13263
1.11458
1.0961
1.07741
1.05864
1.04002
1.02214
1.00607
0.993555
0.986817
0.988091
0.998826
1.01912
1.04752
1.08129
1.11728
1.15254
1.18505
1.21395
1.23937
1.26115
1.27825
1.28887
1.29157
1.28631
1.27459
1.25883
1.24151
1.22459
1.20942
1.19705
1.18818
1.18308
1.18157
1.18298
1.18629
1.19036
1.19434
1.19788
1.2014
1.20588
1.21241
1.22157
1.23296
1.24543
1.25723
1.26652
1.27177
1.27224
1.2681
1.26033
1.25047
1.24034
1.23146
1.22484
1.22076
1.21892
1.21852
1.21818
1.21621
1.21092
1.20109
1.18637
1.16751
1.14615
1.12448
1.10489
1.08994
1.08197
1.08254
1.09202
1.10931
1.13209
1.15717
1.18132
1.20211
1.21852
1.23079
1.23986
1.24621
1.24948
1.24842
1.24152
1.22778
1.20756
1.18276
1.15655
1.1326
1.11421
1.10349
1.10122
1.10704
1.11981
1.13806
1.1599
1.18324
1.20583
1.22553
1.24074
1.25091
1.25643
1.25819
1.25705
1.25373
1.24856
1.24177
1.23371
1.22484
1.21552
1.20591
1.19582
1.18506
1.17393
1.16336
1.15469
1.14897
1.14677
1.1478
1.15102
1.15489
1.1576
1.15741
1.1532
1.14497
1.1341
1.12324
1.11579
1.11517
1.12408
1.14383
1.17355
1.20994
1.24831
1.28394
1.31317
1.33338
1.34278
1.34052
1.32688
1.30383
1.27502
1.2451
1.2183
1.19713
1.18191
1.17109
1.1625
1.15424
1.14524
1.13522
1.12466
1.11463
1.10632
1.10075
1.09848
1.09985
1.10504
1.1141
1.1268
1.14269
1.16127
1.18229
1.20558
1.23092
1.25751
1.28384
1.30767
1.32619
1.33642
1.33601
1.32384
1.30039
1.26797
1.23037
1.19241
1.15929
1.13571
1.12489
1.1275
1.14118
1.1616
1.18376
1.20363
1.21879
1.22843
1.23246
1.23114
1.22491
1.21467
1.20172
1.18779
1.17474
1.16421
1.15723
1.15403
1.15397
1.15579
1.15791
1.15881
1.15738
1.15309
1.14616
1.13742
1.12809
1.11959
1.11332
1.11034
1.11155
1.11733
1.12759
1.14129
1.15668
1.17186
1.18534
1.19648
1.20563
1.21351
1.2207
1.22741
1.23347
1.23849
1.24231
1.24517
1.24734
1.24885
1.2491
1.24707
1.24174
1.23271
1.22046
1.2061
1.19088
1.17572
1.16109
1.14726
1.1347
1.12458
1.11842
1.11761
1.12254
1.13206
1.14364
1.15408
1.16087
1.16327
1.16258
1.16172
1.16414
1.17265
1.18844
1.21068
1.23673
1.26301
1.28607
1.30329
1.31308
1.31468
1.30773
1.29214
1.26841
1.23806
1.20382
1.16927
1.13824
1.11395
1.0984
1.09215
1.09447
1.10371
1.11776
1.13437
1.15149
1.1676
1.18184
1.19386
1.20344
1.21033
1.21401
1.21395
1.20973
1.20138
1.18966
1.17601
1.16232
1.15102
1.14506
1.1474
1.15943
1.17942
1.20266
1.22342
1.23737
1.24287
1.24044
1.23166
1.2182
1.20139
1.18294
1.16549
1.15257
1.14802
1.15451
1.17235
1.19913
1.23036
1.26079
1.2854
1.30026
1.30303
1.29321
1.27213
1.24285
1.20947
1.17661
1.14864
1.12919
1.12033
1.12202
1.13203
1.14674
1.16218
1.1752
1.184
1.18818
1.18861
1.18709
1.18579
1.1865
1.18972
1.19464
1.19953
1.20268
1.20294
1.19993
1.19411
1.18657
1.17893
1.17284
1.16948
1.16918
1.17115
1.1737
1.17512
1.17426
1.1709
1.16584
1.16086
1.15831
1.16049
1.16893
1.18387
1.20408
1.22703
1.24944
1.26784
1.27927
1.28193
1.2751
1.25919
1.23549
1.20568
1.17175
1.13607
1.10183
1.07351
1.05647
1.05531
1.0716
1.10263
1.14235
1.18375
1.22132
1.25215
1.27578
1.2932
1.30593
1.31513
1.32104
1.32302
1.3202
1.31203
1.29892
1.28257
1.26561
1.25081
1.23978
1.23227
1.22616
1.21853
1.20678
1.18954
1.16716
1.14171
1.11649
1.09528
1.0815
1.07727
1.08278
1.0962
1.11423
1.13325
1.15006
1.16237
1.16897
1.16971
1.16555
1.15848
1.15108
1.14585
1.14449
1.14744
1.15385
1.1618
1.16848
1.17116
1.16793
1.15844
1.14455
1.13035
1.12133
1.12273
1.13768
1.16573
1.20292
1.24317
1.28026
1.30939
1.32752
1.33335
1.32703
1.30986
1.28411
1.2527
1.21914
1.1873
1.16117
1.14464
1.14052
1.14966
1.17085
1.20087
1.23501
1.26794
1.29462
1.31141
1.3164
1.30954
1.29192
1.26545
1.2324
1.19556
1.1581
1.12349
1.09511
1.07583
1.06773
1.07156
1.0869
1.11226
1.14484
1.18041
1.21355
1.23883
1.25199
1.25107
1.23721
1.21449
1.18887
1.16637
1.15098
1.14362
1.143
1.14728
1.15531
1.1669
1.18192
1.19935
1.21724
1.23324
1.24535
1.25242
1.25459
1.25303
1.24931
1.24458
1.23901
1.23214
1.22356
1.21348
1.20278
1.19265
1.18382
1.17627
1.16922
1.16177
1.15338
1.14392
1.13367
1.12322
1.11343
1.10529
1.09998
1.09879
1.10303
1.11354
1.12998
1.15084
1.17408
1.19769
1.22031
1.24104
1.25937
1.27502
1.28782
1.2976
1.30414
1.30726
1.30673
1.30269
1.29591
1.28781
1.27988
1.27268
1.26517
1.2555
1.24191
1.22343
1.20024
1.17349
1.14499
1.11691
1.09179
1.07241
1.0615
1.06063
1.06944
1.08588
1.10764
1.13311
1.16128
1.19102
1.22049
1.24721
1.2687
1.28302
1.28923
1.28756
1.27913
1.26559
1.24874
1.23046
1.21252
1.19661
1.18402
1.17532
1.17024
1.16788
1.16704
1.16621
1.16379
1.1584
1.14951
1.13769
1.12465
1.11287
1.10506
1.10349
1.10923
1.12173
1.13899
1.15806
1.17596
1.19049
1.20074
1.20733
1.21188
1.2162
1.2213
1.22712
1.23283
1.2375
1.24049
1.24139
1.23979
1.2351
1.22667
1.2139
1.19669
1.17557
1.15204
1.12846
1.10802
1.0943
1.09054
1.09861
1.11853
1.14795
1.18273
1.21788
1.24881
1.27212
1.28601
1.29018
1.28563
1.27421
1.2581
1.23952
1.22033
1.20174
1.18453
1.16886
1.1545
1.14095
1.12786
1.11535
1.1039
1.09446
1.08818
1.0863
1.08984
1.09929
1.11463
1.13539
1.16062
1.18874
1.21757
1.24448
1.26697
1.28304
1.29162
1.2927
1.28716
1.27671
1.26311
1.24779
1.23148
1.21465
1.19793
1.18225
1.16843
1.15685
1.14761
1.14092
1.13754
1.13841
1.14389
1.1532
1.16448
1.17555
1.18455
1.19048
1.19346
1.19464
1.196
1.19953
1.20638
1.21612
1.22687
1.23619
1.24216
1.24394
1.24175
1.23629
1.22849
1.21897
1.20784
1.19473
1.17909
1.1607
1.14035
1.12018
1.10351
1.09403
1.09469
1.10672
1.12929
1.15985
1.1949
1.23051
1.26274
1.28811
1.30408
1.30954
1.3046
1.29035
1.26863
1.24205
1.21391
1.18828
1.16944
1.16093
1.16434
1.17843
1.19922
1.2212
1.23902
1.24905
1.25026
1.2442
1.23426
1.22441
1.21792
1.21631
1.21916
1.22453
1.22979
1.23259
1.23157
1.22675
1.21916
1.21021
1.20128
1.19323
1.18639
1.18079
1.17609
1.17178
1.1673
1.16214
1.15609
1.14941
1.14278
1.13677
1.13149
1.12623
1.11991
1.11213
1.10356
1.09614
1.09245
1.09473
1.10427
1.12098
1.14338
1.16909
1.19526
1.21918
1.23863
1.25203
1.25882
1.25922
1.25437
1.24571
1.23479
1.22299
1.21151
1.20124
1.1931
1.1879
1.18619
1.18783
1.19217
1.19819
1.20484
1.21115
1.2162
1.21896
1.21832
1.21335
1.204
1.19179
1.17956
1.17002
1.1646
1.1631
1.16443
1.16725
1.16998
1.17071
1.16724
1.15806
1.14314
1.12452
1.10608
1.09238
1.08735
1.09332
1.11024
1.13564
1.16519
1.19416
1.21882
1.23724
1.24917
1.25542
1.25697
1.25471
1.24931
1.24142
1.23196
1.22233
1.21424
1.20936
1.20915
1.21446
1.22507
1.23914
1.25357
1.26458
1.26901
1.2655
1.25479
1.23915
1.2215
1.20462
1.1909
1.18205
1.17911
1.18237
1.1912
1.20395
1.21822
1.23149
1.2419
1.24843
1.25108
1.2501
1.24569
1.2378
1.22668
1.21316
1.19878
1.18529
1.17398
1.16505
1.15766
1.15023
1.14126
1.12998
1.11637
1.10117
1.08561
1.07149
1.06112
1.05693
1.06079
1.07328
1.09339
1.11886
1.14673
1.17399
1.19821
1.21775
1.23187
1.24067
1.24477
1.24513
1.24283
1.23922
1.23557
1.23285
1.2312
1.22999
1.22807
1.22437
1.21853
1.21104
1.203
1.19557
1.18951
1.18498
1.1817
1.17921
1.177
1.17456
1.17122
1.16627
1.15909
1.14949
1.1379
1.12532
1.11315
1.10289
1.09618
1.095
1.10137
1.11648
1.13929
1.16601
1.19165
1.21223
1.22615
1.23373
1.23651
1.23613
1.2341
1.23169
1.23023
1.23111
1.23552
1.24393
1.25558
1.26874
1.28118
1.29068
1.29525
1.29323
1.28354
1.26591
1.24109
1.21087
1.17792
1.14544
1.11659
1.09398
1.07948
1.07385
1.07666
1.08619
1.09996
1.1154
1.13039
1.14357
1.15418
1.16211
1.16798
1.17257
1.17654
1.18006
1.18313
1.18599
1.18904
1.19243
1.19564
1.19776
1.19797
1.19587
1.1919
1.18724
1.18343
1.18208
1.18433
1.19038
1.19942
1.21008
1.22094
1.23087
1.23952
1.24714
1.25404
1.25996
1.2639
1.26413
1.25875
1.2466
1.22816
1.20536
1.18077
1.15656
1.13416
1.11455
1.09896
1.08917
1.08723
1.09485
1.11266
1.1397
1.17331
1.20965
1.24439
1.27349
1.294
1.30429
1.30408
1.29417
1.27613
1.25213
1.22492
1.19787
1.17471
1.15875
1.15204
1.15459
1.16449
1.17875
1.19445
1.20944
1.22222
1.23138
1.23511
1.2319
1.22133
1.20446
1.18366
1.16193
1.142
1.12577
1.11415
1.1073
1.10513
1.10791
1.11641
1.13147
1.15323
1.18046
1.21039
1.23943
1.26442
1.28344
1.29589
1.30209
1.30223
1.29639
1.28429
1.2653
1.2387
1.20401
1.16205
1.11639
1.07428
1.04546
1.03776
1.05299
1.08678
1.13175
1.18024
1.22549
1.26225
1.28705
1.29869
1.29834
1.28895
1.2741
1.25695
1.23931
1.22156
1.20315
1.18364
1.16346
1.14437
1.12909
1.12056
1.12072
1.12995
1.14683
1.16845
1.19074
1.20936
1.22051
1.22195
1.21369
1.19793
1.17838
1.15904
1.14337
1.13374
1.1314
1.13636
1.14765
1.1634
1.18118
1.19855
1.21346
1.22457
1.23121
1.23361
1.23277
1.23001
1.22665
1.22359
1.22131
1.21987
1.21901
1.21788
1.21525
1.21
1.20173
1.19124
1.18062
1.17273
1.17011
1.17401
1.18373
1.19647
1.20827
1.21559
1.21667
1.21205
1.20407
1.19563
1.18874
1.1836
1.17882
1.17232
1.16244
1.14884
1.13263
1.11603
1.10167
1.09175
1.08767
1.09012
1.09928
1.11517
1.13748
1.16544
1.1974
1.23064
1.26157
1.28652
1.3027
1.30907
1.30618
1.29537
1.27782
1.25477
1.22821
1.20101
1.17622
1.15603
1.14139
1.13244
1.12901
1.13096
1.13795
1.14915
1.16297
1.17713
1.18918
1.19706
1.19967
1.19731
1.19164
1.18532
1.18129
1.18189
1.18831
1.2004
1.21675
1.23519
1.2535
1.26956
1.28144
1.28758
1.2867
1.2782
1.2624
1.24099
1.21694
1.19437
1.17768
1.16971
1.17045
1.17688
1.18461
1.18971
1.18967
1.18367
1.17209
1.15626
1.13831
1.12094
1.10695
1.09856
1.0966
1.10031
1.1078
1.11681
1.12558
1.13334
1.14025
1.1471
1.15473
1.16383
1.17484
1.18795
1.20277
1.2183
1.23285
1.24428
1.25055
1.2502
1.24311
1.23055
1.21479
1.19835
1.18321
1.17036
1.15983
1.15111
1.14355
1.13676
1.13067
1.12563
1.12214
1.12084
1.1222
1.12658
1.13421
1.14512
1.15878
1.1741
1.18977
1.20451
1.21736
1.22807
1.23686
1.24413
1.24999
1.25426
1.25653
1.25652
1.25422
1.24972
1.24303
1.23428
1.22399
1.21312
1.20304
1.19505
1.18987
1.18745
1.18694
1.18706
1.18619
1.18286
1.17614
1.16606
1.15389
1.14209
1.13383
1.13193
1.13757
1.14936
1.16387
1.17708
1.18609
1.18983
1.18893
1.18472
1.17804
1.16883
1.15648
1.14065
1.122
1.10245
1.0846
1.07135
1.06523
1.06833
1.08162
1.10449
1.13465
1.16873
1.20325
1.23544
1.26348
1.28642
1.30395
1.31605
1.32265
1.32385
1.32016
1.31251
1.30226
1.29093
1.27953
1.26833
1.25688
1.24457
1.23101
1.21633
1.20107
1.18593
1.17169
1.15894
1.14789
1.13835
1.12976
1.1218
1.1152
1.11158
1.11251
1.11834
1.12793
1.13939
1.15102
1.16194
1.1721
1.18178
1.19105
1.19964
1.2068
1.21153
1.21288
1.21033
1.20421
1.19588
1.18726
1.18038
1.17682
1.17752
1.18279
1.1924
1.20573
1.22189
1.23959
1.25729
1.27302
1.28461
1.29014
1.2881
1.27785
1.25961
1.23427
1.2032
1.16855
1.1336
1.10263
1.08005
1.06939
1.0722
1.08758
1.11262
1.14301
1.17396
1.20087
1.22021
1.22991
1.2296
1.2208
1.20672
1.19187
1.18107
1.17828
1.18556
1.20244
1.22612
1.25232
1.27646
1.29472
1.30472
1.30576
1.29864
1.285
1.26669
1.24536
1.22228
1.19843
1.17473
1.15208
1.13166
1.11488
1.10333
1.09823
1.10011
1.10839
1.12173
1.13813
1.15534
1.17106
1.18329
1.19054
1.19232
1.18917
1.18249
1.17435
1.16734
1.16404
1.16617
1.17361
1.18454
1.19632
1.20688
1.21539
1.22219
1.22822
1.23436
1.24068
1.24633
1.24969
1.24922
1.24411
1.23471
1.22251
1.20951
1.19761
1.1879
1.18045
1.17446
1.16869
1.16266
1.15731
1.15516
1.15921
1.17092
1.18908
1.21048
1.23159
1.24964
1.26274
1.26958
1.26962
1.26339
1.25246
1.23908
1.22565
1.21401
1.20512
1.19904
1.1953
1.19333
1.19267
1.19293
1.19357
1.19383
1.19302
1.19078
1.18681
1.18079
1.17238
1.16167
1.14961
1.13841
1.13113
1.13046
1.13748
1.15092
1.16763
1.18402
1.19735
1.20633
1.2111
1.21275
1.21313
1.21453
1.21913
1.22832
1.24158
1.25645
1.26913
1.27607
1.27499
1.26528
1.24783
1.22457
1.19819
1.17184
1.14907
1.13366
1.12877
1.13583
1.15348
1.17754
1.20203
1.22119
1.2312
1.2309
1.22179
1.20718
1.19101
1.1768
1.16682
1.16181
1.16144
1.16484
1.17123
1.17999
1.19015
1.20018
1.20793
1.21124
1.2085
1.19878
1.18203
1.15911
1.132
1.10378
1.07826
1.05897
1.04858
1.04829
1.05808
1.0771
1.10401
1.13698
1.17344
1.21015
1.24366
1.27111
1.29066
1.30174
1.30486
1.30126
1.29238
1.27951
1.26351
1.24489
1.22416
1.20212
1.17981
1.15825
1.13806
1.11949
1.10269
1.08816
1.07744
1.07334
1.0791
1.09716
1.12737
1.16634
1.20867
1.24891
1.28314
1.30945
1.32708
1.33566
1.33491
1.32498
1.30687
1.28271
1.25561
1.22903
1.20617
1.18926
1.17917
1.17551
1.17671
1.18027
1.18365
1.1853
1.18542
1.18572
1.18846
1.1947
1.2032
1.21075
1.21373
1.20988
1.19925
1.18404
1.16766
1.15385
1.1454
1.14355
1.14776
1.1561
1.16604
1.17542
1.18296
1.18866
1.19323
1.19722
1.20001
1.20006
1.19585
1.18711
1.17588
1.16626
1.16303
1.16958
1.18652
1.2114
1.24003
1.26786
1.29093
1.30616
1.31153
1.30606
1.28974
1.26345
1.22912
1.18987
1.15043
1.11666
1.09404
1.08548
1.09058
1.10661
1.13
1.15723
1.18494
1.20947
1.22712
1.23487
1.23116
1.2162
1.19212
1.16256
1.13217
1.10548
1.08611
1.07599
1.07522
1.08219
1.09412
1.10798
1.12113
1.13213
1.1409
1.1484
1.15615
1.16553
1.17717
1.1909
1.20577
1.22044
1.2334
1.24335
1.24919
1.25017
1.24618
1.23787
1.22671
1.21493
1.20487
1.19849
1.1969
1.20017
1.20725
1.21648
1.22605
1.23449
1.24094
1.24515
1.24718
1.2473
1.24612
1.24448
1.24296
1.24108
1.23696
1.22833
1.21403
1.19489
1.17372
1.15426
1.13991
1.13261
1.13238
1.13775
1.14642
1.15625
1.1656
1.17328
1.17838
1.1802
1.17833
1.17259
1.16335
1.15161
1.13886
1.127
1.11793
1.11334
1.11447
1.12177
1.13451
1.15067
1.16738
1.18162
1.191
1.19421
1.19128
1.18335
1.1722
1.16001
1.14923
1.14229
1.14135
1.14778
1.1617
1.18137
1.20335
1.22335
1.23755
1.24398
1.24292
1.23667
1.22826
1.22055
1.21547
1.21369
1.21493
1.2185
1.22348
1.22886
1.23346
1.23608
1.23609
1.23363
1.22963
1.22552
1.22266
1.22182
1.22313
1.22607
1.22985
1.23337
1.23503
1.23301
1.22588
1.2136
1.19825
1.18344
1.17256
1.16736
1.1676
1.17192
1.17857
1.18569
1.19143
1.19445
1.1941
1.19065
1.18482
1.17756
1.16961
1.1616
1.15413
1.14779
1.14295
1.13952
1.13707
1.13516
1.13392
1.13428
1.13793
1.14665
1.16128
1.18112
1.20407
1.22723
1.24763
1.26283
1.27126
1.27227
1.26632
1.25488
1.24012
1.22434
1.20941
1.19682
1.18774
1.18295
1.18254
1.18565
1.19047
1.19474
1.19662
1.19545
1.19224
1.18951
1.19024
1.19661
1.20899
1.22593
1.2444
1.26052
1.27036
1.27071
1.2601
1.23927
1.21094
1.17905
1.14759
1.11973
1.09725
1.08084
1.07063
1.06679
1.06966
1.07931
1.09499
1.11478
1.13613
1.15675
1.17525
1.19124
1.20495
1.21668
1.22647
1.234
1.239
1.24162
1.24265
1.2434
1.24516
1.24842
1.25192
1.25271
1.24705
1.2321
1.20738
1.17518
1.1399
1.10659
1.07957
1.06194
1.05553
1.06096
1.07755
1.1032
1.13468
1.16784
1.19839
1.22249
1.23778
1.24411
1.24349
1.23966
1.23618
1.23495
1.23597
1.23812
1.2402
1.2414
1.24135
1.24005
1.23778
1.23493
1.23183
1.2288
1.22576
1.22218
1.21699
1.20888
1.19702
1.18183
1.16519
1.14976
1.1375
1.12851
1.12119
1.11356
1.10498
1.09693
1.09224
1.0939
1.1039
1.12256
1.14844
1.17879
1.21034
1.24016
1.26606
1.28687
1.30239
1.31281
1.31853
1.31995
1.3177
1.31287
1.30699
1.30145
1.29696
1.29308
1.28819
1.28036
1.26814
1.25119
1.2305
1.20797
1.18551
1.16424
1.14418
1.12478
1.10585
1.08833
1.07427
1.06591
1.06446
1.06968
1.07991
1.09272
1.10562
1.11662
1.12467
1.12987
1.13345
1.13724
1.14309
1.15232
1.16521
1.18114
1.19876
1.21627
1.23186
1.24404
1.25224
1.25689
1.25911
1.25992
1.25976
1.25836
1.25465
1.24716
1.23453
1.21666
1.19578
1.17666
1.16456
1.16171
1.16588
1.17243
1.17762
1.17983
1.17906
1.17575
1.17016
1.16238
1.15332
1.14499
1.13976
1.1393
1.14365
1.15138
1.16041
1.16936
1.17782
1.18621
1.19506
1.20443
1.21389
1.223
1.23162
1.24014
1.24896
1.25787
1.26583
1.27157
1.27404
1.27289
1.26822
1.26013
1.24831
1.23228
1.21219
1.18982
1.16879
1.15311
1.14519
1.14514
1.15213
1.16498
1.18218
1.20148
1.21986
1.23405
1.24139
1.24019
1.23009
1.21203
1.18808
1.16098
1.13418
1.11138
1.09603
1.09044
1.09487
1.10768
1.12591
1.1463
1.16604
1.18324
1.19686
1.2067
1.21313
1.21687
1.2188
1.2199
1.22123
1.22397
1.22951
1.23894
1.2525
1.26908
1.28635
1.30201
1.31431
1.32221
1.32513
1.32297
1.316
1.30486
1.29052
1.27399
1.25605
1.23715
1.2174
1.19674
1.17533
1.15378
1.13321
1.11537
1.10224
1.09554
1.09605
1.10299
1.11371
1.12421
1.13064
1.13111
1.12656
1.12003
1.11511
1.11426
1.11819
1.12604
1.13633
1.14776
1.1594
1.17045
1.17998
1.18692
1.19019
1.18905
1.1837
1.17541
1.16643
1.15931
1.15597
1.15743
1.16353
1.17325
1.18498
1.19717
1.20853
1.21841
1.22681
1.2345
1.2427
1.25223
1.26292
1.27346
1.28185
1.28598
1.28409
1.27516
1.25913
1.23719
1.21187
1.18688
1.16643
1.15402
1.15153
1.15876
1.17372
1.19342
1.21475
1.235
1.25183
1.26315
1.26725
1.26273
1.24882
1.22572
1.19482
1.15876
1.12115
1.08594
1.05659
1.03553
1.02388
1.0216
1.02759
1.04015
1.05718
1.07689
1.0982
1.12062
1.14388
1.16742
1.19014
1.21061
1.22741
1.2394
1.24594
1.2469
1.24272
1.23422
1.22275
1.21014
1.19858
1.19024
1.1867
1.18896
1.19722
1.21074
1.22765
1.24508
1.25971
1.26864
1.27019
1.26437
1.2527
1.23756
1.22122
1.20519
1.19016
1.17612
1.163
1.15116
1.14161
1.1358
1.135
1.13955
1.14851
1.15962
1.16994
1.17663
1.17758
1.1719
1.16006
1.14383
1.12606
1.11029
1.10009
1.09815
1.10564
1.12191
1.14475
1.17125
1.19849
1.22407
1.24619
1.26357
1.27537
1.28104
1.27999
1.27183
1.25682
1.23616
1.21197
1.18671
1.16261
1.14145
1.12443
1.11263
1.10696
1.10806
1.11575
1.12865
1.14465
1.162
1.18023
1.19994
1.22175
1.2453
1.26919
1.29139
1.30961
1.32191
1.32693
1.32384
1.31257
1.29399
1.2697
1.24187
1.21315
1.18638
1.16424
1.14889
1.14175
1.14327
1.15267
1.16788
1.18583
1.20296
1.21631
1.22381
1.22465
1.21948
1.21028
1.19993
1.19107
1.18509
1.18172
1.17952
1.17685
1.17255
1.1663
1.15854
1.15019
1.14226
1.1354
1.12986
1.12551
1.12221
1.12013
1.12009
1.12369
1.13254
1.14747
1.16781
1.19126
1.21472
1.23515
1.25052
1.26012
1.26442
1.2644
1.26091
1.25427
1.24433
1.23142
1.21722
1.20517
1.19995
1.20538
1.22217
1.24695
1.27357
1.29561
1.30829
1.30891
1.2969
1.27343
1.24097
1.20287
1.1629
1.12486
1.09207
1.06718
1.0524
1.04955
1.05996
1.08334
1.11684
1.15508
1.19169
1.2215
1.24165
1.2517
1.25316
1.24861
1.24123
1.23391
1.22837
1.22458
1.22098
1.21547
1.20675
1.19485
1.18108
1.16742
1.15609
1.14923
1.14855
1.1552
1.16919
1.18916
1.21237
1.23502
1.2529
1.26234
1.26089
1.24768
1.22337
1.18981
1.14976
1.10645
1.06344
1.02437
0.993001
0.97268
0.965835
0.973332
0.994141
1.02555
1.06381
1.10501
1.14602
1.18485
1.22053
1.25276
1.28139
1.30586
1.32501
1.33706
1.34026
1.3333
1.31599
1.28983
1.25803
1.22497
1.19534
1.17297
1.16001
1.1568
1.16226
1.17438
1.19078
1.20917
1.22749
1.244
1.25726
1.26603
1.26917
1.26595
1.25637
1.24152
1.22352
1.20523
1.18918
1.17666
1.16743
1.1603
1.15401
1.14777
1.14165
1.13652
1.13399
1.13559
1.14214
1.15345
1.1682
1.18447
1.20014
1.21331
1.22236
1.22583
1.22237
1.21097
1.19131
1.16441
1.13296
1.10145
1.0753
1.05996
1.05944
1.07502
1.10429
1.14167
1.18074
1.21648
1.24626
1.26949
1.28684
1.29923
1.30726
1.31095
1.30975
1.30273
1.28893
1.26817
1.24137
1.21064
1.1788
1.14869
1.12228
1.10029
1.08247
1.06837
1.05814
1.05273
1.05358
1.062
1.0785
1.1026
1.13291
1.16735
1.20321
1.23744
1.26698
1.2892
1.30239
1.30614
1.30136
1.28982
1.27345
1.25432
1.23417
1.21443
1.19593
1.17883
1.1629
1.14796
1.13451
1.12388
1.11799
1.11871
1.12687
1.14175
1.16101
1.18147
1.19982
1.21328
1.2198
1.21809
1.20763
1.189
1.16433
1.13749
1.11366
1.09824
1.09509
1.10496
1.12518
1.15105
1.17786
1.20209
1.22175
1.23623
1.2458
1.25141
1.25445
1.25646
1.25867
1.26186
1.26609
1.27072
1.27458
1.27624
1.27439
1.26831
1.25821
1.24494
1.2299
1.21446
1.1996
1.18596
1.17407
1.16463
1.15835
1.15585
1.15728
1.16198
1.16856
1.17507
1.17933
1.17965
1.17508
1.16539
1.15109
1.13325
1.11343
1.09373
1.07671
1.06537
1.06257
1.07045
1.08972
1.11938
1.15671
1.19779
1.23818
1.27372
1.30116
1.31842
1.32472
1.32028
1.30635
1.28502
1.25931
1.23298
1.2101
1.19429
1.18769
1.19013
1.19902
1.21038
1.22003
1.2246
1.22242
1.21385
1.20082
1.18604
1.17184
1.15939
1.1486
1.13879
1.12948
1.12084
1.11379
1.10961
1.10943
1.11425
1.12461
1.14053
1.16142
1.18587
1.21165
1.23604
1.25624
1.26991
1.27554
1.27279
1.26247
1.2467
1.22874
1.21209
1.19928
1.19057
1.18412
1.17696
1.16686
1.15367
1.13978
1.1291
1.1256
1.13175
1.14773
1.17155
1.19979
1.22851
1.25393
1.27293
1.28351
1.28526
1.27937
1.26803
1.25398
1.23962
1.2264
1.21477
1.2044
1.19431
1.1836
1.17167
1.15849
1.14457
1.1305
1.1166
1.10287
1.08937
1.0767
1.06631
1.06034
1.06089
1.0691
1.08452
1.10546
1.1296
1.15462
1.17886
1.20143
1.22208
1.24088
1.25814
1.27413
1.28893
1.30224
1.31328
1.32106
1.32478
1.32419
1.31965
1.31198
1.30212
1.29073
1.27811
1.26408
1.24795
1.22889
1.20681
1.18309
1.16052
1.1425
1.13152
1.12805
1.13057
1.13631
1.14206
1.14515
1.14403
1.13841
1.12912
1.11759
1.1056
1.09496
1.08737
1.08431
1.08673
1.09468
1.10731
1.12314
1.14039
1.15737
1.17276
1.18579
1.19656
1.20601
1.21574
1.22727
1.24134
1.25741
1.27396
1.28881
1.29984
1.30546
1.30522
1.29979
1.29067
1.27963
1.26797
1.25621
1.24416
1.23131
1.21726
1.20203
1.18594
1.16949
1.15327
1.13782
1.12382
1.11223
1.10439
1.10168
1.1047
1.11299
1.12511
1.13945
1.15458
1.1692
1.18207
1.19232
1.19964
1.20417
1.20646
1.20736
1.2077
1.20812
1.20895
1.21031
1.21214
1.21406
1.21521
1.21439
1.21059
1.20354
1.19421
1.18472
1.17783
1.17601
1.18051
1.19091
1.20514
1.22002
1.23237
1.23955
1.23998
1.23322
1.21997
1.20174
1.18071
1.1593
1.13965
1.12323
1.11085
1.10311
1.10079
1.10434
1.11336
1.12644
1.14163
1.15717
1.17209
1.18623
1.20018
1.21458
1.22978
1.24535
1.26015
1.2725
1.28039
1.28194
1.27566
1.26096
1.23832
1.20945
1.17734
1.14569
1.11818
1.09755
1.08497
1.08021
1.0824
1.09071
1.10428
1.12148
1.13949
1.15505
1.16608
1.17251
1.17598
1.17908
1.18413
1.19217
1.20244
1.21289
1.2211
1.22569
1.22695
1.22699
1.22857
1.23383
1.24328
1.25557
1.26816
1.27819
1.2833
1.28215
1.27459
1.2614
1.24404
1.22429
1.20401
1.18487
1.16813
1.15459
1.14439
1.13728
1.13299
1.13159
1.13367
1.13982
1.1498
1.16213
1.17437
1.18398
1.18909
1.18905
1.18433
1.17607
1.16553
1.15375
1.14188
1.13179
1.12624
1.12802
1.13838
1.15617
1.17873
1.20315
1.22725
1.25001
1.27095
1.28973
1.3055
1.31669
1.32124
1.31706
1.30275
1.27838
1.24589
1.20901
1.17254
1.1414
1.11957
1.10924
1.1102
1.12053
1.13741
1.15788
1.17931
1.1994
1.21593
1.22706
1.23181
1.23035
1.22394
1.21479
1.20553
1.19844
1.19484
1.19468
1.19677
1.19912
1.1997
1.19703
1.19062
1.18099
1.16963
1.15822
1.14803
1.1395
1.1326
1.12753
1.12491
1.12548
1.1297
1.1375
1.14854
1.1626
1.17922
1.19719
1.21443
1.22842
1.23711
1.2395
1.23574
1.22675
1.21393
1.19905
1.18409
1.17152
1.16434
1.16549
1.17656
1.19666
1.22247
1.24904
1.27129
1.28501
1.28753
1.27778
1.25675
1.22785
1.19669
1.16943
1.1504
1.14053
1.1384
1.14207
1.14989
1.16021
1.17118
1.18094
1.18792
1.19094
1.18904
1.18159
1.16857
1.15104
1.13151
1.11381
1.1023
1.10063
1.11068
1.13188
1.16133
1.19495
1.22876
1.25987
1.2866
1.30784
1.32254
1.32952
1.3277
1.31666
1.297
1.27053
1.23987
1.20794
1.17722
1.14949
1.12572
1.10631
1.09142
1.08104
1.07505
1.07325
1.07526
1.08062
1.08875
1.09897
1.11036
1.12187
1.13244
1.14128
1.14795
1.15232
1.15456
1.15487
1.15357
1.15103
1.14786
1.14522
1.14467
1.14794
1.15605
1.16873
1.18451
1.20115
1.21655
1.2293
1.2388
1.24518
1.24914
1.25169
1.25375
1.25591
1.25837
1.26093
1.26368
1.26713
1.27217
1.27943
1.28865
1.29823
1.30581
1.30908
1.30639
1.29682
1.28005
1.25644
1.22753
1.19624
1.16627
1.14085
1.12147
1.10793
1.09918
1.09415
1.09191
1.09184
1.09361
1.09728
1.10312
1.1113
1.12207
1.13578
1.15283
1.1731
1.19545
1.21786
1.23781
1.25331
1.2633
1.26775
1.2674
1.2634
1.25691
1.24904
1.24066
1.23204
1.22308
1.21343
1.20301
1.19217
1.18161
1.17197
1.16359
1.15656
1.15127
1.14873
1.15031
1.15681
1.16781
1.18153
1.19538
1.20678
1.21395
1.21603
1.21299
1.20549
1.19457
1.18142
1.16697
1.15177
1.13633
1.12201
1.11183
1.11029
1.12174
1.14727
1.18308
1.22225
1.2582
1.28693
1.30716
1.31928
1.32438
1.32368
1.31831
1.30907
1.29625
1.28014
1.26147
1.24189
1.22396
1.2106
1.20412
1.20507
1.21188
1.22131
1.22954
1.23303
1.22915
1.2166
1.19578
1.16876
1.13906
1.1107
1.0873
1.07106
1.06221
1.05945
1.06099
1.06521
1.07098
1.07759
1.08477
1.09272
1.10212
1.11413
1.12985
1.14966
1.17272
1.197
1.21961
1.23764
1.24889
1.25238
1.24847
1.23863
1.22531
1.21139
1.19968
1.19217
1.1896
1.19143
1.19613
1.20162
1.20582
1.20748
1.2065
1.20382
1.2009
1.19867
1.19711
1.19561
1.19368
1.19151
1.18991
1.18959
1.1903
1.1908
1.18953
1.1855
1.17893
1.17155
1.16608
1.16526
1.17088
1.18323
1.20082
1.22076
1.23936
1.25282
1.25809
1.25379
1.24054
1.22111
1.19971
1.18097
1.16884
1.16556
1.17146
1.185
1.20339
1.22317
1.24096
1.25369
1.25901
1.25561
1.24337
1.22369
1.19941
1.17415
1.15172
1.13514
1.12611
1.12474
1.12969
1.13867
1.14907
1.15862
1.16554
1.16871
1.16801
1.16461
1.16087
1.15925
1.16123
1.16662
1.1739
1.18102
1.18598
1.18711
1.18327
1.17386
1.15889
1.13911
1.11634
1.09369
1.07541
1.06591
1.06854
1.08459
1.11301
1.15093
1.19416
1.23817
1.27852
1.31145
1.33423
1.34552
1.34534
1.33485
1.31622
1.29227
1.2664
1.24187
1.22123
1.20553
1.1942
1.18556
1.17781
1.16977
1.16132
1.15336
1.1473
1.14447
1.14535
1.14927
1.15457
1.15918
1.16161
1.16181
1.16156
1.16358
1.17008
1.18149
1.19646
1.21251
1.2267
1.23606
1.23835
1.23282
1.22058
1.20426
1.18707
1.17244
1.1634
1.16221
1.16992
1.18586
1.20751
1.23092
1.25171
1.26611
1.27186
1.26841
1.25691
1.23952
1.21878
1.19694
1.17581
1.15697
1.14175
1.13128
1.12616
1.12618
1.13009
1.13603
1.14207
1.14678
1.14959
1.15083
1.15151
1.15288
1.15609
1.16189
1.17049
1.18157
1.19416
1.20692
1.21843
1.22764
1.23389
1.23708
1.23754
1.2356
1.23148
1.22548
1.21819
1.21116
1.2071
1.20883
1.21786
1.2334
1.25276
1.2725
1.28922
1.29974
1.30134
1.29228
1.27196
1.24137
1.20298
1.16058
1.11899
1.08338
1.05856
1.04793
1.05251
1.07052
1.09783
1.12927
1.15983
1.18564
1.20425
1.21474
1.2175
1.21373
1.2051
1.19354
1.18131
1.17076
1.16452
1.16515
1.17455
1.19279
1.21761
1.2447
1.26916
1.28684
1.29535
1.29418
1.28434
1.268
1.24783
1.2265
1.2061
1.1877
1.1712
1.15559
1.13951
1.12186
1.10231
1.08178
1.06286
1.04965
1.04695
1.05867
1.08565
1.12491
1.17034
1.21475
1.25184
1.27739
1.2894
1.28803
1.27506
1.25348
1.22685
1.19887
1.17297
1.15241
1.14003
1.13792
1.14679
1.1657
1.19226
1.22298
1.25369
1.28013
1.29865
1.30686
1.30414
1.29169
1.27227
1.24958
1.2272
1.20765
1.19202
1.18034
1.17206
1.16639
1.16254
1.15989
1.1581
1.15711
1.15706
1.158
1.15983
1.16221
1.16444
1.16546
1.16387
1.15819
1.14713
1.13049
1.10974
1.08854
1.07248
1.06755
1.07786
1.10357
1.14048
1.18115
1.21735
1.24226
1.25194
1.24579
1.22646
1.19933
1.17148
1.15028
1.14167
1.14859
1.17022
1.20263
1.24029
1.27762
1.31016
1.33478
1.34955
1.35332
1.34587
1.3277
1.29984
1.26352
1.2204
1.17302
1.12525
1.08225
1.04933
1.03056
1.02743
1.03846
1.05957
1.08529
1.11026
1.13063
1.145
1.15479
1.16313
1.17318
1.18656
1.20259
1.2193
1.23475
1.24794
1.2587
1.26739
1.27456
1.28047
1.28503
1.28788
1.28894
1.28844
1.28673
1.28382
1.27924
1.2725
1.26366
1.25355
1.24373
1.23562
1.22987
1.22612
1.22299
1.21845
1.21035
1.19694
1.17727
1.15154
1.12144
1.09
1.06117
1.03892
1.02651
1.02581
1.03691
1.05798
1.08582
1.11674
1.14744
1.17577
1.20062
1.2215
1.23844
1.25159
1.26117
1.26741
1.27047
1.27026
1.26671
1.25969
1.24924
1.23592
1.22059
1.20426
1.18794
1.17249
1.15889
1.1486
1.14331
1.14444
1.15219
1.16504
1.18032
1.19512
1.20705
1.21462
1.21697
1.21362
1.20464
1.19095
1.17415
1.15658
1.14087
1.12945
1.12395
1.12485
1.13146
1.14215
1.15487
1.16759
1.17891
1.18825
1.19593
1.2028
1.20992
1.21789
1.22662
1.23561
1.2442
1.25175
1.25769
1.26133
1.26176
1.25817
1.2501
1.23797
1.22296
1.20681
1.1912
1.17742
1.16606
1.1571
1.15006
1.14427
1.13888
1.13313
1.12656
1.11917
1.11172
1.10578
1.10309
1.10461
1.11001
1.11842
1.12936
1.14293
1.15875
1.17517
1.18971
1.20013
1.20547
1.20635
1.20458
1.20244
1.20173
1.20321
1.20646
1.21053
1.21439
1.21737
1.21933
1.22045
1.22089
1.22077
1.22008
1.21898
1.21785
1.21711
1.21686
1.2169
1.21677
1.21588
1.2137
1.20987
1.20448
1.19823
1.19225
1.18752
1.18454
1.18287
1.18144
1.17915
1.17569
1.17199
1.1699
1.17107
1.17602
1.18367
1.19182
1.19768
1.19883
1.19419
1.18432
1.17145
1.15882
1.14986
1.14722
1.15194
1.16309
1.17785
1.19233
1.20293
1.20749
1.20576
1.19892
1.18873
1.17682
1.16423
1.15179
1.14067
1.13228
1.12806
1.12871
1.13391
1.14225
1.15167
1.16007
1.16602
1.16923
1.17042
1.17111
1.17309
1.17782
1.18574
1.19627
1.20808
1.21969
1.22999
1.23816
1.24372
1.2463
1.24582
1.24248
1.23745
1.2332
1.23308
1.24
1.25494
1.27626
1.30019
1.32204
1.33757
1.34366
1.3388
1.32306
1.2982
1.26761
1.23586
1.20767
1.18645
1.17326
1.16666
1.16374
1.16129
1.15676
1.14884
1.13763
1.12438
1.11084
1.0988
1.08981
1.085
1.085
1.08976
1.0984
1.10945
1.12124
1.13221
1.14112
1.14721
1.15043
1.1515
1.15172
1.15247
1.15497
1.15992
1.16718
1.17603
1.18528
1.19359
1.19963
1.2021
1.19966
1.19114
1.17603
1.15518
1.13096
1.10714
1.08805
1.07759
1.07846
1.09167
1.11618
1.14901
1.18585
1.22182
1.25266
1.2755
1.28902
1.29343
1.29015
1.28135
1.26953
1.25726
1.24683
1.23987
1.23701
1.2377
1.24032
1.24257
1.24241
1.23894
1.23326
1.2284
1.22771
1.23261
1.24121
1.24951
1.2534
1.25009
1.23831
1.21819
1.19093
1.15862
1.12407
1.09085
1.06348
1.04696
1.04558
1.06096
1.09045
1.12751
1.16393
1.19218
1.20745
1.2082
1.19634
1.1768
1.15654
1.14266
1.14022
1.15087
1.1729
1.20246
1.23492
1.26575
1.29084
1.30679
1.31119
1.3032
1.28364
1.25506
1.22111
1.18589
1.15329
1.12664
1.10853
1.10066
1.10343
1.11584
1.13551
1.15939
1.18417
1.20684
1.22482
1.23625
1.24022
1.23708
1.22837
1.21621
1.20287
1.19033
1.18001
1.17272
1.16867
1.16757
1.16892
1.17237
1.17797
1.18622
1.19777
1.21271
1.22977
1.24648
1.25962
1.26634
1.26508
1.25611
1.24132
1.22362
1.20598
1.19033
1.17733
1.16673
1.15815
1.15147
1.14677
1.14456
1.14537
1.14947
1.15665
1.16624
1.17727
1.18885
1.20027
1.21114
1.22124
1.23034
1.23783
1.24302
1.2449
1.24247
1.23488
1.22194
1.20452
1.1847
1.16531
1.14926
1.13859
1.13415
1.13543
1.14099
1.14884
1.15685
1.16336
1.16726
1.16829
1.167
1.1644
1.16153
1.1591
1.15708
1.15502
1.15262
1.15066
1.15136
1.15755
1.17112
1.1915
1.21533
1.23756
1.25307
1.25806
1.25081
1.23174
1.20313
1.16873
1.13308
1.10085
1.07603
1.06119
1.05719
1.06315
1.07718
1.09716
1.12104
1.14713
1.17389
1.19981
1.22355
1.24395
1.26029
1.27247
1.28071
1.28537
1.28644
1.28365
1.27641
1.26423
1.24725
1.22645
1.20393
1.18318
1.16892
1.16482
1.17079
1.18295
1.19666
1.20889
1.21855
1.22563
1.23022
1.23191
1.22988
1.22339
1.21249
1.19828
1.18281
1.16874
1.15847
1.15363
1.15436
1.15927
1.16615
1.17304
1.17889
1.18399
1.18977
1.19778
1.20878
1.22214
1.2358
1.24696
1.25286
1.2517
1.24321
1.2287
1.21054
1.19153
1.17435
1.16117
1.15348
1.15193
1.15621
1.16516
1.17713
1.19043
1.20363
1.21539
1.22447
1.22956
1.22953
1.22368
1.21224
1.19666
1.17951
1.16395
1.15267
1.14708
1.14678
1.1501
1.15506
1.1601
1.16453
1.16849
1.17262
1.17744
1.18275
1.1876
1.19069
1.19087
1.18752
1.18088
1.17212
1.16301
1.1554
1.15054
1.14884
1.15018
1.15454
1.16309
1.17798
1.19971
1.22481
1.24673
1.25984
1.26199
1.25476
1.24221
1.22914
1.21937
1.21449
1.21358
1.21402
1.21274
1.20752
1.19755
1.18338
1.16669
1.14993
1.13603
1.12782
1.12737
1.13548
1.15155
1.1739
1.20014
1.22724
1.25165
1.26975
1.27863
1.27688
1.26486
1.24447
1.21875
1.19139
1.16646
1.14791
1.13897
1.14136
1.15437
1.17461
1.19691
1.21592
1.22762
1.23012
1.22336
1.20878
1.18861
1.16565
1.14303
1.12403
1.11149
1.10703
1.11059
1.12041
1.13335
1.14579
1.15458
1.15804
1.15613
1.15041
1.1433
1.13738
1.13493
1.13752
1.1458
1.15947
1.17729
1.19739
1.2178
1.23665
1.25219
1.26282
1.26708
1.26415
1.25421
1.23881
1.22092
1.20456
1.19371
1.19047
1.19379
1.19974
1.20395
1.2038
1.19921
1.19213
1.18538
1.1817
1.18308
1.19012
1.20163
1.2148
1.2262
1.23288
1.23291
1.22569
1.21199
1.19398
1.17515
1.15931
1.14927
1.14646
1.15117
1.1629
1.18005
1.19973
1.21847
1.23336
1.24306
1.2479
1.24939
1.24933
1.24887
1.24833
1.24743
1.24576
1.24293
1.23872
1.23288
1.22499
1.21446
1.20067
1.18325
1.16229
1.13879
1.11466
1.09244
1.07481
1.06375
1.06006
1.0633
1.07237
1.08636
1.10487
1.12788
1.1555
1.18745
1.22244
1.2581
1.29101
1.31751
1.33431
1.33923
1.3317
1.31277
1.28522
1.25346
1.22269
1.19726
1.17932
1.16856
1.16332
1.16157
1.16145
1.16155
1.16106
1.15989
1.15862
1.15823
1.15961
1.16322
1.16864
1.17446
1.17864
1.17924
1.17517
1.1666
1.15509
1.14319
1.13388
1.1299
1.13303
1.14357
1.16037
1.18105
1.20278
1.22315
1.24068
1.25467
1.26484
1.2707
1.27166
1.26724
1.25768
1.24436
1.22968
1.21644
1.20697
1.20225
1.20168
1.20352
1.20564
1.20652
1.20561
1.20312
1.19958
1.19579
1.19292
1.1924
1.19517
1.2011
1.20878
1.21592
1.22
1.21879
1.2109
1.1961
1.17558
1.15207
1.12934
1.11137
1.10122
1.10009
1.10704
1.11959
1.13451
1.14858
1.15935
1.16553
1.16685
1.16409
1.15898
1.1538
1.15092
1.15202
1.15759
1.16672
1.17771
1.18882
1.19878
1.20714
1.21371
1.21818
1.22007
1.21906
1.21534
1.20978
1.20364
1.19789
1.19251
1.18629
1.17732
1.16402
1.1462
1.12568
1.10598
1.09152
1.08617
1.09176
1.10757
1.13071
1.15704
1.18238
1.20374
1.21975
1.23063
1.23736
1.24082
1.24125
1.23856
1.23287
1.225
1.21635
1.20848
1.20245
1.19851
1.19617
1.1947
1.19345
1.19217
1.19114
1.19082
1.19168
1.19385
1.19695
1.20019
1.20282
1.20443
1.2052
1.20605
1.20776
1.21052
1.21395
1.21739
1.22014
1.2217
1.22177
1.22031
1.21748
1.21318
1.20719
1.1995
1.19109
1.18425
1.18138
1.18354
1.18949
1.1967
1.20292
1.2072
1.20987
1.21193
1.21438
1.21787
1.22273
1.22918
1.23723
1.24652
1.25611
1.26437
1.26931
1.26881
1.26115
1.24529
1.22144
1.19112
1.15718
1.12322
1.09304
1.07011
1.05693
1.05454
1.06207
1.07693
1.09546
1.11403
1.12997
1.14199
1.15016
1.15573
1.1608
1.16742
1.17727
1.19111
1.20854
1.22797
1.24697
1.26268
1.27247
1.27449
1.26847
1.25578
1.23905
1.2215
1.20609
1.19505
1.18981
1.19077
1.1972
1.20744
1.2192
1.23024
1.2389
1.2442
1.24573
1.2434
1.23715
1.2271
1.21409
1.19972
1.18623
1.17551
1.16855
1.16521
1.16457
1.16535
1.16626
1.16635
1.16511
1.16246
1.15886
1.15522
1.15281
1.15281
1.15601
1.16261
1.17209
1.18325
1.19439
1.20367
1.20957
1.21154
1.21009
1.20645
1.20202
1.19799
1.19527
1.19465
1.19673
1.20154
1.20833
1.21547
1.22104
1.22346
1.22208
1.21718
1.20974
1.20091
1.19181
1.18329
1.17575
1.16906
1.16267
1.15615
1.14969
1.14404
1.14058
1.14068
1.14503
1.15312
1.16329
1.17333
1.18117
1.18581
1.18773
1.18859
1.19031
1.19398
1.19933
1.20513
1.21013
1.2138
1.21612
1.21728
1.21714
1.21534
1.2118
1.20732
1.2035
1.20227
1.2045
1.20935
1.21482
1.21917
1.22205
1.2248
1.22967
1.23856
1.25164
1.26658
1.2792
1.28523
1.28215
1.26994
1.25067
1.22743
1.20338
1.18098
1.16177
1.14649
1.13521
1.12742
1.1222
1.1188
1.11704
1.11759
1.1216
1.13008
1.14302
1.15899
1.17534
1.18887
1.19662
1.19693
1.18987
1.17722
1.16182
1.14666
1.1343
1.12678
1.12572
1.13233
1.14683
1.16812
1.19386
1.22095
1.24624
1.26703
1.2813
1.28754
1.28474
1.27262
1.2523
1.22682
1.2004
1.17679
1.15766
1.14335
1.13446
1.13268
1.13969
1.15569
1.17879
1.20544
1.2313
1.25215
1.2647
1.26699
1.25903
1.24291
1.22245
1.20227
1.18667
1.17847
1.17866
1.1863
1.19913
1.21413
1.22833
1.23937
1.24599
1.24776
1.24477
1.23722
1.22499
1.20813
1.18766
1.16629
1.14841
1.13902
1.14176
1.15753
1.18394
1.21607
1.24773
1.27288
1.28692
1.28723
1.2735
1.24769
1.21357
1.17599
1.14
1.10985
1.08859
1.07793
1.07834
1.08936
1.10985
1.13782
1.17039
1.20402
1.23503
1.26016
1.277
1.28414
1.28115
1.26868
1.24842
1.22281
1.19492
1.16798
1.14496
1.12832
1.11937
1.11806
1.12273
1.13064
1.13895
1.14545
1.14909
1.14994
1.14911
1.14837
1.14962
1.1543
1.16272
1.17392
1.18582
1.19581
1.20143
1.20092
1.19381
1.18131
1.16646
1.15329
1.14551
1.14496
1.15126
1.16277
1.17736
1.19262
1.20617
1.21609
1.22143
1.2226
1.22119
1.21925
1.21901
1.22251
1.23117
1.24522
1.26329
1.28257
1.29961
1.31124
1.31503
1.30958
1.2945
1.27034
1.23846
1.20081
1.15997
1.11908
1.08176
1.05176
1.03243
1.02603
1.03315
1.052
1.0788
1.10868
1.13703
1.16072
1.17854
1.19076
1.19805
1.20092
1.19977
1.19521
1.18878
1.1831
1.18147
1.18651
1.1989
1.21686
1.23676
1.25441
1.26616
1.26937
1.2629
1.24706
1.22366
1.19562
1.16658
1.14039
1.12052
1.10944
1.10797
1.11508
1.1283
1.14445
1.16064
1.1752
1.18819
1.20102
1.21596
1.2349
1.25833
1.28418
1.30777
1.32352
1.32705
1.3165
1.2926
1.25822
1.21754
1.1754
1.13686
1.10658
1.08814
1.08342
1.09221
1.11217
1.13931
1.16878
1.19576
1.21642
1.2286
1.23195
1.22773
1.21836
1.20657
1.19485
1.18475
1.17679
1.17066
1.16543
1.15997
1.15343
1.14577
1.13787
1.13151
1.12867
1.13065
1.1372
1.14636
1.15525
1.16126
1.16317
1.16151
1.15792
1.15417
1.15135
1.14976
1.14949
1.15152
1.1578
1.17065
1.1912
1.21804
1.2475
1.27517
1.29767
1.31329
1.32179
1.32381
1.32029
1.312
1.29954
1.28324
1.26341
1.24051
1.21538
1.1893
1.16375
1.1402
1.11991
1.104
1.09343
1.08884
1.09022
1.09664
1.10636
1.11734
1.12814
1.13847
1.14905
1.16099
1.17506
1.1914
1.20955
1.22851
1.24672
1.26217
1.27287
1.2773
1.27471
1.26515
1.24953
1.2295
1.20747
1.18626
1.1685
1.15601
1.14953
1.14891
1.15373
1.16338
1.17659
1.19101
1.20364
1.21158
1.21292
1.20744
1.19663
1.18329
1.17087
1.16267
1.16119
1.16771
1.18192
1.20193
1.22489
1.24795
1.26919
1.28742
1.30187
1.31154
1.31515
1.3114
1.29943
1.27951
1.25309
1.22291
1.19247
1.16564
1.14588
1.13557
1.135
1.14209
1.15283
1.16275
1.16848
1.16847
1.16298
1.15328
1.14089
1.12729
1.11364
1.10114
1.09088
1.08385
1.08085
1.08239
1.08849
1.09863
1.11177
1.12673
1.14244
1.15813
1.17351
1.18874
1.20404
1.21924
1.23354
1.24578
1.25487
1.26067
1.26399
1.26621
1.26889
1.27319
1.2796
1.28759
1.29583
1.30266
1.30666
1.3073
1.30478
1.29963
1.29203
1.2813
1.2664
1.24683
1.22327
1.19762
1.17217
1.14885
1.12921
1.11466
1.10662
1.10567
1.1108
1.11969
1.12995
1.14029
1.15067
1.16186
1.17479
1.19027
1.20823
1.22724
1.24435
1.25579
1.25837
1.25077
1.23403
1.21122
1.18602
1.16166
1.14011
1.12233
1.10877
1.09994
1.09639
1.09863
1.10666
1.11943
1.13486
1.15066
1.16536
1.17847
1.19
1.19953
1.20635
1.20955
1.20881
1.20497
1.20013
1.19702
1.19827
1.20521
1.21741
1.23266
1.24805
1.2613
1.27136
1.27863
1.28409
1.28834
1.29096
1.29057
1.28541
1.27412
1.25653
1.23399
1.20919
1.18521
1.16456
1.14852
1.13732
1.1309
1.12915
1.13169
1.13748
1.14489
1.15214
1.15782
1.16114
1.16228
1.16231
1.16291
1.16557
1.17083
1.1781
1.18594
1.19298
1.19842
1.20215
1.2045
1.20563
1.20517
1.20207
1.19526
1.1843
1.16988
1.15397
1.13945
1.12891
1.12342
1.12218
1.12295
1.12341
1.12221
1.11975
1.11825
1.12096
1.131
1.15001
1.17759
1.21138
1.24788
1.28331
1.31449
1.33907
1.35555
1.36321
1.36197
1.35236
1.33569
1.314
1.28979
1.26567
1.24364
1.22481
1.20917
1.19599
1.18452
1.17427
1.16513
1.1572
1.15042
1.14433
1.13802
1.12985
1.11752
1.09916
1.07434
1.04479
1.0144
0.988389
0.972085
0.969793
0.983974
1.01451
1.05876
1.11198
1.16845
1.22249
1.26943
1.3061
1.33074
1.34301
1.34373
1.33497
1.3196
1.3007
1.28119
1.26324
1.24807
1.23603
1.22697
1.22061
1.21714
1.21712
1.22114
1.22891
1.23877
1.24805
1.25398
1.25434
1.24801
1.23492
1.21571
1.19181
1.16498
1.13721
1.11042
1.08649
1.06701
1.05313
1.04572
1.04516
1.05137
1.06384
1.08179
1.10428
1.13062
1.16018
1.19216
1.22517
1.25713
1.28538
1.307
1.3194
1.32088
1.31112
1.29158
1.26547
1.23697
1.2104
1.18901
1.17399
1.16462
1.15931
1.15709
1.15827
1.16427
1.17618
1.19327
1.21244
1.22911
1.23892
1.2398
1.23277
1.22149
1.21059
1.20389
1.20347
1.2095
1.2204
1.23316
1.244
1.24922
1.24582
1.2322
1.20857
1.17701
1.1414
1.10674
1.07796
1.05886
1.05176
1.05712
1.07363
1.09857
1.12828
1.15898
1.18785
1.21357
1.23611
1.25585
1.27261
1.28521
1.29189
1.29123
1.28295
1.2679
1.24751
1.22308
1.19572
1.16669
1.13836
1.11464
1.09982
1.09688
1.10624
1.12591
1.15249
1.18224
1.21175
1.23822
1.25956
1.27436
1.28211
1.28333
1.27949
1.27263
1.26459
1.25666
1.24951
1.24333
1.23811
1.23377
1.23008
1.22709
1.22527
1.22523
1.2271
1.23012
1.23254
1.23228
1.22765
1.21788
1.20346
1.18596
1.16751
1.1502
1.13562
1.12469
1.11778
1.11478
1.1152
1.11809
1.12224
1.12628
1.12904
1.12986
1.12893
1.12753
1.12785
1.13225
1.14251
1.15908
1.18068
1.20458
1.22731
1.24557
1.25694
1.26016
1.25547
1.24432
1.22908
1.21248
1.19722
1.18548
1.17879
1.17784
1.18236
1.19111
1.20196
1.21233
1.21975
1.22248
1.21966
1.21116
1.19751
1.17979
1.15978
1.14016
1.12427
1.11529
1.11491
1.12259
1.13606
1.15228
1.16838
1.18154
1.18898
1.18811
1.17746
1.15769
1.13164
1.10382
1.07931
1.06259
1.05688
1.0638
1.08328
1.11357
1.15148
1.19285
1.23299
1.26751
1.29304
1.30772
1.3114
1.30546
1.29208
1.27351
1.25163
1.22785
1.20335
1.17942
1.15767
1.13994
1.12777
1.12176
1.12121
1.1246
1.13096
1.14111
1.15688
1.17786
1.19932
1.21437
1.21827
1.21034
1.19351
1.17293
1.15458
1.14366
1.14311
1.15276
1.16995
1.191
1.21252
1.23246
1.25022
1.266
1.27953
1.28919
1.29234
1.2865
1.27042
1.24439
1.21004
1.16985
1.12684
1.08457
1.04732
1.02001
1.00728
1.01172
1.03269
1.06681
1.10951
1.15628
1.2029
1.24548
1.28056
1.30553
1.3189
1.32077
1.31266
1.29699
1.27635
1.253
1.22891
1.20637
1.18788
1.17535
1.16946
1.16963
1.17478
1.18394
1.19621
1.21047
1.22499
1.2374
1.24526
1.24683
1.24144
1.22946
1.21174
1.18909
1.1622
1.13236
1.10191
1.0743
1.05317
1.04107
1.03865
1.04478
1.05738
1.07473
1.09599
1.1208
1.14831
1.17698
1.20495
1.23078
1.25353
1.2725
1.28676
1.29522
1.29678
1.29076
1.27696
1.25605
1.22982
1.20129
1.17472
1.15461
1.14425
1.14443
1.15336
1.16763
1.18361
1.19814
1.20887
1.21419
1.21325
1.2061
1.19382
1.17872
1.16402
1.15337
1.14972
1.15438
1.16643
1.18299
1.20035
1.21534
1.22618
1.23269
1.23584
1.23712
1.23793
1.23925
1.2416
1.24497
1.2488
1.25209
1.25368
1.25249
1.24797
1.24011
1.22935
1.21645
1.2021
1.18689
1.17138
1.15617
1.14186
1.12898
1.1179
1.10879
1.10163
1.09631
1.09256
1.09012
1.08878
1.08874
1.0908
1.09627
1.1064
1.12201
1.14317
1.16897
1.19745
1.22557
1.24982
1.26737
1.27699
1.27944
1.277
1.27277
1.26937
1.2683
1.26988
1.27339
1.27788
1.28249
1.28653
1.28938
1.29067
1.29005
1.28728
1.28212
1.27437
1.26395
1.25098
1.23553
1.21766
1.19783
1.17715
1.15734
1.1401
1.12643
1.11601
1.10768
1.10042
1.09407
1.0894
1.08768
1.09015
1.09754
1.10978
1.12596
1.14427
1.16218
1.17688
1.18577
1.18702
1.17994
1.16523
1.14491
1.12208
1.10059
1.08431
1.07674
1.08027
1.09565
1.12159
1.15523
1.19261
1.22964
1.2627
1.28884
1.30608
1.3137
1.31232
1.3039
1.29108
1.2762
1.26054
1.24425
1.22698
1.20861
1.18972
1.17145
1.15523
1.1428
1.13619
1.13699
1.14518
1.15884
1.17487
1.19033
1.20348
1.21383
1.22171
1.22758
1.23182
1.23477
1.23684
1.23858
1.24033
1.24209
1.24357
1.24431
1.24361
1.24063
1.23423
1.22328
1.20695
1.18514
1.15872
1.12966
1.10104
1.07645
1.05917
1.05105
1.05204
1.06057
1.07453
1.09209
1.11225
1.13455
1.15856
1.18347
1.20784
1.2298
1.24771
1.26055
1.26823
1.27132
1.27075
1.2675
1.26232
1.2557
1.24792
1.23933
1.23074
1.22337
1.2184
1.21607
1.21535
1.21444
1.2117
1.20623
1.19793
1.18701
1.17382
1.15876
1.14256
1.12673
1.11351
1.10544
1.10429
1.11023
1.12165
1.13597
1.15072
1.16417
1.17551
1.18477
1.19252
1.19947
1.20576
1.21076
1.21317
1.21168
1.20571
1.19572
1.1832
1.17031
1.15934
1.15206
1.14961
1.15225
1.15946
1.16994
1.18173
1.193
1.20269
1.21082
1.21793
1.22437
1.2299
1.23368
1.23496
1.23363
1.23045
1.22687
1.22476
1.22557
1.22985
1.23691
1.24527
1.25341
1.26032
1.26539
1.26813
1.26769
1.26269
1.25178
1.23402
1.20936
1.17919
1.14657
1.1157
1.0913
1.07745
1.07647
1.08847
1.11106
1.14039
1.17181
1.20077
1.22328
1.23646
1.23877
1.23011
1.21192
1.18738
1.16104
1.13837
1.12446
1.12233
1.13161
1.14904
1.17024
1.19164
1.21098
1.22692
1.23844
1.24492
1.24627
1.24311
1.23683
1.22932
1.22238
1.21744
1.21506
1.21486
1.21554
1.21532
1.21248
1.20596
1.19575
1.18283
1.16866
1.15466
1.1423
1.13337
1.12996
1.13357
1.14361
1.15698
1.16914
1.17593
1.17497
1.16618
1.15173
1.1354
1.12179
1.11509
1.11801
1.13101
1.15242
1.1794
1.20932
1.24015
1.27043
1.2986
1.32288
1.34169
1.35379
1.35818
1.35404
1.34089
1.31881
1.28877
1.25251
1.21244
1.17138
1.13244
1.09875
1.07319
1.05779
1.05296
1.05736
1.06871
1.08522
1.10617
1.13169
1.1618
1.19562
1.23114
1.26581
1.29714
1.32307
1.34227
1.35415
1.35874
1.35673
1.34928
1.33731
1.32145
1.30192
1.27878
1.25233
1.22308
1.19199
1.16044
1.13043
1.10451
1.08559
1.07624
1.07778
1.08961
1.10899
1.1317
1.15297
1.16839
1.17478
1.17087
1.15748
1.13766
1.11584
1.09699
1.08538
1.08385
1.09335
1.1131
1.14105
1.17416
1.20877
1.24103
1.26748
1.2856
1.29433
1.29406
1.28633
1.27344
1.25788
1.24205
1.22774
1.21589
1.20673
1.20007
1.19578
1.19387
1.19414
1.19554
1.19618
1.1942
1.18863
1.18007
1.17038
1.1621
1.15752
1.15792
1.16314
1.17185
1.18224
1.19264
1.20192
1.20947
1.21534
1.22009
1.22448
1.22904
1.23372
1.23784
1.24022
1.23982
1.23628
1.2297
1.22046
1.20881
1.19486
1.17922
1.16345
1.14996
1.14108
1.13813
1.1408
1.14725
1.15498
1.16167
1.16577
1.16664
1.16436
1.15934
1.15195
1.14261
1.13219
1.12244
1.11591
1.11532
1.12261
1.13816
1.16054
1.1867
1.21282
1.23529
1.25146
1.26003
1.26091
1.25518
1.24485
1.23266
1.22141
1.21334
1.2093
1.20901
1.21151
1.21562
1.22012
1.2237
1.22522
1.22384
1.21951
1.21283
1.20456
1.19536
1.18545
1.17482
1.16353
1.15195
1.1408
1.13099
1.1234
1.11885
1.11809
1.1219
1.13096
1.1455
1.16477
1.18653
1.20749
1.22397
1.23329
1.23444
1.22828
1.21671
1.20206
1.18652
1.17197
1.16001
1.1519
1.14848
1.15033
1.15767
1.17018
1.18675
1.2056
1.22449
1.24132
1.25448
1.26277
1.26551
1.26224
1.25267
1.23692
1.21582
1.19125
1.16625
1.14455
1.1296
1.12351
1.12651
1.137
1.15197
1.16746
1.17952
1.18526
1.18333
1.17416
1.15934
1.14133
1.12282
1.10635
1.09407
1.08745
1.08726
1.0937
1.10633
1.12412
1.14528
1.16752
1.18825
1.20522
1.21689
1.22272
1.22304
1.21902
1.21249
1.20521
1.19882
1.19484
1.195
1.20101
1.21368
1.23216
1.25389
1.27543
1.29373
1.30704
1.31506
1.31822
1.31666
1.30981
1.29675
1.27697
1.25109
1.22111
1.19016
1.16187
1.13985
1.12689
1.12457
1.13253
1.14831
1.16785
1.18649
1.20036
1.20729
1.20704
1.2009
1.19078
1.17848
1.16516
1.15144
1.13793
1.12558
1.1157
1.10968
1.10832
1.11143
1.11765
1.12496
1.13148
1.13636
1.13983
1.14294
1.14682
1.15197
1.15795
1.16369
1.16845
1.17265
1.17809
1.18711
1.20133
1.22063
1.24292
1.26452
1.28145
1.29032
1.28932
1.27837
1.25902
1.23385
1.20604
1.17897
1.15568
1.1385
1.12849
1.1257
1.12941
1.13856
1.15183
1.1674
1.18293
1.19592
1.2042
1.20653
1.20311
1.19527
1.18504
1.17489
1.16725
1.16419
1.16697
1.1755
1.18863
1.20451
1.22092
1.23573
1.24693
1.25281
1.25213
1.24457
1.23115
1.21397
1.19583
1.17951
1.16741
1.16096
1.16071
1.16604
1.17521
1.18559
1.19443
1.19984
1.20143
1.20026
1.19812
1.19643
1.19561
1.19518
1.19429
1.19219
1.18855
1.18341
1.17728
1.17122
1.16654
1.16425
1.1646
1.16724
1.17143
1.17609
1.18021
1.18321
1.18506
1.18594
1.18586
1.18416
1.17969
1.17159
1.15966
1.14462
1.12791
1.1115
1.09798
1.08997
1.08959
1.09773
1.11414
1.13764
1.16645
1.1982
1.22985
1.25779
1.27816
1.28768
1.28447
1.26879
1.24333
1.21277
1.18262
1.15746
1.13968
1.12935
1.12526
1.12588
1.13011
1.13739
1.14762
1.16105
1.17835
1.20015
1.22643
1.25571
1.28508
1.3106
1.32837
1.33568
1.33174
1.31775
1.29664
1.2723
1.24875
1.22932
1.21609
1.2098
1.2098
1.21427
1.22059
1.22585
1.22747
1.2238
1.21455
1.20086
1.18493
1.16898
1.15441
1.14142
1.12942
1.11799
1.10726
1.09799
1.09113
1.08771
1.08851
1.09376
1.10294
1.11456
1.12658
1.13699
1.14462
1.14971
1.15397
1.15996
1.16997
1.18479
1.20294
1.22094
1.23439
1.23948
1.23439
1.21974
1.19826
1.17391
1.15099
1.13373
1.12593
1.13035
1.14792
1.17732
1.2151
1.25635
1.29588
1.32909
1.35273
1.36499
1.36533
1.35435
1.3332
1.30334
1.26622
1.2235
1.1776
1.13227
1.09259
1.06411
1.05133
1.05627
1.07769
1.11163
1.15264
1.19506
1.23387
1.26487
1.28463
1.29082
1.28258
1.26091
1.22896
1.19173
1.15527
1.12555
1.10702
1.10129
1.10726
1.12224
1.14314
1.1672
1.19194
1.21479
1.23268
1.24219
1.24029
1.22576
1.20018
1.16829
1.13705
1.11374
1.10331
1.10649
1.12008
1.13877
1.1575
1.17278
1.18326
1.18941
1.19294
1.1955
1.19793
1.20021
1.20196
1.20301
1.20351
1.20404
1.2052
1.20755
1.21139
1.21647
1.2219
1.22649
1.22932
1.23032
1.23054
1.23173
1.23521
1.24092
1.24725
1.25176
1.25228
1.24788
1.23905
1.22663
1.21061
1.19014
1.16451
1.13433
1.10188
1.07054
1.04395
1.02513
1.0161
1.0174
1.02824
1.04654
1.0695
1.09409
1.11767
1.13863
1.15663
1.17223
1.18628
1.19928
1.21109
1.22097
1.22786
1.23117
1.23117
1.22913
1.22684
1.2259
1.22753
1.23235
1.24037
1.25082
1.26201
1.2717
1.27768
1.27851
1.27377
1.26393
1.25018
1.23385
1.21627
1.19884
1.18291
1.16978
1.16061
1.15589
1.15536
1.15777
1.16128
1.16391
1.16412
1.16105
1.15432
1.14389
1.1303
1.11522
1.10173
1.09385
1.09475
1.10538
1.12421
1.14834
1.17485
1.20191
1.22846
1.25331
1.27464
1.29031
1.29863
1.29888
1.29161
1.27838
1.26146
1.24333
1.22618
1.21179
1.2012
1.19465
1.19152
1.19067
1.19085
1.19112
1.19137
1.19234
1.19509
1.20022
1.20712
1.21398
1.21843
1.21847
1.21301
1.20193
1.18644
1.16903
1.15316
1.14231
1.1386
1.142
1.15038
1.16028
1.16822
1.17175
1.16985
1.16297
1.15287
1.14242
1.1352
1.1348
1.14383
1.16308
1.19116
1.22473
1.25926
1.29026
1.31406
1.32809
1.33115
1.32356
1.30712
1.28475
1.26014
1.23697
1.21815
1.20529
1.19872
1.19754
1.2001
1.20428
1.20785
1.20892
1.20614
1.19903
1.1882
1.17511
1.16165
1.14965
1.14042
1.13462
1.13258
1.13416
1.13868
1.14481
1.15043
1.15317
1.15111
1.14359
1.13176
1.11859
1.10808
1.1041
1.10908
1.12332
1.14526
1.17261
1.20307
1.23445
1.26438
1.29027
1.30969
1.32047
1.32095
1.3098
1.28651
1.25261
1.21239
1.17277
1.14191
1.12668
1.13017
1.15086
1.18345
1.22104
1.25682
1.28523
1.30244
1.3063
1.29669
1.27556
1.24643
1.2137
1.18163
1.1534
1.1308
1.11457
1.10484
1.10144
1.10403
1.11183
1.12337
1.13668
1.14941
1.15952
1.16598
1.16895
1.1696
1.16965
1.17063
1.1734
1.17798
1.18332
1.18782
1.18973
1.18762
1.18073
1.16951
1.15573
1.14262
1.13399
1.1329
1.14045
1.15567
1.17607
1.1985
1.21976
1.23717
1.24885
1.25407
1.25352
1.24892
1.24241
1.23577
1.23005
1.22565
1.22247
1.21997
1.21719
1.21288
1.20593
1.1961
1.18462
1.17392
1.16677
1.16504
1.16931
1.179
1.19293
1.20942
1.2264
1.24146
1.2523
1.25722
1.25544
1.24709
1.23314
1.21495
1.19401
1.17177
1.14956
1.12867
1.1102
1.09504
1.0836
1.07582
1.07177
1.07202
1.0774
1.08836
1.104
1.12191
1.13901
1.15295
1.16311
1.17059
1.1776
1.1864
1.19842
1.21381
1.23171
1.25102
1.27099
1.29133
1.31171
1.33122
1.34811
1.36016
1.365
1.36042
1.34464
1.31672
1.27719
1.22919
1.179
1.13515
1.10582
1.09554
1.10361
1.12531
1.15451
1.18577
1.21509
1.23976
1.2582
1.26966
1.274
1.27147
1.26283
1.24936
1.23281
1.2152
1.19842
1.18383
1.17204
1.1626
1.15405
1.14431
1.13185
1.11642
1.09956
1.08427
1.07409
1.07199
1.07913
1.0944
1.11501
1.13762
1.15923
1.17786
1.19272
1.20392
1.21221
1.21845
1.22335
1.2271
1.22939
1.22963
1.22736
1.2223
1.2145
1.20418
1.19178
1.17794
1.16365
1.15042
1.14044
1.13655
1.1414
1.15618
1.17939
1.2069
1.23336
1.25415
1.26637
1.26909
1.26304
1.25013
1.23312
1.21495
1.19817
1.18445
1.17468
1.16947
1.16899
1.17262
1.1785
1.18425
1.18778
1.18818
1.18562
1.18036
1.17198
1.15976
1.14364
1.12513
1.10741
1.09441
1.08973
1.09534
1.11094
1.13416
1.1616
1.18995
1.21654
1.23932
1.25664
1.26722
1.27023
1.26564
1.25405
1.23681
1.21591
1.19383
1.17336
1.1573
1.1479
1.14608
1.15127
1.16173
1.17495
1.18816
1.19883
1.2051
1.20622
1.203
1.19751
1.19259
1.19076
1.19335
1.20031
1.21047
1.2224
1.23479
1.24633
1.2555
1.26046
1.25946
1.25136
1.2361
1.2148
1.18992
1.16489
1.14347
1.12901
1.12348
1.12683
1.13714
1.15124
1.16553
1.1768
1.18269
1.18181
1.17391
1.16034
1.1446
1.1321
1.128
1.1342
1.14829
1.16589
1.18341
1.19907
1.21245
1.2238
1.23377
1.24332
1.25328
1.26425
1.27611
1.28795
1.29833
1.30545
1.30775
1.30432
1.29511
1.28098
1.26344
1.24405
1.22391
1.20349
1.18287
1.16199
1.14073
1.11902
1.09692
1.07476
1.05338
1.03405
1.01836
1.00813
1.00512
1.01033
1.02352
1.04361
1.06942
1.10017
1.13466
1.17052
1.20443
1.23349
1.25637
1.27365
1.28694
1.29772
1.30604
1.31086
1.31081
1.30519
1.29431
1.27909
1.26044
1.23896
1.21521
1.19026
1.1661
1.14548
1.13125
1.12531
1.12782
1.13696
1.14952
1.1619
1.17105
1.17523
1.174
1.16771
1.1571
1.14328
1.1276
1.11165
1.09711
1.08553
1.0783
1.0765
1.08084
1.0914
1.10735
1.12699
1.14807
1.16838
1.18651
1.2021
1.21563
1.22803
1.24015
1.25224
1.2639
1.27447
1.28337
1.29032
1.29531
1.29846
1.29951
1.29766
1.29163
1.27993
1.26141
1.23569
1.2037
1.16763
1.13048
1.09542
1.06535
1.04245
1.02784
1.02125
1.02102
1.02475
1.03001
1.03511
1.03965
1.04447
1.05127
1.06195
1.07814
1.10079
1.12996
1.1647
1.20287
1.24142
1.27687
1.30602
1.32684
1.3387
1.34244
1.33972
1.33246
1.32219
1.30992
1.29606
1.28054
1.26293
1.24293
1.22065
1.19676
1.17236
1.14864
1.12662
1.10701
1.09033
1.07731
1.06904
1.06679
1.0712
1.08188
1.09722
1.11478
1.13181
1.14589
1.15543
1.15997
1.16011
1.15735
1.15361
1.15097
1.15133
1.15609
1.16594
1.18086
1.19999
1.22192
1.24495
1.26721
1.28697
1.30303
1.31468
1.32176
1.32444
1.32305
1.31791
1.30947
1.29855
1.28597
1.27259
1.25878
1.24449
1.22905
1.2116
1.19171
1.16983
1.14741
1.12659
1.10949
1.09734
1.0899
1.08572
1.08289
1.07979
1.07557
1.07066
1.06666
1.06604
1.07153
1.08508
1.10689
1.13548
1.16809
1.20146
1.23253
1.25865
1.27779
1.28862
1.29072
1.28456
1.27147
1.25354
1.2335
1.21439
1.19892
1.18878
1.18398
1.1832
1.18454
1.1863
1.18729
1.18691
1.18497
1.18185
1.17828
1.17524
1.17376
1.17486
1.17913
1.18629
1.19517
1.20375
1.20999
1.21262
1.21152
1.20751
1.20183
1.19553
1.18878
1.18085
1.17039
1.15611
1.13751
1.11562
1.09321
1.07464
1.06484
1.06777
1.08481
1.11437
1.15254
1.19424
1.23454
1.26903
1.29395
1.30641
1.30507
1.29044
1.2651
1.23333
1.20041
1.17182
1.15223
1.1444
1.14824
1.16096
1.17796
1.19424
1.20559
1.20961
1.20631
1.19798
1.18867
1.18268
1.18307
1.19048
1.203
1.21685
1.22783
1.23258
1.22957
1.21935
1.2042
1.18744
1.1724
1.16159
1.15628
1.15652
1.16136
1.16918
1.17818
1.18687
1.19447
1.20082
1.20607
1.21013
1.21269
1.21317
1.21112
1.20635
1.1998
1.19396
1.19243
1.19781
1.20959
1.22423
1.23724
1.24519
1.24643
1.24088
1.22962
1.2142
1.19601
1.17617
1.15567
1.13592
1.11858
1.10517
1.09665
1.09322
1.09436
1.09897
1.1058
1.11416
1.12439
1.13744
1.15406
1.17383
1.19491
1.21454
1.22989
1.23885
1.24058
1.23579
1.22646
1.21531
1.20504
1.1976
1.19404
1.19463
1.19908
1.20679
1.21692
1.22822
1.2388
1.24659
1.24977
1.24729
1.23902
1.22585
1.20967
1.1929
1.178
1.16676
1.15995
1.15727
1.15808
1.16178
1.16793
1.17589
1.18463
1.19256
1.19771
1.19828
1.19284
1.1807
1.16257
1.14066
1.11804
1.09777
1.08209
1.07235
1.06923
1.07325
1.08473
1.10316
1.12664
1.1523
1.17735
1.20002
1.2196
1.23606
1.24941
1.25991
1.26827
1.27569
1.28328
1.29116
1.29831
1.30302
1.3035
1.29824
1.28645
1.26811
1.24407
1.2158
1.18526
1.15474
1.12691
1.10496
1.09222
1.09116
1.10187
1.12168
1.14622
1.17074
1.19143
1.20615
1.21443
1.21708
1.21569
1.21242
1.20975
1.20977
1.21339
1.21989
1.22738
1.23367
1.23694
1.23585
1.22969
1.21849
1.20334
1.18635
1.17055
1.1593
1.15546
1.1605
1.17382
1.19282
1.21354
1.23176
1.24403
1.2481
1.24302
1.22909
1.20785
1.18203
1.15535
1.13197
1.11539
1.10771
1.10919
1.11842
1.13295
1.14991
1.16658
1.18079
1.1909
1.19595
1.19574
1.19116
1.1841
1.177
1.17201
1.17027
1.17143
1.17421
1.17698
1.17849
1.17806
1.17595
1.17317
1.17169
1.17404
1.1823
1.1968
1.21516
1.23284
1.24509
1.24909
1.24476
1.23423
1.22034
1.20509
1.18903
1.17171
1.15229
1.1303
1.1065
1.08342
1.0651
1.05572
1.05761
1.0705
1.09222
1.12002
1.15124
1.18326
1.21327
1.23852
1.25697
1.26798
1.27235
1.27189
1.26855
1.26406
1.25985
1.25722
1.2572
1.26015
1.2654
1.27114
1.27486
1.27428
1.26781
1.255
1.23644
1.21358
1.18867
1.1647
1.14465
1.13054
1.12277
1.12039
1.12204
1.12639
1.1321
1.1379
1.14276
1.14625
1.1483
1.14909
1.1488
1.14761
1.14577
1.14375
1.14179
1.13996
1.13812
1.13618
1.13438
1.13352
1.13509
1.14078
1.15142
1.16616
1.18299
1.19996
1.21631
1.2323
1.24836
1.26444
1.27971
1.2928
1.30201
1.30571
1.3026
1.29196
1.27407
1.25033
1.22303
1.1951
1.16943
1.14809
1.13202
1.12097
1.1141
1.11067
1.11049
1.11366
1.12025
1.12985
1.14136
1.15314
1.16323
1.16995
1.17238
1.17053
1.16536
1.15829
1.15075
1.14405
1.13939
1.13798
1.14087
1.14856
1.16055
1.17542
1.19105
1.20509
1.21528
1.21992
1.21816
1.21042
1.19839
1.1845
1.17129
1.16072
1.15375
1.15056
1.15099
1.15484
1.16187
1.17161
1.18292
1.1941
1.20344
1.20996
1.21357
1.21491
1.21481
1.21378
1.21208
1.21021
1.2091
1.21005
1.21399
1.2209
1.22959
1.2381
1.24436
1.24682
1.24482
1.23858
1.2291
1.21773
1.20586
1.19462
1.18497
1.17785
1.17385
1.17286
1.17387
1.17495
1.17423
1.1709
1.16574
1.16084
1.15867
1.16124
1.1694
1.18279
1.19995
1.21851
1.23533
1.24675
1.24955
1.24208
1.22478
1.19992
1.17069
1.14034
1.11187
1.08801
1.07115
1.06278
1.06319
1.07134
1.08538
1.10302
1.1221
1.14085
1.15802
1.1729
1.18533
1.19598
1.20585
1.21549
1.22445
1.23127
1.23418
1.23202
1.22478
1.21384
1.20148
1.19013
1.18153
1.17641
1.17465
1.17589
1.17972
1.18582
1.19374
1.20273
1.21165
1.2191
1.22355
1.22367
1.21865
1.20829
1.19364
1.17681
1.16061
1.14789
1.14072
1.13999
1.14518
1.15485
1.16703
1.17969
1.19118
1.20019
1.20576
1.20748
1.20594
1.20289
1.20106
1.20301
1.20961
1.21947
1.22965
1.23725
1.24073
1.24043
1.23828
1.23681
1.23781
1.24136
1.24606
1.24965
1.25013
1.24658
1.23965
1.23141
1.22462
1.22151
1.22279
1.22707
1.23169
1.23391
1.23206
1.22558
1.2147
1.19974
1.18116
1.15991
1.13817
1.11926
1.10675
1.10311
1.10896
1.12297
1.14271
1.16525
1.18778
1.20783
1.22343
1.23332
1.23692
1.23449
1.2272
1.21728
1.20763
1.20053
1.19646
1.19398
1.19083
1.1855
1.178
1.16935
1.16037
1.15069
1.13877
1.12335
1.1047
1.0851
1.06836
1.05837
1.05796
1.06789
1.08677
1.11183
1.13999
1.16893
1.19715
1.22363
1.24727
1.26667
1.2804
1.28749
1.28757
1.28097
1.26844
1.25098
1.22979
1.20617
1.18212
1.16021
1.14362
1.13553
1.13811
1.15141
1.17268
1.19721
1.22013
1.238
1.24937
1.25478
1.25607
1.25562
1.25546
1.25639
1.2579
1.25864
1.2571
1.25198
1.24234
1.22749
1.20683
1.1804
1.14934
1.11639
1.08563
1.06137
1.04698
1.04415
1.05265
1.07084
1.09592
1.12418
1.15154
1.1743
1.18982
1.19729
1.19769
1.19347
1.18748
1.18202
1.17836
1.17693
1.17761
1.18012
1.18426
1.18995
1.19747
1.20718
1.21915
1.23288
1.24717
1.26046
1.2712
1.27803
1.28003
1.27677
1.26822
1.2548
1.23704
1.2154
1.19046
1.16303
1.1345
1.10674
1.08206
1.06285
1.05144
1.04998
1.06024
1.08333
1.11906
1.16551
1.2189
1.27411
1.32531
1.36705
1.3953
1.40804
1.40553
1.38999
1.36446
1.33217
1.29564
1.2567
1.21672
1.17679
1.1382
1.1026
1.0721
1.04881
1.03422
1.02846
1.03026
1.0373
1.04694
1.05711
1.06676
1.07591
1.08533
1.09591
1.10819
1.12217
1.13737
1.15293
1.16757
1.18008
1.18971
1.19649
1.20102
1.20397
1.20582
1.20692
1.20783
1.20971
1.21398
1.22186
1.2336
1.24797
1.2626
1.27461
1.28146
1.28153
1.27439
1.26073
1.24221
1.22125
1.20046
1.18164
1.16478
1.14856
1.13221
1.1171
1.10687
1.10534
1.11385
1.13002
1.14893
1.16571
1.17741
1.18359
1.18587
1.18713
1.19057
1.1986
1.21204
1.22973
1.2488
1.26571
1.27741
1.28217
1.28001
1.27247
1.26179
1.24979
1.23731
1.22424
1.20991
1.19372
1.17545
1.15548
1.13541
1.11822
1.10743
1.1059
1.11452
1.1321
1.15623
1.18388
1.21197
1.23761
1.25842
1.27256
1.2788
1.27636
1.265
1.24492
1.2168
1.18187
1.14212
1.10057
1.06119
1.02824
1.00552
0.995546
0.999282
1.01636
1.04513
1.08282
1.12599
1.17104
1.21488
1.25517
1.29029
1.31898
1.34004
1.35218
1.3541
1.34476
1.32374
1.29192
1.25209
1.20923
1.16972
1.1395
1.12264
1.12105
1.13458
1.16102
1.19563
1.23188
1.26296
1.28377
1.29183
1.28698
1.27093
1.24664
1.21778
1.18838
1.16239
1.14303
1.13217
1.13004
1.13548
1.14647
1.16084
1.1769
1.19339
1.20939
1.22417
1.23712
1.24794
1.25651
1.26247
1.265
1.26276
1.25418
1.23816
1.2146
1.1849
1.15184
1.11902
1.09026
1.0688
1.05671
1.05439
1.0607
1.07348
1.09034
1.10904
1.12801
1.146
1.1619
1.1746
1.18288
1.18578
1.18326
1.17642
1.16743
1.15883
1.15288
1.1507
1.15217
1.15628
1.16169
1.16745
1.17342
1.18031
1.18936
1.20155
1.21683
1.23364
1.24921
1.2603
1.26398
1.25865
1.24459
1.22429
1.20214
1.18297
1.17068
1.16658
1.16899
1.17386
1.17679
1.17479
1.16749
1.15687
1.14578
1.13669
1.13089
1.12851
1.12909
1.13223
1.13808
1.1469
1.15822
1.17046
1.18128
1.18858
1.19151
1.19049
1.18674
1.18217
1.17938
1.18137
1.19054
1.20722
1.22882
1.25069
1.26824
1.27888
1.28265
1.28091
1.2746
1.26388
1.24902
1.23134
1.21313
1.1967
1.18358
1.17439
1.16925
1.16862
1.17323
1.18343
1.19833
1.21534
1.23115
1.24327
1.25068
1.25381
1.25372
1.25141
1.2475
1.24224
1.23524
1.22581
1.21346
1.19849
1.18189
1.16512
1.14949
1.13607
1.12601
1.12072
1.12148
1.12872
1.14144
1.15708
1.17233
1.18447
1.19253
1.19728
1.2001
1.20179
1.20208
1.20007
1.195
1.18646
1.17427
1.1584
1.13932
1.11814
1.09687
1.07836
1.06552
1.06046
1.06396
1.07548
1.09346
1.11577
1.14016
1.16461
1.18764
1.20839
1.2266
1.24228
1.25537
1.26551
1.27207
1.27463
1.27304
1.26774
1.25964
1.25003
1.24018
1.23118
1.22373
1.21821
1.2148
1.2131
1.21246
1.21224
1.21205
1.21186
1.21159
1.21103
1.20963
1.2066
1.20114
1.19258
1.18056
1.16516
1.14698
1.12726
1.10743
1.08897
1.07298
1.06005
1.05055
1.04492
1.04413
1.04953
1.06244
1.0835
1.11202
1.14582
1.18165
1.21592
1.24546
1.2683
1.28392
1.2933
1.29827
1.30073
1.3017
1.30103
1.2978
1.29114
1.28066
1.26673
1.25048
1.23358
1.21773
1.20425
1.19375
1.18603
1.18021
1.17524
1.17017
1.16434
1.15754
1.14994
1.14236
1.13624
1.13366
1.13684
1.14722
1.16459
1.1868
1.21025
1.23133
1.24736
1.25717
1.26062
1.2581
1.24987
1.23619
1.21762
1.19562
1.17276
1.15243
1.13815
1.1327
1.13725
1.15066
1.16979
1.19037
1.20828
1.22037
1.22495
1.22193
1.21245
1.19877
1.18382
1.1707
1.16183
1.15788
1.15785
1.15972
1.1618
1.16351
1.16523
1.16777
1.17165
1.17645
1.18102
1.18452
1.18687
1.18875
1.19123
1.19501
1.20007
1.20556
1.21014
1.2123
1.21085
1.2052
1.19539
1.18225
1.1673
1.15251
1.13996
1.1315
1.1283
1.13077
1.13866
1.15131
1.16779
1.18708
1.20817
1.22997
1.25164
1.27209
1.28946
1.30084
1.30287
1.29314
1.27121
1.23937
1.20252
1.16727
1.14012
1.12554
1.12456
1.13493
1.15261
1.17337
1.19401
1.21263
1.2283
1.24041
1.24828
1.25093
1.24772
1.23851
1.22407
1.20625
1.18761
1.17084
1.15799
1.14962
1.14473
1.14126
1.13691
1.13028
1.12139
1.11193
1.10513
1.10476
1.11362
1.13218
1.15806
1.18694
1.21401
1.23514
1.24761
1.25026
1.24348
1.22882
1.20853
1.18507
1.16067
1.1372
1.1163
1.09922
1.0869
1.07987
1.07832
1.08219
1.09159
1.10654
1.12639
1.14921
1.17217
1.19244
1.20821
1.21932
1.22675
1.23208
1.23688
1.2421
1.24804
1.25412
1.25907
1.26143
1.26006
1.25463
1.24585
1.23528
1.22476
1.21593
1.20986
1.20701
1.20764
1.21172
1.21874
1.22752
1.23626
1.24297
1.24604
1.2447
1.23904
1.22996
1.2186
1.20603
1.19292
1.17946
1.16591
1.15331
1.14353
1.13871
1.14019
1.14777
1.15965
1.17292
1.18433
1.19064
1.18934
1.17946
1.16225
1.14133
1.1221
1.11012
1.10936
1.12063
1.14134
1.16656
1.19073
1.20931
1.21961
1.22091
1.21402
1.20075
1.18357
1.16538
1.14931
1.1384
1.13617
1.14729
1.17611
1.22223
1.2775
1.32983
1.36962
1.39234
1.39751
1.38655
1.36201
1.32726
1.28655
1.24473
1.20669
1.17647
1.15617
1.14533
1.14121
1.13978
1.13731
1.132
1.12447
1.11752
1.11479
1.11928
1.13212
1.15229
1.17672
1.20127
1.22178
1.23504
1.23952
1.23558
1.22591
1.2146
1.20565
1.20142
1.20188
1.20501
1.20833
1.20999
1.20914
1.20568
1.19984
1.1918
1.18163
1.16947
1.15585
1.14184
1.12948
1.12137
1.11985
1.12628
1.14052
1.16087
1.18466
1.20903
1.23148
1.25007
1.26341
1.27055
1.27106
1.26519
1.25407
1.23959
1.22404
1.20945
1.1973
1.188
1.1809
1.17464
1.16807
1.16087
1.15391
1.14854
1.14621
1.14765
1.15284
1.16103
1.17092
1.18073
1.18867
1.19319
1.19323
1.18871
1.18096
1.17265
1.1672
1.16757
1.17519
1.18951
1.20849
1.22928
1.24913
1.26574
1.27733
1.28257
1.28043
1.27008
1.251
1.22321
1.18754
1.1459
1.10139
1.05822
1.02086
0.993202
0.977848
0.975738
0.986578
1.00879
1.03993
1.07679
1.11587
1.15387
1.18823
1.21733
1.24065
1.25865
1.27244
1.28352
1.29318
1.30202
1.30976
1.31526
1.31699
1.31355
1.30431
1.28962
1.27088
1.25007
1.22927
1.21005
1.19328
1.17931
1.16846
1.16148
1.15952
1.16351
1.17331
1.18704
1.20109
1.21112
1.21342
1.20621
1.19036
1.16935
1.14773
1.1293
1.11604
1.10827
1.10584
1.10883
1.11727
1.13078
1.14776
1.16558
1.18106
1.19106
1.19324
1.18667
1.17218
1.15178
1.12792
1.10288
1.07874
1.05784
1.04279
1.03625
1.04023
1.05528
1.08045
1.1133
1.15051
1.1888
1.22553
1.25892
1.28778
1.31121
1.32841
1.33868
1.34162
1.33722
1.3261
1.30962
1.29006
1.27029
1.25311
1.24025
1.23165
1.22545
1.21877
1.20881
1.19405
1.17441
1.15083
1.12482
1.09843
1.07447
1.0568
1.05026
1.05938
1.08615
1.12817
1.17867
1.22868
1.26963
1.29532
1.30247
1.29067
1.26224
1.2219
1.17662
1.13459
1.10372
1.08973
1.09448
1.11552
1.14735
1.18337
1.21769
1.24623
1.26681
1.27864
1.2816
1.27621
1.26344
1.24475
1.22228
1.19873
1.177
1.15992
1.14979
1.14772
1.15332
1.16453
1.178
1.19016
1.19834
1.20151
1.20044
1.19722
1.19411
1.19281
1.19379
1.19647
1.19968
1.20227
1.20355
1.20334
1.20163
1.19846
1.1937
1.18724
1.1791
1.16952
1.15906
1.14854
1.13902
1.13173
1.12773
1.12786
1.13264
1.14258
1.158
1.17824
1.20061
1.22055
1.23336
1.23633
1.22952
1.21534
1.19773
1.18087
1.16822
1.1615
1.1608
1.16492
1.17209
1.18069
1.18936
1.19717
1.20352
1.20833
1.21183
1.2143
1.21578
1.21587
1.21387
1.20889
1.20006
1.18689
1.1697
1.14979
1.12933
1.11091
1.09741
1.09166
1.09617
1.11236
1.13928
1.17297
1.20721
1.23569
1.25393
1.26038
1.25626
1.2448
1.22993
1.21493
1.20178
1.19102
1.18197
1.1733
1.16341
1.15123
1.13709
1.12288
1.11171
1.10687
1.11086
1.12484
1.14851
1.18003
1.21603
1.25216
1.28403
1.30846
1.32389
1.3303
1.32912
1.32288
1.31454
1.30629
1.29894
1.29129
1.28096
1.2653
1.24293
1.21483
1.18443
1.15663
1.13617
1.1261
1.12709
1.13725
1.15282
1.16952
1.18408
1.1946
1.20033
1.20105
1.19681
1.18783
1.17461
1.15828
1.14056
1.12339
1.1085
1.09699
1.08946
1.08637
1.08835
1.09607
1.10988
1.12937
1.15297
1.17807
1.20155
1.22055
1.23305
1.23799
1.23536
1.22581
1.21052
1.19079
1.16817
1.14458
1.12247
1.1048
1.0944
1.09331
1.10203
1.11928
1.14235
1.16813
1.19399
1.21821
1.23993
1.25898
1.27548
1.28949
1.30067
1.30845
1.31223
1.31141
1.30588
1.29593
1.28211
1.26533
1.24643
1.22618
1.20523
1.18418
1.16364
1.14414
1.12615
1.10988
1.09545
1.08317
1.07381
1.06854
1.0687
1.0754
1.08913
1.10949
1.13521
1.16424
1.19414
1.22241
1.24679
1.26551
1.27744
1.28203
1.27959
1.27113
1.25841
1.24357
1.22872
1.21514
1.20273
1.19031
1.17644
1.16066
1.14404
1.12873
1.11699
1.11002
1.10762
1.10879
1.11287
1.12019
1.13201
1.14981
1.17409
1.20358
1.23498
1.26356
1.28457
1.29486
1.29383
1.28354
1.26791
1.25137
1.23743
1.22828
1.22469
1.22611
1.2307
1.23564
1.23759
1.23344
1.22118
1.20042
1.17246
1.13993
1.10626
1.07502
1.04941
1.03193
1.02442
1.02798
1.04293
1.06846
1.1023
1.14077
1.17938
1.214
1.24175
1.26115
1.27196
1.27481
1.27071
1.26084
1.24645
1.22908
1.21053
1.19281
1.1779
1.16741
1.16238
1.16315
1.16934
1.18007
1.19387
1.20887
1.22292
1.23404
1.24088
1.2429
1.24058
1.23499
1.22755
1.21981
1.21295
1.20775
1.20439
1.20261
1.2023
1.20381
1.20772
1.21449
1.2237
1.23411
1.24374
1.2504
1.25213
1.24787
1.23781
1.22314
1.20555
1.18659
1.16745
1.14899
1.13196
1.11723
1.10555
1.09723
1.09215
1.08988
1.08997
1.09225
1.09696
1.10454
1.11518
1.1284
1.1432
1.15831
1.17262
1.18547
1.19678
1.20697
1.21663
1.22631
1.23613
1.24563
1.25395
1.26028
1.2643
1.26613
1.26595
1.26334
1.25724
1.24645
1.23083
1.21213
1.1942
1.18186
1.17849
1.18406
1.19508
1.20663
1.21473
1.2173
1.21446
1.20793
1.20014
1.19326
1.18827
1.18484
1.18188
1.17828
1.17372
1.16871
1.16464
1.16306
1.16493
1.1702
1.17749
1.1848
1.19011
1.19242
1.19217
1.19115
1.19157
1.19473
1.20032
1.20697
1.21351
1.2195
1.22504
1.23013
1.23421
1.23616
1.23481
1.22951
1.22037
1.20821
1.19445
1.18087
1.16929
1.16071
1.15489
1.15038
1.14561
1.13996
1.13454
1.13172
1.13412
1.14305
1.15772
1.17545
1.19247
1.20506
1.2105
1.2077
1.19708
1.18023
1.15947
1.13744
1.11735
1.10287
1.09753
1.10395
1.12271
1.15194
1.18755
1.22424
1.25652
1.27955
1.28977
1.28528
1.26621
1.23489
1.19543
1.15314
1.11356
1.08148
1.06014
1.05121
1.05489
1.06986
1.09338
1.12135
1.149
1.17176
1.1864
1.19177
1.18904
1.1812
1.17213
1.16539
1.16314
1.16558
1.17115
1.17744
1.18241
1.18544
1.18746
1.19053
1.19692
1.20826
1.22519
1.24705
1.27194
1.29708
1.31911
1.33479
1.34178
1.33908
1.32726
1.30849
1.28586
1.26255
1.24123
1.22346
1.20959
1.19913
1.19106
1.18447
1.17873
1.17376
1.16994
1.16788
1.16778
1.169
1.16994
1.16876
1.16415
1.15588
1.14521
1.13476
1.12782
1.1271
1.13383
1.14716
1.16482
1.18384
1.20104
1.21369
1.21981
1.21859
1.21067
1.19792
1.18309
1.16922
1.15894
1.15386
1.15437
1.15987
1.16895
1.17966
1.18973
1.19678
1.19891
1.19514
1.18577
1.17276
1.15928
1.14879
1.14359
1.14406
1.14912
1.15724
1.16717
1.17814
1.1894
1.19986
1.20818
1.21302
1.21372
1.21052
1.20457
1.19747
1.19091
1.18638
1.18497
1.18759
1.19496
1.20739
1.22468
1.24573
1.26871
1.29138
1.31162
1.32753
1.33766
1.34059
1.33529
1.3215
1.30031
1.27439
1.24727
1.22216
1.20065
1.18264
1.16707
1.15312
1.14085
1.13132
1.1258
1.12504
1.12889
1.1363
1.14563
1.15507
1.16299
1.16808
1.16971
1.16796
1.16358
1.15772
1.15167
1.14681
1.1443
1.14471
1.14785
1.15261
1.15738
1.16038
1.16019
1.15625
1.14888
1.1393
1.12925
1.12056
1.11462
1.11206
1.11278
1.11628
1.12221
1.13083
1.14293
1.15917
1.17961
1.20339
1.22873
1.25295
1.2729
1.28555
1.2888
1.28228
1.26765
1.248
1.22685
1.20685
1.18959
1.17576
1.16539
1.15808
1.15318
1.15025
1.14925
1.15074
1.15586
1.16608
1.18268
1.20579
1.23373
1.26306
1.28957
1.30953
1.32075
1.32283
1.31689
1.30467
1.28781
1.26768
1.24565
1.22339
1.20298
1.18665
1.176
1.17157
1.1725
1.17644
1.1805
1.18287
1.18381
1.18536
1.18997
1.19886
1.2114
1.22544
1.23816
1.24685
1.24953
1.2455
1.23522
1.21992
1.20118
1.18054
1.15978
1.14095
1.1263
1.11797
1.11715
1.12341
1.1346
1.1474
1.15846
1.16541
1.16719
1.16413
1.15762
1.14975
1.14279
1.13834
1.13656
1.13623
1.1354
1.13239
1.12667
1.11894
1.11108
1.10572
1.10562
1.11322
1.12991
1.15573
1.18905
1.22688
1.26536
1.30048
1.32893
1.34832
1.35744
1.35637
1.34596
1.32778
1.30358
1.2754
1.24565
1.21703
1.19213
1.17279
1.15947
1.15095
1.14504
1.1398
1.13427
1.12854
1.12328
1.11945
1.118
1.11961
1.12473
1.13344
1.14563
1.16097
1.17861
1.19732
1.21543
1.23129
1.24367
1.25208
1.25675
1.25856
1.25872
1.25848
1.25867
1.25921
1.25924
1.25737
1.25248
1.24435
1.23388
1.22261
1.21193
1.20235
1.19373
1.1856
1.1774
1.1687
1.15907
1.14839
1.13685
1.12511
1.11433
1.10584
1.10068
1.09927
1.10132
1.10589
1.11176
1.11773
1.12284
1.12623
1.12745
1.12654
1.12411
1.12113
1.11885
1.11851
1.12112
1.12714
1.13637
1.14793
1.16062
1.1731
1.18428
1.1938
1.2022
1.2109
1.22169
1.23586
1.25344
1.27285
1.29145
1.30621
1.31436
1.31395
1.30432
1.2863
1.26202
1.23424
1.20518
1.17601
1.14712
1.11905
1.09352
1.07358
1.06314
1.06556
1.08209
1.11045
1.14534
1.18032
1.20971
1.22996
1.23985
1.24026
1.23395
1.22505
1.21792
1.21595
1.22035
1.23005
1.24248
1.25453
1.26353
1.26741
1.26496
1.25596
1.24111
1.22217
1.20149
1.18132
1.16304
1.14724
1.13401
1.12341
1.1158
1.11196
1.11308
1.12033
1.13445
1.15532
1.18154
1.2103
1.23792
1.26092
1.27691
1.28472
1.28393
1.27483
1.25826
1.23614
1.21124
1.18673
1.16562
1.15021
1.14201
1.14187
1.14992
1.16539
1.18635
1.20971
1.23162
1.24849
1.25772
1.25817
1.24998
1.23448
1.21388
1.19101
1.16917
1.15177
1.14136
1.13918
1.14485
1.15654
1.17185
1.18862
1.20518
1.22034
1.233
1.24213
1.24679
1.24676
1.24292
1.23702
1.23118
1.22725
1.22592
1.22646
1.22694
1.22511
1.21924
1.20884
1.19478
1.17839
1.16045
1.14084
1.11918
1.09624
1.07468
1.05882
1.05323
1.06075
1.08096
1.10982
1.14109
1.16842
1.18729
1.19574
1.19429
1.18529
1.17195
1.15745
1.14415
1.13306
1.1239
1.116
1.10935
1.1055
1.10716
1.11702
1.13617
1.16326
1.19483
1.22675
1.25572
1.27987
1.29862
1.31196
1.3197
1.32108
1.31513
1.30109
1.2791
1.25069
1.21898
1.18826
1.16332
1.14814
1.14454
1.1514
1.16531
1.18193
1.19709
1.20779
1.21246
1.21085
1.20366
1.19222
1.17818
1.16387
1.15205
1.14512
1.14407
1.14804
1.15479
1.16179
1.16707
1.16996
1.17144
1.17389
1.18052
1.19364
1.21301
1.23558
1.25667
1.27175
1.27801
1.27508
1.26503
1.25145
1.23797
1.22648
1.21645
1.20596
1.19323
1.17779
1.16078
1.14444
1.13142
1.12375
1.12245
1.12768
1.13914
1.15598
1.17692
1.20009
1.22319
1.24374
1.25942
1.26824
1.26877
1.26048
1.24392
1.22085
1.19404
1.16707
1.14338
1.12524
1.11301
1.10548
1.10108
1.09919
1.10037
1.1055
1.11482
1.12738
1.14117
1.15359
1.16235
1.16634
1.16596
1.16303
1.16026
1.16025
1.1646
1.17346
1.18547
1.19829
1.20947
1.21719
1.22058
1.21992
1.21635
1.2115
1.20703
1.20401
1.20291
1.20352
1.20551
1.20878
1.21356
1.21983
1.22659
1.23144
1.23121
1.22319
1.20655
1.1833
1.15816
1.13741
1.12657
1.12817
1.14079
1.16007
1.1804
1.19685
1.2064
1.20829
1.20398
1.19602
1.18703
1.17896
1.17318
1.17141
1.17582
1.18786
1.20675
1.22942
1.2519
1.27077
1.28358
1.28882
1.28558
1.27368
1.25389
1.22796
1.19869
1.16939
1.14323
1.12251
1.10827
1.10023
1.09704
1.09692
1.09853
1.10155
1.10659
1.11445
1.1255
1.13925
1.15457
1.16989
1.18352
1.19418
1.20126
1.2049
1.20594
1.20595
1.20693
1.21072
1.21809
1.22799
1.23803
1.24563
1.2491
1.24785
1.24202
1.23231
1.21985
1.20618
1.19274
1.1805
1.16976
1.16032
1.15194
1.14474
1.13894
1.13471
1.1321
1.13131
1.13267
1.13635
1.14219
1.14956
1.15788
1.16696
1.17734
1.19
1.20566
1.22392
1.24307
1.26055
1.27366
1.28046
1.28007
1.27252
1.25851
1.23945
1.21711
1.19377
1.17217
1.1551
1.14478
1.14235
1.14733
1.15784
1.17113
1.18435
1.19529
1.20288
1.20713
1.20876
1.2085
1.20643
1.20176
1.19321
1.17996
1.1625
1.14297
1.12469
1.11093
1.10386
1.1042
1.11184
1.12663
1.14868
1.17768
1.21222
1.2492
1.28428
1.31273
1.33055
1.33543
1.327
1.30663
1.27707
1.24229
1.2069
1.1757
1.15302
1.14206
1.14433
1.15923
1.18415
1.21484
1.24628
1.27346
1.29253
1.30129
1.29923
1.28706
1.26623
1.23826
1.20479
1.16755
1.12906
1.09279
1.06268
1.04185
1.03152
1.0307
1.03721
1.04909
1.06524
1.08497
1.10735
1.13078
1.15329
1.17317
1.18929
1.20115
1.20863
1.21201
1.21193
1.2093
1.20512
1.20032
1.19537
1.19014
1.18414
1.17691
1.16853
1.15981
1.15247
1.14866
1.15043
1.15917
1.17502
1.19656
1.22107
1.24506
1.26546
1.28035
1.28945
1.29377
1.29482
1.29412
1.29266
1.29095
1.289
1.28644
1.28261
1.27666
1.26757
1.2547
1.23826
1.21992
1.20266
1.18953
1.18207
1.1793
1.17843
1.17655
1.17183
1.16351
1.15189
1.13789
1.12292
1.1087
1.09697
1.08918
1.08617
1.08799
1.09377
1.10207
1.11119
1.11949
1.12568
1.12886
1.12871
1.12553
1.12053
1.11606
1.11543
1.12176
1.13647
1.15845
1.18444
1.21049
1.23321
1.25049
1.2616
1.26698
1.26776
1.26527
1.26067
1.25481
1.24814
1.24089
1.23316
1.22497
1.21635
1.20717
1.19709
1.1856
1.1723
1.15724
1.14156
1.12763
1.11884
1.11852
1.12854
1.14831
1.17491
1.20421
1.23241
1.25737
1.27918
1.29916
1.31725
1.33079
1.33604
1.33088
1.31576
1.29333
1.26733
1.24159
1.21936
1.20277
1.19259
1.18844
1.18905
1.19256
1.19703
1.20095
1.20369
1.20536
1.20614
1.20575
1.20304
1.1964
1.18444
1.16653
1.14299
1.1152
1.08568
1.05794
1.036
1.02333
1.02171
1.03066
1.0479
1.07024
1.09474
1.11917
1.14201
1.1623
1.17934
1.19266
1.20198
1.20735
1.20916
1.20801
1.20468
1.19981
1.1938
1.18675
1.1785
1.16871
1.15704
1.14367
1.12936
1.11549
1.1039
1.09647
1.09453
1.09887
1.10978
1.12733
1.15136
1.18125
1.21537
1.2511
1.28546
1.31538
1.338
1.351
1.35268
1.34237
1.32081
1.29055
1.25584
1.22154
1.19169
1.16802
1.15021
1.13686
1.12674
1.11999
1.11832
1.12444
1.14027
1.16488
1.19372
1.21989
1.23659
1.23941
1.22782
1.20505
1.17703
1.15026
1.13008
1.11935
1.11829
1.12565
1.13999
1.16036
1.18571
1.21404
1.24224
1.26651
1.28336
1.29033
1.28689
1.27493
1.25864
1.24283
1.2306
1.22179
1.21395
1.20483
1.19367
1.18134
1.1693
1.15862
1.14961
1.14197
1.13539
1.13003
1.12671
1.12669
1.1312
1.14082
1.15503
1.17223
1.1901
1.2063
1.2192
1.22826
1.23383
1.23654
1.23684
1.23482
1.23047
1.22395
1.21576
1.2067
1.19777
1.19002
1.18443
1.18181
1.18278
1.18727
1.19447
1.2029
1.21104
1.21789
1.22308
1.22674
1.22899
1.22956
1.22792
1.22364
1.21665
1.20709
1.19506
1.18073
1.16427
1.14651
1.12903
1.11404
1.10362
1.09924
1.1016
1.11093
1.1269
1.14823
1.17313
1.1997
1.22616
1.25087
1.27205
1.28788
1.2967
1.29722
1.28896
1.27228
1.24841
1.21978
1.19015
1.1642
1.14631
1.1393
1.14344
1.1567
1.17582
1.19729
1.21803
1.23561
1.24801
1.25369
1.25168
1.24171
1.22451
1.202
1.17765
1.15622
1.14261
1.14005
1.1488
1.16612
1.18752
1.20856
1.22597
1.23776
1.24322
1.2424
1.23601
1.22525
1.21154
1.19636
1.1813
1.1678
1.1569
1.14893
1.14357
1.14018
1.13808
1.1368
1.13637
1.13739
1.14083
1.14763
1.15821
1.17201
1.1872
1.20106
1.21061
1.21363
1.20924
1.19791
1.1812
1.16092
1.13903
1.11772
1.09986
1.08904
1.08875
1.10116
1.12619
1.1612
1.20147
1.24104
1.2739
1.29502
1.30124
1.29197
1.26951
1.23871
1.20608
1.17778
1.15745
1.14533
1.13959
1.13822
1.13991
1.14427
1.15116
1.16049
1.17198
1.185
1.19836
1.21043
1.21935
1.22364
1.22254
1.21633
1.20625
1.19419
1.18227
1.17226
1.16565
1.1635
1.16619
1.17323
1.18311
1.19364
1.20241
1.20723
1.2065
1.19953
1.18681
1.17004
1.15197
1.13613
1.12633
1.12575
1.13545
1.15349
1.17552
1.19637
1.21156
1.21842
1.21642
1.20688
1.19233
1.17575
1.15996
1.14711
1.13857
1.13502
1.13675
1.14403
1.15717
1.17638
1.20134
1.23049
1.26098
1.28924
1.31188
1.32615
1.33042
1.3247
1.31102
1.29283
1.27367
1.25575
1.23973
1.22541
1.2126
1.20134
1.19151
1.18267
1.17386
1.16442
1.15446
1.14518
1.13814
1.13408
1.13222
1.13044
1.12639
1.11853
1.10717
1.09449
1.0838
1.07829
1.07985
1.08836
1.10197
1.11804
1.13414
1.1489
1.16212
1.17484
1.18877
1.20541
1.22537
1.24789
1.27109
1.29264
1.31028
1.32229
1.32752
1.32519
1.31482
1.29651
1.27139
1.24192
1.21168
1.18472
1.16435
1.15254
1.14977
1.15522
1.16686
1.18152
1.19542
1.20468
1.20613
1.198
1.18023
1.15469
1.12494
1.09582
1.07227
1.05836
1.05607
1.06517
1.08382
1.10986
1.14151
1.17723
1.21514
1.25236
1.28516
1.30951
1.32207
1.32111
1.30711
1.28273
1.25235
1.22117
1.19434
1.17595
1.16834
1.17158
1.1835
1.20026
1.21749
1.23139
1.2398
1.24243
1.24025
1.23437
1.22523
1.21247
1.19523
1.17303
1.14663
1.11843
1.09237
1.07319
1.06503
1.06981
1.08628
1.11049
1.1375
1.16321
1.18558
1.20464
1.22165
1.23776
1.25298
1.26593
1.27446
1.27655
1.27127
1.25882
1.24034
1.21785
1.19434
1.17362
1.15995
1.15688
1.16596
1.18583
1.21243
1.24014
1.26369
1.27937
1.28542
1.28193
1.26999
1.2507
1.22483
1.19287
1.15568
1.11523
1.07487
1.03902
1.01239
0.998808
1.00041
1.01711
1.0463
1.08339
1.12278
1.15939
1.18962
1.21173
1.22569
1.23262
1.23418
1.23208
1.22761
1.22149
1.21385
1.20467
1.19442
1.18434
1.17631
1.17229
1.17343
1.17984
1.19069
1.20441
1.21918
1.23293
1.24356
1.24906
1.24791
1.23955
1.22491
1.20643
1.18757
1.17183
1.16176
1.15801
1.15931
1.16332
1.16783
1.17203
1.17665
1.18346
1.19383
1.20753
1.22268
1.23677
1.24772
1.25468
1.25843
1.26085
1.26412
1.26919
1.27532
1.28029
1.28153
1.27744
1.26793
1.25424
1.23824
1.22152
1.20475
1.18828
1.17278
1.15966
1.15069
1.14688
1.14799
1.15219
1.15699
1.16038
1.16133
1.15962
1.15537
1.14882
1.1406
1.13174
1.12353
1.11717
1.11355
1.11307
1.11562
1.12066
1.12724
1.13434
1.14124
1.14776
1.1543
1.16172
1.17095
1.18254
1.19648
1.21194
1.22726
1.24021
1.24861
1.25107
1.24739
1.23857
1.22649
1.21321
1.20052
1.18949
1.18083
1.17497
1.1722
1.17256
1.17564
1.18058
1.18605
1.19066
1.19343
1.19391
1.19241
1.18984
1.18736
1.18588
1.18564
1.18595
1.18537
1.18277
1.17827
1.17386
1.17267
1.17724
1.18806
1.20318
1.21939
1.23326
1.24235
1.24557
1.24331
1.23705
1.22867
1.2199
1.21183
1.20501
1.19961
1.19558
1.1928
1.1909
1.1892
1.1869
1.18338
1.17831
1.17167
1.16368
1.15462
1.14485
1.1349
