0.803244
0.805288
0.806593
0.807982
0.810235
0.814068
0.819755
0.82693
0.834549
0.841269
0.845773
0.846858
0.843639
0.83547
0.822135
0.804041
0.782578
0.759945
0.738816
0.721637
0.710014
0.704334
0.703957
0.70779
0.714623
0.723438
0.733357
0.74351
0.753032
0.76115
0.767398
0.771872
0.77528
0.778828
0.783709
0.79047
0.798721
0.807182
0.814231
0.818439
0.818841
0.814981
0.807001
0.795495
0.781421
0.76604
0.750964
0.737933
0.728343
0.722718
0.720524
0.720583
0.721766
0.72353
0.726008
0.729776
0.735543
0.743767
0.75452
0.767547
0.782402
0.798601
0.815578
0.83249
0.848257
0.861546
0.871022
0.875654
0.87483
0.86855
0.857445
0.842604
0.825381
0.807142
0.789047
0.772078
0.75709
0.74476
0.735421
0.728914
0.724719
0.722237
0.720825
0.71985
0.718936
0.718107
0.717941
0.719189
0.722508
0.727936
0.734788
0.741947
0.748295
0.753206
0.756681
0.759319
0.761945
0.765058
0.768508
0.771428
