0.793591
0.771664
0.735023
0.684817
0.62285
0.551887
0.47574
0.399174
0.3276
0.26639
0.21999
0.191083
0.180096
0.185261
0.203167
0.229574
0.260219
0.291388
0.320229
0.344826
0.364146
0.377894
0.386354
0.3902
0.390409
0.388079
0.384334
0.380247
0.376784
0.374673
0.374395
0.37617
0.379959
0.385542
0.392473
0.40027
0.408435
0.416505
0.42409
0.430852
0.436557
0.440984
0.443929
0.445242
0.444771
0.442432
0.438215
0.432313
0.425166
0.417447
0.41002
0.403799
0.399628
0.398176
0.399768
0.404319
0.411326
0.420039
0.429499
0.438713
0.446758
0.452924
0.456714
0.457878
0.456391
0.452503
0.44666
0.439486
0.431649
0.423769
0.416293
0.409431
0.40323
0.397621
0.392587
0.388269
0.384999
0.383229
0.383357
0.385461
0.389191
0.393785
0.398359
0.402279
0.405329
0.407655
0.409586
0.411398
0.413119
0.414556
0.415323
0.415056
0.413526
0.410694
0.406765
0.402046
0.396901
0.391643
0.386589
0.382022
