1.20509
1.20307
1.19587
1.18648
1.17791
1.17275
1.1726
1.17793
1.18764
1.19959
1.21089
1.2185
1.21997
1.21382
1.19987
1.17888
1.15236
1.12211
1.09018
1.05871
1.02997
1.00611
0.988967
0.979665
0.978347
0.984042
0.99505
1.00959
1.02642
1.04489
1.06474
1.08549
1.10595
1.12427
1.13844
1.14676
1.14827
1.14282
1.13097
1.1137
1.09236
1.06873
1.04516
1.02452
1.00988
1.00389
1.00796
1.02187
1.04392
1.0713
1.10064
1.12846
1.15166
1.16768
1.17498
1.17307
1.16258
1.14514
1.12315
1.09937
1.07654
1.05701
1.04248
1.03394
1.0319
1.03628
1.04663
1.06205
1.08108
1.10168
1.12139
1.1378
1.1488
1.15285
1.14914
1.13771
1.11952
1.09653
1.07157
1.0481
1.0295
1.01826
1.01529
1.01971
1.02925
1.04085
1.05154
1.05899
1.06185
1.06003
1.05452
1.04725
1.04062
1.03692
1.03771
1.04344
1.05345
1.06631
1.08034
1.09416
