0.807708
0.813566
0.817438
0.819531
0.819712
0.817613
0.813009
0.806225
0.79818
0.789985
0.782502
0.776049
0.770272
0.764437
0.757952
0.750769
0.743524
0.737231
0.732718
0.730206
0.72932
0.729652
0.73119
0.734366
0.739565
0.746657
0.754948
0.763377
0.770936
0.776996
0.781256
0.783549
0.783673
0.781386
0.776541
0.769278
0.760379
0.751439
0.744583
0.741882
0.74467
0.753019
0.765697
0.78065
0.795496
0.808082
0.816775
0.820645
0.819576
0.814278
0.805991
0.796107
0.785645
0.775119
0.764539
0.75364
0.742245
0.730524
0.719098
0.709025
0.701484
0.697461
0.697277
0.70043
0.705832
0.712381
0.719476
0.727143
0.735884
0.746309
0.758778
0.772912
0.787673
0.801755
0.814244
0.824914
0.833796
0.840608
0.844585
0.844847
0.84072
0.831917
0.818576
0.801196
0.7807
0.758542
0.736641
0.717204
0.702317
0.693485
0.69127
0.695166
0.703852
0.715533
0.728461
0.741126
0.752413
0.761679
0.768799
0.774041
