-5.48328
-5.48166
-5.48393
-5.48295
-5.48166
-5.48295
-5.4836
-5.4823
-5.48036
-5.47971
-5.47971
-5.48132
-5.48035
-5.48101
-5.47907
-5.47842
-5.48231
-5.48134
-5.47907
-5.47842
-5.47648
-5.47454
-5.47615
-5.47583
-5.47518
-5.47551
-5.47745
-5.47842
-5.47777
-5.47777
-5.47939
-5.47971
-5.48068
-5.48166
-5.48327
-5.48133
-5.4836
-5.48555
-5.4836
-5.4849
-5.48296
-5.48328
-5.48134
-5.48361
-5.4849
-5.48425
-5.48457
-5.48392
-5.48457
-5.48619
-5.48425
-5.48263
-5.48199
-5.48199
-5.48069
-5.48037
-5.48005
-5.47973
-5.48005
-5.48038
-5.4807
-5.4807
-5.47972
-5.48005
-5.4794
-5.4794
-5.4794
-5.48135
-5.48167
-5.48394
-5.48523
-5.48588
-5.48491
-5.48199
-5.47875
-5.4781
-5.4794
-5.48102
-5.48264
-5.48362
-5.47844
-5.4794
-5.47875
-5.47745
-5.47843
-5.47876
-5.47811
-5.47973
-5.47909
-5.47876
-5.48038
-5.47779
-5.47941
-5.48038
-5.48329
-5.48231
-5.48361
-5.48361
-5.48328
-5.48167
-5.48102
-5.47778
-5.47713
-5.47746
-5.47746
-5.4781
-5.47875
-5.48037
-5.48069
-5.48134
-5.48134
-5.48102
-5.48167
-5.48037
-5.47811
-5.47778
-5.47972
-5.48037
-5.48166
-5.48328
-5.48426
-5.4862
-5.48588
-5.48459
-5.48297
-5.48329
-5.48297
-5.48524
-5.48556
-5.48362
-5.48362
-5.48394
-5.48297
-5.48361
-5.48296
-5.48361
-5.48264
-5.48296
-5.48134
-5.47972
-5.4794
-5.48004
-5.47907
-5.47972
-5.47972
-5.48166
-5.48166
-5.48199
-5.48101
-5.48004
-5.48004
-5.4794
-5.48037
-5.48004
-5.48069
-5.48102
-5.48199
-5.48166
-5.48199
-5.48166
-5.48004
-5.47907
-5.47842
-5.47842
-5.47842
-5.47972
-5.48069
-5.47875
-5.47972
-5.47745
-5.47745
-5.47615
-5.47615
-5.47615
-5.47971
-5.48036
-5.48004
-5.47939
-5.47809
-5.47907
-5.48037
-5.4794
-5.48166
-5.48004
-5.48037
-5.48004
-5.48069
-5.48199
-5.48361
-5.48361
-5.48458
-5.48425
-5.48263
-5.48295
-5.48328
-5.48198
-5.48036
-5.48133
-5.48036
-5.48036
-5.48037
-5.47972
-5.47972
-5.48037
-5.48101
-5.47972
-5.47972
-5.48166
-5.48004
-5.48295
-5.48166
-5.48004
-5.48069
-5.48036
-5.47906
-5.47842
-5.47906
-5.47745
-5.48004
-5.47874
-5.48003
-5.48068
-5.47971
-5.48036
-5.47939
-5.47777
-5.47712
-5.47777
-5.47874
-5.47842
-5.47939
-5.48004
-5.48133
-5.48035
-5.48132
-5.48165
-5.481
-5.48035
-5.48003
-5.47906
-5.47777
-5.47939
-5.48004
-5.48296
-5.48425
-5.48457
-5.48392
-5.48522
-5.48489
-5.48457
-5.48392
-5.48327
-5.48392
-5.48263
-5.48101
-5.47939
-5.47972
-5.48166
-5.48263
-5.48263
-5.48198
-5.48198
-5.48327
-5.48359
-5.481
-5.481
-5.4823
-5.48165
-5.48327
-5.48295
-5.4836
-5.4836
-5.48327
-5.4836
-5.4836
-5.48457
-5.48522
-5.48684
-5.48587
-5.48457
-5.48586
-5.48554
-5.48456
-5.48327
-5.48359
-5.48165
-5.48359
-5.48457
-5.48392
-5.48231
-5.48069
-5.48134
-5.47972
-5.48036
-5.48069
-5.48036
-5.48069
-5.48198
-5.48295
-5.48166
-5.48101
-5.48037
-5.4781
-5.47972
-5.48199
-5.48231
-5.48102
-5.48102
-5.4794
-5.48037
-5.48102
-5.47972
-5.48166
-5.48102
-5.48069
-5.48263
-5.48263
-5.48231
-5.48328
-5.48296
-5.48296
-5.48199
-5.48264
-5.48231
-5.48199
-5.48166
-5.48101
-5.48166
-5.48361
-5.48263
-5.48296
-5.48166
-5.48069
-5.48004
-5.48199
-5.48231
-5.48198
-5.48133
-5.48198
-5.48134
-5.48134
-5.48037
-5.48263
-5.47875
-5.4768
-5.47842
-5.47842
-5.48004
-5.47874
-5.47842
-5.47842
-5.48004
-5.47907
-5.48004
-5.48101
-5.47971
-5.48036
-5.48133
-5.48134
-5.48328
-5.48426
-5.48458
-5.48458
-5.48328
-5.48361
-5.48199
-5.48134
-5.48004
-5.48069
-5.47972
-5.48166
-5.48036
-5.48036
-5.47777
-5.47777
-5.47907
-5.47713
-5.47551
-5.47745
-5.47745
-5.47843
-5.48069
-5.48231
-5.48134
-5.48264
-5.48264
-5.48167
-5.48134
-5.48102
-5.48134
-5.48102
-5.48263
-5.48166
-5.48036
-5.47842
-5.47843
-5.4794
-5.47875
-5.47811
-5.47973
-5.48231
-5.48361
-5.48329
-5.48393
-5.48523
-5.48458
-5.4849
-5.4836
-5.48133
-5.48198
-5.48231
-5.48199
-5.48037
-5.47908
-5.47746
-5.47779
-5.47746
-5.47843
-5.47973
-5.48231
-5.48037
-5.47907
-5.48263
-5.48393
-5.48361
-5.48426
-5.48102
-5.48038
-5.47973
-5.48006
-5.48297
-5.48297
-5.48232
-5.4807
-5.48264
-5.48264
-5.48458
-5.48426
-5.48167
-5.48038
-5.48167
-5.48232
-5.47973
-5.48264
-5.48134
-5.48037
-5.48231
-5.48231
-5.48037
-5.48102
-5.48297
-5.48426
-5.48523
-5.4875
-5.48523
-5.4849
-5.48426
-5.48458
-5.48426
-5.48361
-5.482
-5.48006
-5.48103
-5.47974
-5.48006
-5.48038
-5.48233
-5.48135
-5.48103
-5.47876
-5.47876
-5.47811
-5.47908
-5.47843
-5.47811
-5.47876
-5.47941
-5.48071
-5.48265
-5.48233
-5.48395
-5.48394
-5.48491
-5.48491
-5.48491
-5.48459
-5.4833
-5.48362
-5.48168
-5.4833
-5.48362
-5.48427
-5.48232
-5.48006
-5.482
-5.48427
-5.48298
-5.48168
-5.48136
-5.48168
-5.48071
-5.482
-5.482
-5.48427
-5.48492
-5.4833
-5.48492
-5.48525
-5.48492
-5.48395
-5.48363
-5.48266
-5.48201
-5.48168
-5.48006
-5.48103
-5.47812
-5.47488
-5.47618
-5.47715
-5.47845
-5.47974
-5.47942
-5.47748
-5.47618
-5.47456
-5.47488
-5.47487
-5.47811
-5.47682
-5.47617
-5.47618
-5.47683
-5.47683
-5.47748
-5.47845
-5.48007
-5.47974
-5.47909
-5.47941
-5.47973
-5.48006
-5.4807
-5.48005
-5.482
-5.48232
-5.48232
-5.48265
-5.4833
-5.482
-5.48201
-5.48071
-5.48233
-5.48168
-5.48071
-5.482
-5.47909
-5.47908
-5.48038
-5.48135
-5.48005
-5.4807
-5.47779
-5.47682
-5.47682
-5.47682
-5.47877
-5.47942
-5.47813
-5.47878
-5.47781
-5.4791
-5.47942
-5.47909
-5.48168
-5.48394
-5.48556
-5.48621
-5.48427
-5.48265
-5.4833
-5.4833
-5.48492
-5.48298
-5.48201
-5.48072
-5.48234
-5.48104
-5.48299
-5.48266
-5.48298
-5.48363
-5.4846
-5.48396
-5.48202
-5.48202
-5.48234
-5.48266
-5.48039
-5.48136
-5.47974
-5.48104
-5.48104
-5.48136
-5.4791
-5.47877
-5.4778
-5.47845
-5.47812
-5.47877
-5.47844
-5.47715
-5.48007
-5.48136
-5.48039
-5.48104
-5.48428
-5.48395
-5.48525
-5.48654
-5.48525
-5.48298
-5.48493
-5.4846
-5.48299
-5.48428
-5.48493
-5.48363
-5.48233
-5.48169
-5.48331
-5.48493
-5.48363
-5.4804
-5.47878
-5.47942
-5.47942
-5.48007
-5.47877
-5.47553
-5.47553
-5.4765
-5.47618
-5.47683
-5.47748
-5.47974
-5.4791
-5.48104
-5.48007
-5.48072
-5.48007
-5.48169
-5.48396
-5.48202
-5.47943
-5.48007
-5.48007
-5.48104
-5.48136
-5.48104
-5.48331
-5.48396
-5.48331
-5.48428
-5.48363
-5.48169
-5.48104
-5.47975
-5.48007
-5.48169
-5.4791
-5.47877
-5.47715
-5.47909
-5.47877
-5.47877
-5.47812
-5.47683
-5.47521
-5.47683
-5.47683
-5.47845
-5.47877
-5.47877
-5.47715
-5.4791
-5.48007
-5.48039
-5.48201
-5.48104
-5.48266
-5.48201
-5.48039
-5.4791
-5.4778
-5.47651
-5.47586
-5.47683
-5.47747
-5.47747
-5.4765
-5.47909
-5.47586
-5.47553
-5.47586
-5.48007
-5.47975
-5.4791
-5.47716
-5.47587
-5.47586
-5.47651
-5.47683
-5.47586
-5.47813
-5.48007
-5.47845
-5.47877
-5.47651
-5.47554
-5.47618
-5.47456
-5.47489
-5.47586
-5.47586
-5.47683
-5.47618
-5.47586
-5.47618
-5.47554
-5.47586
-5.47845
-5.47975
-5.48072
-5.48364
-5.48331
-5.48396
-5.48266
-5.48363
-5.48363
-5.48169
-5.48039
-5.4791
-5.47878
-5.47845
-5.47877
-5.47975
-5.47942
-5.47975
-5.48007
-5.48201
-5.48234
-5.48137
-5.48007
-5.48169
-5.48234
-5.48331
-5.48299
-5.48201
-5.48071
-5.47974
-5.47942
-5.48071
-5.48201
-5.48136
-5.48072
-5.47942
-5.4778
-5.48007
-5.47942
-5.48039
-5.48071
-5.48007
-5.48201
-5.47877
-5.4778
-5.4778
-5.4778
-5.47974
-5.48038
-5.47909
-5.47941
-5.47844
-5.47909
-5.47942
-5.47975
-5.4791
-5.47975
-5.47813
-5.47748
-5.47749
-5.47845
-5.48266
-5.48266
-5.48363
-5.48395
-5.48621
-5.48427
-5.48524
-5.48395
-5.48363
-5.48299
-5.48331
-5.48396
-5.48299
-5.48299
-5.48072
-5.47942
-5.48006
-5.47942
-5.47877
-5.48104
-5.48136
-5.48039
-5.48136
-5.48072
-5.48201
-5.48233
-5.48103
-5.48006
-5.47876
-5.47909
-5.47779
-5.47974
-5.47941
-5.48006
-5.48136
-5.47876
-5.47617
-5.47423
-5.47358
-5.47261
-5.47618
-5.47715
-5.47812
-5.47909
-5.47617
-5.47584
-5.47552
-5.47552
-5.47682
-5.47941
-5.47941
-5.48232
-5.48297
-5.482
-5.48362
-5.48362
-5.48265
-5.48264
-5.48297
-5.48523
-5.48685
-5.48653
-5.48458
-5.48652
-5.48652
-5.4862
-5.48588
-5.48458
-5.48555
-5.48394
-5.48329
-5.48199
-5.48102
-5.48005
-5.48102
-5.48232
-5.4807
-5.48037
-5.48166
-5.48264
-5.48231
-5.47972
-5.48037
-5.4807
-5.48102
-5.47972
-5.48199
-5.48426
-5.48166
-5.48101
-5.48004
-5.47972
-5.47939
-5.47907
-5.47843
-5.47875
-5.47843
-5.47908
-5.4794
-5.47843
-5.47843
-5.47875
-5.47907
-5.47907
-5.47875
-5.47745
-5.47777
-5.47939
-5.47842
-5.47971
-5.48036
-5.48133
-5.48166
-5.48166
-5.47939
-5.48133
-5.48036
-5.47971
-5.48003
-5.481
-5.48003
-5.47873
-5.47809
-5.47679
-5.47517
-5.47809
-5.47906
-5.48003
-5.47744
-5.47776
-5.47809
-5.47906
-5.47938
-5.47873
-5.47938
-5.48002
-5.47776
-5.47905
-5.47937
-5.4784
-5.47841
-5.47938
-5.47873
-5.47808
-5.47679
-5.47808
-5.4784
-5.47808
-5.47808
-5.47743
-5.48002
-5.47905
-5.47937
-5.4784
-5.47841
-5.47711
-5.47873
-5.47841
-5.47841
-5.47841
-5.4797
-5.48327
-5.48553
-5.48229
-5.47938
-5.48035
-5.4823
-5.48165
-5.48197
-5.47971
-5.47971
-5.47906
-5.47905
-5.47873
-5.47744
-5.47744
-5.47744
-5.47873
-5.47873
-5.47841
-5.48132
-5.48035
-5.48067
-5.48035
-5.48035
-5.47841
-5.47646
-5.47808
-5.48099
-5.4797
-5.48034
-5.48099
-5.48067
-5.48229
-5.48132
-5.47841
-5.47744
-5.47841
-5.47711
-5.47679
-5.47614
-5.47582
-5.47484
-5.47808
-5.47808
-5.47744
-5.47808
-5.47841
-5.47841
-5.47938
-5.4797
-5.4823
-5.48197
-5.48068
-5.48068
-5.47873
-5.47906
-5.48003
-5.48164
-5.48067
-5.47776
-5.48002
-5.48164
-5.48132
-5.48035
-5.47905
-5.47808
-5.48003
-5.47873
-5.47841
-5.47906
-5.48132
-5.48326
-5.48197
-5.48132
-5.48035
-5.48003
-5.47743
-5.47938
-5.47938
-5.47841
-5.47906
-5.48035
-5.48035
-5.47937
-5.47905
-5.47775
-5.4784
-5.47937
-5.47937
-5.47808
-5.47743
-5.4797
-5.47776
-5.48002
-5.48035
-5.48261
-5.48359
-5.481
-5.48262
-5.48326
-5.48229
-5.48229
-5.48261
-5.48423
-5.48456
-5.48423
-5.48293
-5.48358
-5.48261
-5.48358
-5.48391
-5.48456
-5.48456
-5.48294
-5.48229
-5.481
-5.48165
-5.481
-5.48229
-5.48261
-5.48423
-5.48326
-5.4839
-5.48326
-5.48163
-5.48261
-5.48293
-5.48229
-5.48131
-5.48132
-5.47873
-5.47711
-5.47906
-5.48229
-5.48165
-5.48197
-5.48262
-5.48197
-5.48164
-5.48099
-5.48002
-5.48099
-5.48132
-5.48261
-5.48261
-5.4797
-5.47873
-5.47937
-5.47873
-5.47873
-5.47938
-5.48164
-5.48294
-5.48294
-5.48326
-5.48132
-5.48326
-5.48197
-5.48099
-5.48132
-5.48262
-5.48035
-5.48035
-5.48002
-5.47872
-5.47839
-5.47839
-5.48002
-5.47938
-5.47873
-5.48165
-5.48165
-5.48036
-5.48003
-5.47971
-5.48035
-5.48197
-5.48164
-5.48326
-5.48326
-5.48132
-5.48099
-5.48132
-5.48164
-5.48099
-5.47872
-5.48034
-5.47904
-5.48002
-5.48002
-5.48067
-5.48165
-5.481
-5.481
-5.48035
-5.481
-5.48164
-5.47905
-5.48099
-5.48326
-5.48228
-5.48228
-5.48229
-5.48067
-5.48034
-5.4784
-5.47873
-5.47905
-5.4797
-5.4784
-5.48002
-5.47937
-5.47775
-5.47775
-5.47872
-5.47807
-5.47678
-5.47516
-5.47646
-5.47613
-5.47419
-5.47225
-5.47483
-5.4758
-5.4758
-5.47677
-5.47969
-5.48228
-5.48358
-5.48261
-5.48358
-5.48326
-5.48034
-5.48034
-5.48099
-5.48164
-5.48132
-5.47905
-5.47808
-5.47937
-5.48002
-5.48131
-5.48261
-5.48164
-5.48067
-5.48131
-5.48164
-5.47775
-5.47808
-5.47581
-5.47484
-5.47646
-5.47711
-5.47614
-5.47485
-5.47517
-5.47905
-5.47873
-5.4797
-5.48035
-5.48002
-5.48164
-5.48293
-5.48002
-5.47937
-5.48067
-5.4797
-5.47743
-5.47808
-5.4797
-5.48034
-5.48229
-5.48164
-5.48391
-5.48488
-5.48487
-5.48325
-5.4839
-5.48357
-5.48227
-5.48163
-5.48195
-5.48519
-5.48551
-5.48389
-5.4826
-5.48389
-5.4839
-5.48325
-5.48195
-5.48195
-5.4813
-5.48033
-5.47774
-5.47806
-5.47838
-5.47612
-5.47741
-5.47871
-5.47969
-5.48066
-5.47969
-5.47936
-5.47742
-5.47677
-5.47774
-5.47515
-5.47773
-5.47838
-5.47871
-5.47903
-5.48098
-5.47904
-5.47839
-5.48065
-5.48033
-5.47936
-5.47903
-5.47806
-5.47806
-5.47968
-5.48001
-5.48033
-5.48098
-5.48228
-5.48163
-5.48389
-5.48324
-5.48357
-5.48194
-5.48162
-5.4813
-5.4813
-5.47935
-5.48194
-5.48421
-5.48615
-5.4855
-5.48389
-5.48486
-5.48324
-5.48194
-5.48324
-5.48388
-5.48259
-5.48194
-5.4813
-5.4813
-5.48356
-5.48388
-5.48291
-5.48161
-5.48161
-5.48259
-5.48226
-5.48161
-5.48129
-5.48064
-5.48129
-5.48226
-5.4842
-5.48323
-5.48226
-5.47999
-5.47643
-5.47805
-5.4787
-5.4787
-5.48226
-5.48194
-5.48162
-5.47935
-5.4787
-5.4787
-5.47837
-5.4787
-5.47935
-5.47903
-5.48065
-5.48097
-5.48162
-5.48227
-5.48291
-5.48583
-5.48777
-5.48615
-5.48486
-5.48357
-5.48486
-5.48421
-5.48486
-5.48323
-5.48194
-5.48323
-5.48097
-5.48324
-5.48291
-5.48259
-5.48324
-5.48356
-5.48292
-5.48259
-5.48259
-5.47968
-5.47935
-5.48065
-5.48065
-5.48
-5.48388
-5.48161
-5.48356
-5.4842
-5.48518
-5.48582
-5.48712
-5.48647
-5.4855
-5.48485
-5.48388
-5.48324
-5.48291
-5.48324
-5.48
-5.47903
-5.4787
-5.47903
-5.47708
-5.47643
-5.47514
-5.47708
-5.4787
-5.47967
-5.48226
-5.48291
-5.48259
-5.48486
-5.48518
-5.48712
-5.48648
-5.4868
-5.4855
-5.48486
-5.48647
-5.48421
-5.48518
-5.48583
-5.48453
-5.48583
-5.48518
-5.48453
-5.48227
-5.48356
-5.48227
-5.48259
-5.4813
-5.48292
-5.4826
-5.4826
-5.48324
-5.48195
-5.48033
-5.48162
-5.48259
-5.48032
-5.48
-5.48
-5.47838
-5.47806
-5.47838
-5.47903
-5.47871
-5.47774
-5.47871
-5.47936
-5.47903
-5.47968
-5.48259
-5.48129
-5.48162
-5.48
-5.48194
-5.4813
-5.48227
-5.48389
-5.48454
-5.48292
-5.48357
-5.48324
-5.48292
-5.48065
-5.47968
-5.48
-5.47806
-5.47903
-5.4787
-5.4787
-5.47838
-5.47903
-5.47676
-5.4787
-5.47773
-5.47838
-5.47903
-5.47838
-5.47806
-5.47903
-5.48065
-5.48065
-5.48259
-5.48
-5.48
-5.4787
-5.47805
-5.47773
-5.48129
-5.48194
-5.48064
-5.48129
-5.48097
-5.48129
-5.48226
-5.47967
-5.47902
-5.48194
-5.48259
-5.48227
-5.48291
-5.48129
-5.48032
-5.48064
-5.48161
-5.48129
-5.48129
-5.48194
-5.48227
-5.48227
-5.48129
-5.48258
-5.48096
-5.48129
-5.48194
-5.48356
-5.48453
-5.48356
-5.48259
-5.48518
-5.48777
-5.48841
-5.48744
-5.48647
-5.48614
-5.4842
-5.48485
-5.48258
-5.48258
-5.48064
-5.48064
-5.48161
-5.48193
-5.48258
-5.48258
-5.48258
-5.48452
-5.48549
-5.48549
-5.48419
-5.4829
-5.48354
-5.48451
-5.48257
-5.48225
-5.4816
-5.47901
-5.48031
-5.48096
-5.47999
-5.47934
-5.47837
-5.47804
-5.48095
-5.48484
-5.48452
-5.48193
-5.47901
-5.47966
-5.47804
-5.47901
-5.47739
-5.47836
-5.47739
-5.47804
-5.47868
-5.47868
-5.47836
-5.47868
-5.48095
-5.48224
-5.48128
-5.4816
-5.48193
-5.48064
-5.48031
-5.47998
-5.47933
-5.47965
-5.48127
-5.48191
-5.48127
-5.47965
-5.48095
-5.47868
-5.48127
-5.48062
-5.48289
-5.48192
-5.48257
-5.48095
-5.4803
-5.48127
-5.47836
-5.47868
-5.47706
-5.47738
-5.47932
-5.47802
-5.47802
-5.47899
-5.47932
-5.47867
-5.48158
-5.48094
-5.479
-5.47803
-5.47609
-5.47803
-5.47738
-5.47479
-5.47447
-5.47285
-5.47155
-5.47317
-5.47285
-5.47414
-5.47479
-5.47576
-5.4764
-5.47608
-5.4777
-5.47802
-5.47738
-5.47867
-5.47964
-5.47931
-5.47964
-5.47932
-5.48094
-5.48224
-5.48191
-5.48418
-5.48321
-5.48353
-5.48548
-5.48774
-5.4845
-5.48191
-5.48029
-5.48223
-5.48385
-5.48256
-5.48256
-5.48353
-5.4832
-5.48126
-5.48191
-5.48094
-5.48126
-5.48224
-5.47997
-5.48029
-5.48126
-5.48127
-5.48094
-5.4803
-5.47965
-5.47738
-5.47835
-5.47641
-5.47705
-5.47738
-5.47511
-5.47544
-5.47803
-5.48094
-5.47933
-5.47998
-5.48062
-5.479
-5.479
-5.47933
-5.47739
-5.47577
-5.47512
-5.47674
-5.47738
-5.47641
-5.47673
-5.47641
-5.47836
-5.47933
-5.4816
-5.48127
-5.4816
-5.48225
-5.48289
-5.48322
-5.48225
-5.48289
-5.48289
-5.48386
-5.48224
-5.48127
-5.48062
-5.47803
-5.4803
-5.4803
-5.48127
-5.47901
-5.47868
-5.4803
-5.47933
-5.47739
-5.47868
-5.47803
-5.47641
-5.47835
-5.47738
-5.47867
-5.47867
-5.47899
-5.47964
-5.4777
-5.47932
-5.47835
-5.48029
-5.47867
-5.47964
-5.47964
-5.48061
-5.48061
-5.48061
-5.48061
-5.48158
-5.48093
-5.48223
-5.47997
-5.48061
-5.47932
-5.48029
-5.47899
-5.47834
-5.48028
-5.48028
-5.48028
-5.48093
-5.47964
-5.48029
-5.48094
-5.47802
-5.47932
-5.48126
-5.47997
-5.479
-5.48191
-5.48223
-5.48223
-5.48223
-5.48288
-5.48256
-5.48256
-5.48223
-5.48126
-5.48125
-5.48287
-5.48222
-5.48352
-5.4819
-5.4819
-5.48191
-5.48029
-5.47835
-5.47932
-5.48061
-5.47899
-5.4777
-5.4764
-5.47931
-5.47769
-5.47704
-5.47898
-5.48028
-5.4806
-5.47963
-5.47996
-5.47834
-5.47996
-5.47834
-5.47899
-5.48028
-5.48093
-5.48158
-5.48093
-5.47931
-5.47866
-5.48157
-5.48093
-5.48222
-5.48449
-5.48352
-5.48158
-5.48223
-5.48191
-5.48029
-5.48093
-5.47736
-5.47574
-5.47574
-5.47477
-5.47348
-5.47412
-5.47768
-5.47671
-5.47736
-5.47833
-5.47995
-5.47736
-5.47833
-5.47768
-5.47736
-5.47736
-5.47768
-5.47865
-5.47736
-5.4793
-5.47931
-5.47963
-5.47931
-5.47931
-5.47963
-5.48092
-5.48027
-5.48189
-5.48254
-5.48156
-5.48124
-5.48254
-5.48383
-5.48319
-5.48157
-5.47931
-5.47931
-5.47736
-5.47963
-5.47768
-5.47801
-5.47898
-5.47736
-5.47963
-5.47704
-5.47865
-5.47898
-5.4806
-5.48027
-5.48092
-5.48059
-5.47897
-5.47865
-5.48059
-5.47865
-5.4806
-5.47833
-5.48092
-5.48092
-5.47833
-5.478
-5.4793
-5.47865
-5.47962
-5.47994
-5.47994
-5.4793
-5.47671
-5.47606
-5.47606
-5.47444
-5.47509
-5.47509
-5.47639
-5.47574
-5.47735
-5.48027
-5.48027
-5.48189
-5.47995
-5.47963
-5.48223
-5.48158
-5.4819
-5.48028
-5.48158
-5.48416
-5.48449
-5.48319
-5.48578
-5.48481
-5.48287
-5.48254
-5.4806
-5.48351
-5.48157
-5.47995
-5.47963
-5.47769
-5.47769
-5.47931
-5.47931
-5.47963
-5.47899
-5.47931
-5.48158
-5.48028
-5.4806
-5.47866
-5.47704
-5.47899
-5.48125
-5.48126
-5.48158
-5.4819
-5.4819
-5.48222
-5.48255
-5.48416
-5.48448
-5.48351
-5.48319
-5.48416
-5.48287
-5.48125
-5.48028
-5.47931
-5.47802
-5.47769
-5.47802
-5.47802
-5.47899
-5.47898
-5.48028
-5.47898
-5.47736
-5.47996
-5.48028
-5.48028
-5.47995
-5.47996
-5.47963
-5.47963
-5.48125
-5.48157
-5.47866
-5.47963
-5.47963
-5.47801
-5.47834
-5.48028
-5.48028
-5.4806
-5.4819
-5.4806
-5.47963
-5.47737
-5.47834
-5.47801
-5.47801
-5.47801
-5.47833
-5.47801
-5.47995
-5.47963
-5.48028
-5.47996
-5.47931
-5.47964
-5.47737
-5.47704
-5.47834
-5.48028
-5.48093
-5.48255
-5.48222
-5.48222
-5.48255
-5.4819
-5.48288
-5.48191
-5.47996
-5.48094
-5.48029
-5.47737
-5.47802
-5.48158
-5.4819
-5.47996
-5.47964
-5.47867
-5.47834
-5.47769
-5.4764
-5.47769
-5.47737
-5.4777
-5.47899
-5.4777
-5.47802
-5.47899
-5.47867
-5.47834
-5.47996
-5.47963
-5.47996
-5.48028
-5.48223
-5.4832
-5.48352
-5.48417
-5.48514
-5.4832
-5.48417
-5.48223
-5.48028
-5.47899
-5.47802
-5.47932
-5.47932
-5.47673
-5.4777
-5.47737
-5.47769
-5.47543
-5.47478
-5.47381
-5.47673
-5.47835
-5.47834
-5.47737
-5.47899
-5.47964
-5.47964
-5.48125
-5.48157
-5.48157
-5.4819
-5.48158
-5.48029
-5.47964
-5.48158
-5.48125
-5.48223
-5.48125
-5.4832
-5.48255
-5.48028
-5.47963
-5.47801
-5.47995
-5.47963
-5.47931
-5.47769
-5.47866
-5.47866
-5.48061
-5.4819
-5.48255
-5.48255
-5.48255
-5.48287
-5.48254
-5.48287
-5.48287
-5.48125
-5.47898
-5.48125
-5.48287
-5.48417
-5.48352
-5.48288
-5.48094
-5.48126
-5.48255
-5.48417
-5.48288
-5.48028
-5.47996
-5.48061
-5.48287
-5.48417
-5.48287
-5.48125
-5.48255
-5.4819
-5.48255
-5.4819
-5.48255
-5.48061
-5.47964
-5.47899
-5.47867
-5.48028
-5.48028
-5.48093
-5.47963
-5.48028
-5.4819
-5.48319
-5.48222
-5.48384
-5.48352
-5.48384
-5.48384
-5.48352
-5.48481
-5.48546
-5.48481
-5.48287
-5.48254
-5.48222
-5.48189
-5.48189
-5.48092
-5.4806
-5.47962
-5.47962
-5.47995
-5.47865
-5.478
-5.47963
-5.47963
-5.48093
-5.48125
-5.47898
-5.47865
-5.47898
-5.48092
-5.48189
-5.48027
-5.48286
-5.4848
-5.48221
-5.48286
-5.48124
-5.47995
-5.47962
-5.4806
-5.47833
-5.47801
-5.47898
-5.48027
-5.48059
-5.48092
-5.48286
-5.48059
-5.47963
-5.48124
-5.48189
-5.48351
-5.48254
-5.48416
-5.48577
-5.48448
-5.48351
-5.48351
-5.48416
-5.48545
-5.48448
-5.48513
-5.48448
-5.48383
-5.48383
-5.48059
-5.47962
-5.47962
-5.478
-5.47703
-5.47703
-5.47801
-5.47768
-5.48157
-5.48448
-5.48449
-5.48675
-5.48675
-5.48514
-5.48352
-5.48254
-5.48286
-5.48222
-5.48059
-5.4793
-5.4793
-5.4793
-5.47865
-5.47736
-5.47736
-5.47834
-5.47672
-5.47607
-5.47672
-5.47542
-5.47704
-5.47575
-5.47866
-5.47769
-5.47511
-5.47802
-5.47932
-5.47705
-5.47543
-5.47802
-5.47964
-5.48126
-5.48093
-5.48223
-5.48126
-5.48125
-5.4819
-5.48223
-5.48223
-5.4832
-5.48353
-5.48482
-5.48255
-5.48255
-5.47996
-5.4819
-5.48352
-5.48417
-5.48352
-5.48319
-5.48125
-5.4806
-5.47931
-5.47931
-5.47801
-5.47833
-5.47769
-5.47866
-5.47704
-5.47802
-5.47802
-5.47866
-5.47737
-5.47736
-5.47704
-5.47898
-5.47898
-5.47866
-5.47833
-5.47866
-5.47899
-5.47899
-5.47899
-5.4777
-5.48029
-5.47932
-5.47867
-5.47997
-5.48029
-5.48126
-5.4819
-5.48255
-5.48158
-5.48417
-5.4832
-5.4819
-5.4819
-5.4819
-5.47995
-5.48028
-5.47931
-5.48125
-5.48255
-5.48352
-5.48352
-5.48578
-5.48643
-5.48481
-5.48449
-5.48352
-5.48482
-5.48417
-5.48352
-5.48481
-5.48546
-5.48578
-5.48481
-5.48416
-5.48545
-5.48578
-5.48545
-5.48383
-5.48189
-5.47962
-5.48189
-5.48189
-5.48125
-5.4793
-5.47963
-5.48157
-5.4793
-5.47898
-5.48092
-5.48027
-5.47994
-5.47768
-5.48059
-5.48124
-5.47995
-5.4793
-5.47703
-5.47412
-5.47282
-5.47217
-5.47411
-5.47444
-5.47541
-5.47638
-5.47638
-5.47865
-5.47994
-5.48091
-5.48253
-5.48383
-5.48351
-5.48319
-5.48351
-5.48448
-5.48416
-5.48448
-5.48513
-5.48513
-5.48577
-5.48415
-5.48253
-5.48285
-5.4822
-5.4822
-5.48253
-5.48221
-5.48351
-5.48189
-5.47995
-5.48028
-5.47898
-5.47995
-5.47995
-5.4806
-5.48059
-5.48027
-5.47929
-5.47832
-5.47929
-5.48091
-5.48026
-5.478
-5.47703
-5.478
-5.47736
-5.47995
-5.48027
-5.48157
-5.48221
-5.48157
-5.48092
-5.48059
-5.47994
-5.48156
-5.48027
-5.48189
-5.4806
-5.47865
-5.47994
-5.47897
-5.48026
-5.47962
-5.47897
-5.47961
-5.47832
-5.47832
-5.47832
-5.47962
-5.48124
-5.47898
-5.47769
-5.47833
-5.47671
-5.47574
-5.47703
-5.47638
-5.47638
-5.47703
-5.47638
-5.47832
-5.47735
-5.47832
-5.47864
-5.47864
-5.47994
-5.48027
-5.47865
-5.4793
-5.4793
-5.48059
-5.48092
-5.47995
-5.48156
-5.48027
-5.48124
-5.48092
-5.48124
-5.48286
-5.48415
-5.48221
-5.48253
-5.48188
-5.48026
-5.48188
-5.48091
-5.48027
-5.48059
-5.48027
-5.48253
-5.48318
-5.47995
-5.48059
-5.48027
-5.478
-5.4806
-5.48092
-5.47962
-5.47832
-5.47929
-5.47962
-5.47897
-5.47962
-5.47994
-5.48027
-5.48156
-5.47994
-5.47864
-5.47767
-5.47961
-5.48156
-5.48026
-5.48059
-5.48091
-5.48124
-5.48091
-5.4835
-5.48091
-5.48059
-5.47897
-5.47767
-5.47638
-5.47734
-5.47734
-5.47799
-5.47831
-5.47799
-5.47637
-5.4767
-5.47605
-5.47606
-5.47735
-5.478
-5.47897
-5.48059
-5.48092
-5.48092
-5.48059
-5.478
-5.47833
-5.47671
-5.47735
-5.47735
-5.47541
-5.4767
-5.47606
-5.47865
-5.47832
-5.47832
-5.47767
-5.47605
-5.47702
-5.47573
-5.47508
-5.47638
-5.47476
-5.47508
-5.47606
-5.47833
-5.47963
-5.4806
-5.48286
-5.48319
-5.48513
-5.48254
-5.48416
-5.48157
-5.48092
-5.47995
-5.47962
-5.47865
-5.47768
-5.47639
-5.478
-5.47865
-5.47833
-5.4793
-5.47735
-5.47735
-5.47736
-5.47898
-5.47995
-5.48157
-5.48157
-5.47995
-5.47995
-5.47962
-5.47898
-5.47735
-5.47929
-5.47799
-5.47832
-5.47962
-5.47768
-5.47833
-5.47801
-5.47801
-5.48157
-5.48092
-5.48319
-5.48351
-5.48448
-5.48642
-5.48448
-5.48351
-5.48448
-5.4861
-5.48513
-5.48448
-5.48319
-5.48448
-5.48222
-5.48125
-5.48222
-5.48254
-5.48189
-5.48125
-5.48189
-5.48222
-5.48286
-5.48189
-5.48092
-5.4806
-5.47963
-5.48189
-5.4806
-5.48092
-5.4806
-5.47995
-5.48028
-5.4793
-5.47865
-5.47962
-5.48221
-5.48027
-5.47994
-5.47994
-5.47962
-5.47994
-5.48092
-5.47963
-5.48125
-5.48093
-5.48125
-5.48352
-5.4819
-5.4819
-5.48222
-5.48125
-5.4806
-5.47995
-5.48157
-5.4806
-5.48286
-5.48125
-5.48093
-5.47802
-5.47931
-5.47964
-5.47996
-5.47931
-5.47769
-5.47672
-5.47963
-5.47931
-5.47769
-5.47704
-5.47607
-5.47348
-5.47348
-5.47283
-5.47445
-5.47542
-5.47704
-5.47834
-5.47931
-5.48288
-5.48191
-5.4832
-5.48288
-5.48288
-5.48029
-5.48159
-5.48353
-5.48256
-5.48061
-5.48126
-5.48029
-5.47932
-5.47932
-5.47997
-5.47997
-5.48159
-5.48223
-5.48093
-5.47964
-5.47964
-5.47964
-5.47673
-5.47738
-5.47835
-5.479
-5.47997
-5.47965
-5.47803
-5.47771
-5.47997
-5.48094
-5.48159
-5.48224
-5.48321
-5.48353
-5.48321
-5.48191
-5.47965
-5.47997
-5.48159
-5.48288
-5.48288
-5.48159
-5.48224
-5.48288
-5.48385
-5.47997
-5.47738
-5.47641
-5.47641
-5.47544
-5.47771
-5.47738
-5.47544
-5.47674
-5.47674
-5.47965
-5.479
-5.47738
-5.47803
-5.47706
-5.4777
-5.48029
-5.48094
-5.48224
-5.48353
-5.48612
-5.48353
-5.48418
-5.48515
-5.48321
-5.48224
-5.48224
-5.48126
-5.48223
-5.4819
-5.47996
-5.48093
-5.48125
-5.48061
-5.48126
-5.47964
-5.47899
-5.48029
-5.47996
-5.47964
-5.47866
-5.47801
-5.47866
-5.47866
-5.47963
-5.48092
-5.48222
-5.48189
-5.48092
-5.48093
-5.48222
-5.4819
-5.48319
-5.48287
-5.48352
-5.48287
-5.48125
-5.48351
-5.48546
-5.48546
-5.48675
-5.48417
-5.48611
-5.48514
-5.48416
-5.4819
-5.48319
-5.48157
-5.48189
-5.47963
-5.47963
-5.47931
-5.47995
-5.4819
-5.48157
-5.4819
-5.48287
-5.47963
-5.47898
-5.47833
-5.47801
-5.47704
-5.47736
-5.47866
-5.47931
-5.47996
-5.47899
-5.47769
-5.47672
-5.47964
-5.47964
-5.47866
-5.48061
-5.47964
-5.47963
-5.48028
-5.48158
-5.48158
-5.48126
-5.48223
-5.48126
-5.48126
-5.48191
-5.48126
-5.48158
-5.48223
-5.47996
-5.47964
-5.47964
-5.48255
-5.48223
-5.48094
-5.48062
-5.48127
-5.48127
-5.48127
-5.48029
-5.47803
-5.4777
-5.47738
-5.47932
-5.47867
-5.47737
-5.47705
-5.47673
-5.47576
-5.47576
-5.47802
-5.47803
-5.47835
-5.4777
-5.47673
-5.47867
-5.48126
-5.48256
-5.48353
-5.48191
-5.48256
-5.48127
-5.47965
-5.47836
-5.47836
-5.47738
-5.479
-5.47803
-5.47641
-5.47576
-5.47478
-5.47511
-5.47543
-5.47738
-5.47705
-5.47738
-5.4777
-5.47932
-5.4803
-5.48224
-5.48288
-5.48353
-5.48385
-5.48256
-5.48288
-5.48224
-5.48192
-5.48354
-5.48289
-5.48224
-5.48062
-5.47932
-5.479
-5.47803
-5.47868
-5.48062
-5.47965
-5.479
-5.479
-5.48256
-5.48289
-5.4845
-5.48353
-5.48256
-5.48094
-5.47835
-5.47965
-5.47965
-5.47738
-5.47803
-5.47867
-5.47997
-5.48094
-5.48094
-5.48095
-5.48192
-5.47965
-5.479
-5.47706
-5.47609
-5.47771
-5.47771
-5.4777
-5.47932
-5.47932
-5.47932
-5.47899
-5.47932
-5.47932
-5.48256
-5.48191
-5.48385
-5.4845
-5.48256
-5.48159
-5.47965
-5.48127
-5.48095
-5.48062
-5.4803
-5.48288
-5.48482
-5.48385
-5.48158
-5.48158
-5.48353
-5.48385
-5.48353
-5.48483
-5.48483
-5.48321
-5.48321
-5.48192
-5.48257
-5.4803
-5.4803
-5.48095
-5.48062
-5.48159
-5.48094
-5.479
-5.47836
-5.4803
-5.4816
-5.47998
-5.47998
-5.47998
-5.48063
-5.47965
-5.47868
-5.47836
-5.47901
-5.4803
-5.47836
-5.47739
-5.47771
-5.47901
-5.4803
-5.47739
-5.47966
-5.4803
-5.48031
-5.47869
-5.47642
-5.4748
-5.47545
-5.47513
-5.47577
-5.47675
-5.47901
-5.48063
-5.48063
-5.48257
-5.48321
-5.48322
-5.48127
-5.48063
-5.47966
-5.48258
-5.48128
-5.4829
-5.48193
-5.48225
-5.48128
-5.47933
-5.47771
-5.47706
-5.47738
-5.47803
-5.47868
-5.47771
-5.47836
-5.47933
-5.47771
-5.47674
-5.47609
-5.47771
-5.47609
-5.47836
-5.47836
-5.47868
-5.47771
-5.48224
-5.48029
-5.4803
-5.48062
-5.48063
-5.48063
-5.48387
-5.48322
-5.48258
-5.48031
-5.48031
-5.48096
-5.48355
-5.48193
-5.48322
-5.48322
-5.48452
-5.48484
-5.48451
-5.48095
-5.48095
-5.48225
-5.4816
-5.48095
-5.4803
-5.48063
-5.48063
-5.48095
-5.47901
-5.47869
-5.47998
-5.47804
-5.4774
-5.4748
-5.47416
-5.47286
-5.47448
-5.47707
-5.47739
-5.47772
-5.47707
-5.47642
-5.47933
-5.48127
-5.48192
-5.48159
-5.48062
-5.4803
-5.48159
-5.48224
-5.48127
-5.48192
-5.4803
-5.4803
-5.4803
-5.47965
-5.47835
-5.47803
-5.47933
-5.48321
-5.48353
-5.48451
-5.48613
-5.48613
-5.48613
-5.48484
-5.48484
-5.48581
-5.48549
-5.48484
-5.48063
-5.47933
-5.47998
-5.47804
-5.47804
-5.47771
-5.47901
-5.47674
-5.47707
-5.47869
-5.47966
-5.47966
-5.47966
-5.47901
-5.48193
-5.4829
-5.48257
-5.48387
-5.48257
-5.4829
-5.48355
-5.48452
-5.48549
-5.48354
-5.48484
-5.48387
-5.48484
-5.48224
-5.4803
-5.48095
-5.47933
-5.47901
-5.48095
-5.48386
-5.48257
-5.47901
-5.47966
-5.48128
-5.4803
-5.47933
-5.4816
-5.48063
-5.47707
-5.47772
-5.47869
-5.4774
-5.47772
-5.48031
-5.47998
-5.48031
-5.48128
-5.48128
-5.48128
-5.48063
-5.47998
-5.48062
-5.48062
-5.48127
-5.47965
-5.47997
-5.48063
-5.48095
-5.48322
-5.48354
-5.48225
-5.47966
-5.47966
-5.47998
-5.47998
-5.47868
-5.47901
-5.4816
-5.48095
-5.4803
-5.479
-5.479
-5.47997
-5.48127
-5.48127
-5.48354
-5.48322
-5.4829
-5.47901
-5.47739
-5.47545
-5.47577
-5.47641
-5.47609
-5.47803
-5.47803
-5.47641
-5.47738
-5.47868
-5.4803
-5.48062
-5.47965
-5.47932
-5.47965
-5.48029
-5.47867
-5.47965
-5.48159
-5.48191
-5.48159
-5.47998
-5.47933
-5.47707
-5.47707
-5.47933
-5.47965
-5.47933
-5.47803
-5.47965
-5.4803
-5.48062
-5.4803
-5.4803
-5.47868
-5.4803
-5.48095
-5.48127
-5.48321
-5.48354
-5.48257
-5.48192
-5.48289
-5.48289
-5.48354
-5.48483
-5.48419
-5.48289
-5.48387
-5.48257
-5.48192
-5.48225
-5.47998
-5.47706
-5.47609
-5.47641
-5.47706
-5.47998
-5.47965
-5.47901
-5.48063
-5.47998
-5.47739
-5.47674
-5.47739
-5.47868
-5.47932
-5.48029
-5.48062
-5.48094
-5.48095
-5.48127
-5.48127
-5.48289
-5.4829
-5.48193
-5.48128
-5.48128
-5.48031
-5.47642
-5.47545
-5.4748
-5.47642
-5.47836
-5.47965
-5.48225
-5.48095
-5.48063
-5.47933
-5.47933
-5.47771
-5.47868
-5.47901
-5.47933
-5.47932
-5.47803
-5.47836
-5.47706
-5.47804
-5.47901
-5.47868
-5.4803
-5.47901
-5.47998
-5.48127
-5.48224
-5.48127
-5.48094
-5.479
-5.47802
-5.47738
-5.4777
-5.47738
-5.479
-5.47965
-5.47901
-5.47901
-5.47674
-5.47966
-5.4803
-5.47966
-5.48062
-5.48062
-5.47836
-5.47706
-5.47771
-5.47706
-5.47771
-5.47674
-5.47577
-5.47674
-5.47577
-5.47641
-5.47933
-5.4803
-5.47868
-5.47933
-5.47998
-5.48128
-5.48063
-5.48192
-5.4803
-5.4803
-5.48062
-5.47998
-5.4816
-5.47998
-5.4816
-5.48031
-5.47869
-5.47869
-5.47836
-5.48127
-5.48192
-5.48062
-5.48191
-5.48062
-5.48191
-5.48192
-5.48354
-5.48257
-5.48063
-5.47771
-5.47836
-5.47707
-5.47674
-5.47998
-5.47966
-5.47965
-5.47739
-5.47836
-5.47609
-5.47868
-5.48062
-5.48094
-5.48127
-5.47933
-5.47868
-5.47836
-5.47804
-5.47933
-5.47738
-5.47803
-5.47738
-5.47835
-5.47674
-5.47674
-5.47544
-5.47577
-5.47674
-5.47933
-5.48062
-5.48159
-5.47933
-5.47965
-5.4803
-5.48063
-5.48224
-5.48127
-5.47997
-5.479
-5.479
-5.47738
-5.47836
-5.47901
-5.48192
-5.48192
-5.48192
-5.47998
-5.48128
-5.48192
-5.48192
-5.48062
-5.479
-5.47867
-5.47964
-5.48191
-5.48288
-5.48386
-5.48159
-5.48192
-5.48095
-5.48289
-5.48225
-5.48095
-5.48063
-5.48063
-5.4803
-5.4803
-5.47868
-5.47965
-5.48062
-5.48353
-5.48386
-5.48288
-5.48353
-5.48321
-5.48192
-5.48127
-5.48289
-5.48419
-5.48321
-5.48257
-5.48159
-5.48192
-5.48062
-5.47868
-5.47771
-5.47836
-5.479
-5.47836
-5.47933
-5.47965
-5.47997
-5.4777
-5.47964
-5.47867
-5.48029
-5.47997
-5.48095
-5.48127
-5.48257
-5.4829
-5.48128
-5.4803
-5.48062
-5.47997
-5.47997
-5.47835
-5.47932
-5.48126
-5.48223
-5.48417
-5.48482
-5.48612
-5.48418
-5.4858
-5.48419
-5.48257
-5.48419
-5.48355
-5.4829
-5.48128
-5.4829
-5.48225
-5.4803
-5.47868
-5.47771
-5.47869
-5.48063
-5.47998
-5.48095
-5.4803
-5.47998
-5.47836
-5.47836
-5.47933
-5.47933
-5.47998
-5.47772
-5.47674
-5.47675
-5.4761
-5.47578
-5.47642
-5.47674
-5.47868
-5.47738
-5.47997
-5.47932
-5.47739
-5.47739
-5.47869
-5.47902
-5.47773
-5.47837
-5.4774
-5.47934
-5.47804
-5.47836
-5.48094
-5.48127
-5.48062
-5.48029
-5.4803
-5.47836
-5.47869
-5.48063
-5.48258
-5.48419
-5.48517
-5.48323
-5.48322
-5.48161
-5.47901
-5.48096
-5.48095
-5.4803
-5.47965
-5.47868
-5.47803
-5.47738
-5.47965
-5.47836
-5.47934
-5.47869
-5.47869
-5.47804
-5.47869
-5.47707
-5.47868
-5.48095
-5.48127
-5.48257
-5.4803
-5.48063
-5.4803
-5.47965
-5.47868
-5.4803
-5.48095
-5.4803
-5.48128
-5.48386
-5.48257
-5.48322
-5.48451
-5.48257
-5.48322
-5.4816
-5.48127
-5.4816
-5.48095
-5.48062
-5.48063
-5.48192
-5.47966
-5.47869
-5.47837
-5.47642
-5.47513
-5.47415
-5.47318
-5.47285
-5.47415
-5.47577
-5.47641
-5.47609
-5.47836
-5.47771
-5.47901
-5.48386
-5.48516
-5.48451
-5.48516
-5.48192
-5.47965
-5.47998
-5.47771
-5.47933
-5.47933
-5.4816
-5.48451
-5.48387
-5.48451
-5.48516
-5.48451
-5.48289
-5.48386
-5.48257
-5.48192
-5.48224
-5.48159
-5.48192
-5.48387
-5.48192
-5.48192
-5.48225
-5.48095
-5.48257
-5.48224
-5.48322
-5.48321
-5.48257
-5.48224
-5.48192
-5.48062
-5.47965
-5.47836
-5.47868
-5.479
-5.4803
-5.48062
-5.48127
-5.48321
-5.48386
-5.48515
-5.48645
-5.48548
-5.48483
-5.48192
-5.48224
-5.48289
-5.48289
-5.48548
-5.48807
-5.48775
-5.48613
-5.48386
-5.48127
-5.48289
-5.48095
-5.4803
-5.47965
-5.47901
-5.47965
-5.47998
-5.48192
-5.48289
-5.48321
-5.48386
-5.48289
-5.48289
-5.48386
-5.47997
-5.479
-5.47803
-5.47771
-5.47836
-5.47869
-5.47901
-5.47901
-5.47739
-5.47901
-5.47933
-5.4803
-5.4816
-5.48063
-5.48192
-5.48451
-5.48322
-5.48225
-5.48192
-5.4816
-5.48322
-5.48128
-5.48063
-5.48128
-5.48063
-5.47869
-5.4803
-5.48192
-5.48192
-5.47966
-5.48095
-5.48095
-5.48192
-5.48192
-5.4816
-5.48225
-5.48322
-5.48257
-5.48128
-5.48095
-5.48063
-5.48095
-5.48419
-5.48289
-5.48127
-5.48095
-5.48031
-5.48096
-5.48128
-5.48258
-5.4829
-5.4816
-5.48289
-5.4803
-5.47998
-5.47868
-5.47901
-5.47933
-5.48063
-5.47966
-5.47901
-5.47837
-5.47739
-5.47707
-5.47674
-5.47707
-5.47512
-5.47545
-5.47706
-5.47868
-5.47998
-5.47933
-5.48063
-5.47998
-5.47998
-5.47837
-5.47804
-5.47869
-5.48063
-5.48128
-5.48128
-5.48031
-5.48063
-5.48193
-5.47999
-5.48193
-5.48193
-5.48193
-5.4842
-5.48387
-5.48323
-5.48161
-5.48387
-5.4829
-5.48484
-5.48419
-5.48452
-5.48355
-5.48388
-5.48518
-5.48679
-5.48679
-5.48647
-5.48517
-5.48452
-5.48484
-5.48387
-5.48387
-5.4829
-5.48258
-5.48193
-5.48193
-5.48323
-5.48161
-5.48129
-5.47966
-5.47837
-5.47902
-5.4761
-5.47772
-5.47902
-5.47869
-5.48031
-5.48064
-5.48032
-5.48
-5.4787
-5.47805
-5.47805
-5.47773
-5.47902
-5.48064
-5.48064
-5.48
-5.48064
-5.48194
-5.48129
-5.48194
-5.48194
-5.48065
-5.48
-5.48097
-5.47968
-5.48
-5.48064
-5.48161
-5.48193
-5.48161
-5.48161
-5.47934
-5.4787
-5.48032
-5.48
-5.47935
-5.48259
-5.48065
-5.4787
-5.47773
-5.47838
-5.47837
-5.47773
-5.48129
-5.48226
-5.48323
-5.48485
-5.48485
-5.48291
-5.48194
-5.48097
-5.48064
-5.48129
-5.48194
-5.48258
-5.48355
-5.48291
-5.48388
-5.48324
-5.48227
-5.48065
-5.48
-5.48194
-5.48194
-5.48194
-5.48452
-5.48549
-5.48387
-5.48322
-5.48257
-5.48161
-5.47999
-5.47967
-5.47968
-5.47871
-5.47935
-5.47805
-5.48129
-5.48128
-5.48096
-5.48387
-5.48679
-5.48582
-5.48582
-5.48518
-5.48485
-5.4855
-5.48388
-5.48356
-5.48259
-5.48226
-5.48355
-5.48355
-5.48549
-5.48581
-5.48581
-5.48549
-5.48354
-5.4829
-5.48419
-5.48387
-5.48517
-5.48355
-5.48258
-5.48485
-5.48291
-5.48226
-5.48096
-5.48193
-5.47999
-5.48031
-5.4816
-5.48063
-5.47901
-5.47934
-5.47869
-5.47772
-5.47772
-5.47578
-5.47901
-5.47966
-5.47966
-5.48161
-5.48194
-5.48226
-5.48129
-5.48097
-5.48
-5.47902
-5.47805
-5.47999
-5.47934
-5.47934
-5.47902
-5.47999
-5.48129
-5.48226
-5.4829
-5.48193
-5.48226
-5.48161
-5.47999
-5.47999
-5.47902
-5.4787
-5.47967
-5.48097
-5.48129
-5.48129
-5.48097
-5.48032
-5.48032
-5.47935
-5.47741
-5.47773
-5.47837
-5.47999
-5.47934
-5.47869
-5.4787
-5.48032
-5.47902
-5.47935
-5.4787
-5.4787
-5.47773
-5.47773
-5.47903
-5.47903
-5.47741
-5.47968
-5.48097
-5.48162
-5.48097
-5.48227
-5.48194
-5.48097
-5.48065
-5.48129
-5.48324
-5.48195
-5.47871
-5.47839
-5.47742
-5.47644
-5.47644
-5.47611
-5.47644
-5.47676
-5.47708
-5.47837
-5.4774
-5.47676
-5.47838
-5.47805
-5.47676
-5.47805
-5.47838
-5.48097
-5.47903
-5.47968
-5.48194
-5.48162
-5.48226
-5.48097
-5.48
-5.48032
-5.47935
-5.47968
-5.48
-5.48
-5.47935
-5.47805
-5.4787
-5.47999
-5.48
-5.48129
-5.48065
-5.47968
-5.4813
-5.48162
-5.47935
-5.4787
-5.48097
-5.48032
-5.48065
-5.48032
-5.48
-5.47805
-5.47805
-5.47838
-5.47805
-5.47708
-5.47708
-5.47773
-5.4787
-5.47806
-5.47967
-5.48129
-5.48388
-5.48356
-5.48097
-5.48065
-5.48097
-5.48033
-5.47871
-5.47676
-5.47579
-5.47805
-5.4787
-5.47999
-5.47837
-5.47676
-5.47999
-5.48064
-5.48161
-5.48129
-5.48097
-5.48259
-5.48
-5.47968
-5.48033
-5.47903
-5.47838
-5.4787
-5.47967
-5.48
-5.47967
-5.48162
-5.48226
-5.48194
-5.48097
-5.48097
-5.48259
-5.48097
-5.48194
-5.48194
-5.48227
-5.48292
-5.48227
-5.4826
-5.48195
-5.48162
-5.48033
-5.47935
-5.47935
-5.47806
-5.47644
-5.47968
-5.48
-5.48292
-5.4855
-5.48518
-5.48389
-5.48292
-5.48292
-5.48066
-5.48162
-5.48032
-5.47967
-5.48064
-5.47967
-5.48
-5.48291
-5.48324
-5.48453
-5.48194
-5.48194
-5.48291
-5.48162
-5.48291
-5.48323
-5.48258
-5.48453
-5.48517
-5.48323
-5.48162
-5.48097
-5.48162
-5.4813
-5.48195
-5.48098
-5.48
-5.47968
-5.47644
-5.47903
-5.48097
-5.48129
-5.48129
-5.48096
-5.48
-5.4787
-5.47838
-5.47709
-5.48001
-5.48098
-5.4813
-5.48097
-5.48
-5.48
-5.48
-5.48032
-5.48161
-5.48323
-5.48129
-5.48129
-5.47871
-5.47935
-5.48033
-5.47677
-5.47644
-5.47968
-5.47903
-5.4787
-5.47903
-5.48097
-5.48032
-5.47935
-5.48194
-5.48065
-5.48065
-5.48259
-5.48163
-5.4813
-5.48422
-5.48422
-5.48357
-5.4813
-5.48097
-5.48291
-5.48097
-5.48064
-5.47903
-5.47806
-5.4787
-5.47676
-5.4787
-5.48064
-5.48129
-5.47999
-5.47869
-5.47869
-5.47772
-5.47967
-5.48097
-5.48065
-5.47967
-5.48
-5.47838
-5.47934
-5.4774
-5.4774
-5.48063
-5.48096
-5.48064
-5.48193
-5.47999
-5.48291
-5.48194
-5.48064
-5.47837
-5.47934
-5.47772
-5.47805
-5.47999
-5.47999
-5.48322
-5.48193
-5.47999
-5.48096
-5.48128
-5.48096
-5.48063
-5.48064
-5.47902
-5.47966
-5.47772
-5.47837
-5.47966
-5.47804
-5.47966
-5.48063
-5.48225
-5.48354
-5.48354
-5.4816
-5.48128
-5.48225
-5.48128
-5.48031
-5.48063
-5.48258
-5.48387
-5.48323
-5.48161
-5.47967
-5.47934
-5.47804
-5.47577
-5.47642
-5.47706
-5.47803
-5.47836
-5.47642
-5.47707
-5.4761
-5.47739
-5.47739
-5.47836
-5.47577
-5.47642
-5.47674
-5.47739
-5.47837
-5.47869
-5.48064
-5.47967
-5.48031
-5.47999
-5.48031
-5.4816
-5.47998
-5.48031
-5.47901
-5.47869
-5.47901
-5.47869
-5.47772
-5.47869
-5.47998
-5.48063
-5.47966
-5.48225
-5.48128
-5.4816
-5.48225
-5.48096
-5.47998
-5.47966
-5.47642
-5.47771
-5.47868
-5.48128
-5.4816
-5.48031
-5.48063
-5.48128
-5.47966
-5.48095
-5.48192
-5.48354
-5.48192
-5.48354
-5.48257
-5.48419
-5.48484
-5.48614
-5.48258
-5.48128
-5.48225
-5.48031
-5.47804
-5.47804
-5.47836
-5.47868
-5.47771
-5.47545
-5.47739
-5.47772
-5.47675
-5.47707
-5.47707
-5.47933
-5.47998
-5.47868
-5.48192
-5.48191
-5.48192
-5.48159
-5.48289
-5.48289
-5.48354
-5.48386
-5.48354
-5.48256
-5.48224
-5.48256
-5.48159
-5.48224
-5.48353
-5.48289
-5.48224
-5.48159
-5.48062
-5.48127
-5.4803
-5.479
-5.47997
-5.47997
-5.47802
-5.47802
-5.47803
-5.47835
-5.47673
-5.47641
-5.47997
-5.4803
-5.47868
-5.47835
-5.47738
-5.47868
-5.47706
-5.47706
-5.47867
-5.479
-5.48159
-5.48029
-5.47932
-5.47867
-5.47803
-5.47803
-5.47835
-5.47835
-5.48029
-5.48126
-5.48159
-5.48256
-5.48159
-5.48321
-5.48256
-5.48191
-5.48159
-5.48062
-5.47932
-5.47835
-5.47803
-5.47835
-5.47803
-5.47965
-5.47803
-5.47965
-5.47997
-5.48159
-5.48159
-5.48321
-5.48159
-5.48029
-5.47899
-5.47835
-5.47803
-5.47738
-5.47706
-5.47706
-5.47803
-5.47965
-5.48159
-5.48191
-5.48353
-5.48288
-5.48256
-5.48256
-5.48386
-5.48289
-5.47998
-5.47901
-5.47803
-5.47965
-5.479
-5.479
-5.47932
-5.47932
-5.48126
-5.48094
-5.47964
-5.47964
-5.479
-5.47803
-5.47738
-5.47739
-5.47674
-5.47706
-5.47609
-5.47803
-5.47835
-5.48029
-5.48191
-5.48224
-5.48321
-5.48192
-5.48418
-5.48321
-5.48224
-5.48386
-5.48159
-5.48062
-5.4777
-5.47868
-5.479
-5.479
-5.48094
-5.48224
-5.48192
-5.48386
-5.48322
-5.48095
-5.47998
-5.47869
-5.48063
-5.47966
-5.47998
-5.48192
-5.48095
-5.47771
-5.47512
-5.47609
-5.47415
-5.47448
-5.47448
-5.47577
-5.47674
-5.47804
-5.47642
-5.47545
-5.47545
-5.47642
-5.47706
-5.47739
-5.47804
-5.47739
-5.47966
-5.47772
-5.47805
-5.47643
-5.48031
-5.48128
-5.48387
-5.4842
-5.48387
-5.48193
-5.48258
-5.48258
-5.48225
-5.48322
-5.4829
-5.47902
-5.47902
-5.47966
-5.47901
-5.48128
-5.4816
-5.48128
-5.48225
-5.48484
-5.48225
-5.48161
-5.4829
-5.48387
-5.48257
-5.48096
-5.48063
-5.48161
-5.47999
-5.48063
-5.47966
-5.48096
-5.48161
-5.48225
-5.48128
-5.47869
-5.47837
-5.48095
-5.47934
-5.48031
-5.4829
-5.48193
-5.48354
-5.48549
-5.48484
-5.48549
-5.48516
-5.48354
-5.48516
-5.48386
-5.48257
-5.48192
-5.48224
-5.48419
-5.47998
-5.47965
-5.47997
-5.48095
-5.48063
-5.47837
-5.47966
-5.4816
-5.48063
-5.48257
-5.4829
-5.48128
-5.4816
-5.48095
-5.48354
-5.48159
-5.4803
-5.47965
-5.4816
-5.48159
-5.48192
-5.48192
-5.48191
-5.48159
-5.48289
-5.48192
-5.4816
-5.48128
-5.48127
-5.48095
-5.4816
-5.4803
-5.47997
-5.4803
-5.479
-5.47965
-5.48094
-5.48094
-5.4803
-5.48127
-5.48192
-5.48289
-5.48192
-5.48257
-5.48322
-5.48354
-5.48192
-5.48322
-5.48192
-5.48224
-5.48224
-5.48192
-5.48095
-5.48062
-5.48159
-5.48127
-5.48159
-5.47997
-5.48062
-5.48192
-5.4816
-5.48224
-5.48095
-5.48192
-5.48256
-5.48288
-5.48321
-5.48418
-5.48385
-5.48223
-5.48094
-5.48191
-5.48094
-5.48192
-5.48257
-5.48321
-5.48192
-5.48192
-5.48224
-5.48224
-5.4803
-5.47836
-5.47738
-5.47964
-5.47867
-5.47737
-5.4777
-5.4777
-5.47835
-5.48095
-5.48062
-5.47933
-5.4803
-5.48127
-5.48127
-5.47965
-5.48256
-5.48029
-5.47932
-5.47932
-5.47964
-5.47932
-5.47932
-5.47835
-5.47964
-5.47932
-5.47867
-5.47868
-5.479
-5.47932
-5.47738
-5.47414
-5.47382
-5.47479
-5.47544
-5.47479
-5.47673
-5.47834
-5.47834
-5.47996
-5.47931
-5.47964
-5.47899
-5.47835
-5.47867
-5.4777
-5.47705
-5.47834
-5.47608
-5.4764
-5.47834
-5.47769
-5.47899
-5.48029
-5.47964
-5.47673
-5.47673
-5.47738
-5.4777
-5.47867
-5.47996
-5.47931
-5.47996
-5.47899
-5.47802
-5.47899
-5.4777
-5.48061
-5.47802
-5.47802
-5.4777
-5.47867
-5.47899
-5.48126
-5.48288
-5.48385
-5.48288
-5.48482
-5.48482
-5.48482
-5.48385
-5.48256
-5.48191
-5.48224
-5.48288
-5.48321
-5.48256
-5.48223
-5.47996
-5.48093
-5.47964
-5.47964
-5.47867
-5.47802
-5.47737
-5.47802
-5.47803
-5.4803
-5.48159
-5.48062
-5.47868
-5.47997
-5.48094
-5.48256
-5.48126
-5.48029
-5.48159
-5.47932
-5.48191
-5.48353
-5.48385
-5.48289
-5.48418
-5.48257
-5.4816
-5.47933
-5.47933
-5.47933
-5.47965
-5.4777
-5.47673
-5.47575
-5.47446
-5.47349
-5.4722
-5.47285
-5.47544
-5.47641
-5.47641
-5.47544
-5.47771
-5.47608
-5.47544
-5.4777
-5.4803
-5.47868
-5.48063
-5.47901
-5.47868
-5.479
-5.47706
-5.47673
-5.47543
-5.47511
-5.47575
-5.47478
-5.47478
-5.47575
-5.47543
-5.47705
-5.47511
-5.47544
-5.47673
-5.479
-5.47803
-5.47997
-5.47932
-5.48029
-5.48029
-5.47996
-5.48061
-5.47996
-5.48094
-5.48061
-5.48061
-5.47964
-5.48029
-5.47964
-5.48029
-5.48061
-5.47964
-5.47965
-5.47965
-5.48224
-5.48256
-5.48224
-5.48256
-5.48061
-5.47899
-5.47964
-5.48094
-5.48223
-5.48158
-5.47931
-5.47737
-5.47511
-5.47673
-5.47835
-5.47738
-5.47738
-5.4777
-5.47802
-5.48029
-5.48191
-5.48126
-5.48256
-5.4832
-5.48061
-5.48158
-5.48061
-5.47964
-5.47834
-5.47705
-5.47737
-5.47705
-5.47672
-5.4764
-5.47834
-5.47964
-5.47867
-5.47964
-5.47899
-5.47932
-5.4819
-5.48288
-5.48255
-5.4832
-5.48223
-5.47835
-5.47738
-5.4777
-5.47835
-5.47802
-5.48256
-5.48256
-5.48385
-5.48288
-5.48061
-5.48093
-5.48254
-5.48319
-5.48222
-5.48222
-5.48158
-5.48352
-5.48385
-5.4832
-5.48223
-5.4832
-5.4845
-5.4845
-5.48514
-5.48255
-5.4832
-5.4819
-5.48125
-5.48158
-5.48125
-5.48223
-5.48223
-5.48126
-5.48385
-5.48644
-5.48385
-5.48126
-5.48126
-5.48288
-5.48385
-5.48449
-5.48416
-5.48384
-5.48286
-5.48254
-5.48157
-5.4806
-5.47995
-5.48092
-5.47931
-5.47931
-5.47931
-5.47834
-5.47834
-5.47898
-5.47898
-5.47995
-5.47898
-5.48092
-5.48092
-5.47736
-5.47866
-5.47898
-5.47833
-5.47866
-5.48028
-5.48028
-5.47931
-5.47866
-5.47963
-5.47995
-5.47995
-5.47898
-5.47963
-5.48092
-5.48092
-5.47963
-5.47898
-5.4793
-5.47833
-5.47865
-5.47865
-5.48027
-5.48189
-5.48189
-5.4806
-5.48092
-5.47995
-5.47833
-5.47995
-5.48189
-5.48028
-5.47963
-5.4793
-5.48027
-5.47963
-5.47768
-5.47768
-5.47736
-5.47736
-5.47834
-5.47834
-5.47931
-5.48158
-5.48352
-5.48092
-5.4806
-5.47995
-5.47931
-5.47801
-5.47996
-5.47867
-5.47834
-5.47769
-5.47963
-5.4806
-5.4806
-5.48125
-5.48189
-5.48222
-5.48221
-5.48221
-5.48124
-5.48092
-5.48319
-5.48384
-5.48384
-5.48254
-5.4819
-5.4819
-5.4819
-5.48319
-5.48416
-5.48416
-5.48319
-5.48319
-5.4819
-5.48416
-5.48448
-5.48513
-5.48481
-5.48287
-5.48514
-5.48352
-5.48385
-5.48287
-5.4832
-5.4819
-5.48255
-5.48255
-5.48287
-5.48385
-5.48546
-5.48644
-5.48902
-5.4887
-5.48546
-5.48351
-5.48481
-5.48351
-5.48222
-5.47898
-5.47866
-5.47931
-5.48028
-5.47866
-5.47769
-5.47996
-5.48125
-5.48125
-5.48125
-5.47931
-5.47704
-5.47802
-5.47866
-5.47866
-5.47672
-5.47834
-5.4777
-5.47964
-5.47899
-5.47997
-5.48029
-5.47899
-5.47867
-5.47834
-5.47769
-5.47899
-5.47932
-5.47996
-5.47835
-5.47932
-5.48158
-5.48093
-5.47996
-5.47931
-5.47931
-5.47867
-5.47997
-5.47965
-5.479
-5.48095
-5.4816
-5.48321
-5.48062
-5.4803
-5.48224
-5.48321
-5.48159
-5.48191
-5.48224
-5.48062
-5.47835
-5.47738
-5.47609
-5.47738
-5.47868
-5.48224
-5.47997
-5.47868
-5.47965
-5.4803
-5.48192
-5.48354
-5.48257
-5.4816
-5.48321
-5.48256
-5.47997
-5.4777
-5.47673
-5.4764
-5.47641
-5.47673
-5.47868
-5.47933
-5.47901
-5.47933
-5.47836
-5.48031
-5.4816
-5.47998
-5.48128
-5.4816
-5.48063
-5.47868
-5.48062
-5.48095
-5.4803
-5.48062
-5.48257
-5.4816
-5.48192
-5.4816
-5.48322
-5.48289
-5.48127
-5.48225
-5.48063
-5.47804
-5.47642
-5.47674
-5.4761
-5.47545
-5.47674
-5.47706
-5.47512
-5.47803
-5.47641
-5.47933
-5.47997
-5.47997
-5.47803
-5.47706
-5.47836
-5.47901
-5.47771
-5.47868
-5.47869
-5.48031
-5.47966
-5.48225
-5.48258
-5.48614
-5.48744
-5.48711
-5.48743
-5.48613
-5.48646
-5.48549
-5.48581
-5.48419
-5.48355
-5.48354
-5.48225
-5.48387
-5.48095
-5.47837
-5.48064
-5.48226
-5.48226
-5.48226
-5.48063
-5.47966
-5.47933
-5.48063
-5.48225
-5.4829
-5.48193
-5.48258
-5.48226
-5.48032
-5.48032
-5.47967
-5.47967
-5.47902
-5.47902
-5.47578
-5.47415
-5.47512
-5.47577
-5.47577
-5.47804
-5.47966
-5.48063
-5.48128
-5.4787
-5.47902
-5.48193
-5.48096
-5.48161
-5.48096
-5.48032
-5.48032
-5.47902
-5.47675
-5.47546
-5.47514
-5.47643
-5.4761
-5.47675
-5.47739
-5.47707
-5.47642
-5.48031
-5.48063
-5.48031
-5.48225
-5.48064
-5.48323
-5.48096
-5.48129
-5.48161
-5.48096
-5.48161
-5.47966
-5.48096
-5.48161
-5.48193
-5.4829
-5.48128
-5.4829
-5.48193
-5.48193
-5.48064
-5.48031
-5.48129
-5.48129
-5.48194
-5.48226
-5.48226
-5.48259
-5.48194
-5.48129
-5.47999
-5.47838
-5.47935
-5.48161
-5.48097
-5.47902
-5.47741
-5.47806
-5.47773
-5.47773
-5.47579
-5.47514
-5.47871
-5.47935
-5.48
-5.4787
-5.47773
-5.47773
-5.47805
-5.47773
-5.47741
-5.47709
-5.47968
-5.4758
-5.47742
-5.47936
-5.48033
-5.48227
-5.4826
-5.48292
-5.48357
-5.48389
-5.48227
-5.48228
-5.48163
-5.48098
-5.48098
-5.48066
-5.48131
-5.48034
-5.48001
-5.48131
-5.48163
-5.48519
-5.48292
-5.48195
-5.48066
-5.4826
-5.48325
-5.48357
-5.48455
-5.48422
-5.4839
-5.48261
-5.48423
-5.48423
-5.48487
-5.48389
-5.48454
-5.48292
-5.48292
-5.48227
-5.48227
-5.48292
-5.48131
-5.48099
-5.48034
-5.47937
-5.47711
-5.47549
-5.47776
-5.47938
-5.48035
-5.47581
-5.47549
-5.47549
-5.47775
-5.47678
-5.47646
-5.47581
-5.47516
-5.47743
-5.47613
-5.47678
-5.47937
-5.4784
-5.47905
-5.47841
-5.47809
-5.47744
-5.47841
-5.47679
-5.47776
-5.4797
-5.48131
-5.48067
-5.48002
-5.48034
-5.4797
-5.47841
-5.48132
-5.48164
-5.47905
-5.4797
-5.481
-5.48229
-5.48456
-5.48197
-5.48003
-5.48132
-5.47938
-5.47938
-5.47711
-5.47743
-5.47742
-5.47839
-5.47839
-5.47807
-5.47742
-5.47807
-5.48067
-5.48164
-5.48197
-5.48035
-5.481
-5.48068
-5.481
-5.48165
-5.48391
-5.48488
-5.48391
-5.48423
-5.48358
-5.4839
-5.4852
-5.48423
-5.48164
-5.4797
-5.4784
-5.47711
-5.47743
-5.47711
-5.48035
-5.48164
-5.48197
-5.48261
-5.48423
-5.48164
-5.48455
-5.48229
-5.48229
-5.48002
-5.48132
-5.48196
-5.48099
-5.48196
-5.48131
-5.48099
-5.48099
-5.48035
-5.47938
-5.47938
-5.48197
-5.48423
-5.48359
-5.4865
-5.48456
-5.48423
-5.48294
-5.48294
-5.48423
-5.48262
-5.48294
-5.48261
-5.48229
-5.48002
-5.48002
-5.48034
-5.47613
-5.47548
-5.4771
-5.47937
-5.48099
-5.47937
-5.48099
-5.48132
-5.47937
-5.48164
-5.48261
-5.48228
-5.48325
-5.4839
-5.48357
-5.48293
-5.4839
-5.48196
-5.48002
-5.48067
-5.48326
-5.48326
-5.48391
-5.48617
-5.48423
-5.48358
-5.48487
-5.4852
-5.48682
-5.48649
-5.48455
-5.48326
-5.48261
-5.48164
-5.48002
-5.47937
-5.47905
-5.48099
-5.48131
-5.48002
-5.48034
-5.48067
-5.4797
-5.48099
-5.48164
-5.48196
-5.48455
-5.48294
-5.48067
-5.48067
-5.48294
-5.48164
-5.48196
-5.48423
-5.48585
-5.48326
-5.48197
-5.48229
-5.48197
-5.47938
-5.47873
-5.48003
-5.48067
-5.4797
-5.47808
-5.47969
-5.48067
-5.48067
-5.48067
-5.481
-5.48261
-5.48067
-5.48002
-5.48099
-5.48294
-5.48164
-5.48261
-5.48391
-5.48358
-5.48391
-5.48326
-5.48196
-5.47937
-5.47873
-5.47905
-5.48099
-5.48196
-5.48131
-5.48228
-5.48358
-5.48228
-5.48131
-5.48098
-5.48066
-5.48098
-5.48228
-5.48228
-5.48196
-5.48131
-5.48067
-5.48196
-5.48423
-5.48422
-5.48422
-5.4826
-5.48001
-5.47807
-5.47807
-5.47774
-5.47807
-5.47613
-5.4758
-5.47807
-5.47905
-5.48035
-5.48002
-5.48099
-5.48197
-5.48326
-5.48261
-5.48423
-5.48293
-5.48293
-5.48196
-5.47937
-5.47969
-5.47969
-5.48066
-5.48163
-5.48293
-5.4839
-5.48228
-5.48357
-5.48422
-5.48325
-5.48228
-5.48325
-5.48293
-5.48358
-5.48358
-5.48487
-5.48422
-5.48358
-5.4839
-5.48455
-5.48617
-5.48552
-5.48649
-5.48746
-5.4852
-5.4839
-5.4839
-5.48196
-5.48099
-5.48099
-5.48131
-5.48131
-5.47936
-5.47968
-5.48098
-5.47936
-5.47969
-5.47904
-5.47807
-5.47872
-5.47969
-5.47775
-5.47775
-5.47775
-5.48099
-5.48099
-5.48358
-5.48325
-5.48163
-5.48163
-5.48001
-5.47969
-5.48066
-5.47904
-5.47969
-5.47839
-5.48033
-5.4813
-5.48195
-5.48195
-5.48066
-5.48293
-5.48228
-5.48196
-5.47937
-5.48131
-5.48131
-5.48098
-5.47904
-5.47807
-5.47742
-5.47677
-5.47775
-5.47872
-5.47872
-5.47904
-5.48001
-5.47807
-5.47839
-5.4771
-5.4758
-5.47775
-5.4771
-5.4771
-5.47807
-5.47839
-5.47968
-5.4813
-5.48065
-5.48162
-5.48065
-5.47839
-5.47871
-5.47871
-5.48033
-5.48066
-5.48131
-5.48228
-5.48455
-5.48746
-5.48519
-5.48487
-5.4839
-5.48164
-5.48163
-5.48228
-5.48131
-5.4813
-5.47774
-5.47774
-5.47839
-5.47937
-5.48163
-5.48325
-5.48293
-5.48099
-5.47905
-5.48229
-5.48229
-5.48261
-5.48099
-5.4797
-5.47905
-5.47807
-5.47872
-5.47969
-5.47807
-5.47969
-5.47872
-5.4784
-5.4784
-5.4797
-5.47873
-5.47841
-5.47938
-5.48002
-5.48034
-5.48131
-5.48196
-5.48195
-5.48098
-5.48066
-5.47969
-5.47937
-5.47904
-5.4784
-5.47969
-5.48164
-5.48034
-5.48131
-5.48131
-5.48034
-5.48066
-5.47872
-5.47872
-5.47872
-5.47904
-5.48196
-5.48196
-5.48229
-5.48229
-5.48131
-5.47937
-5.48034
-5.48066
-5.47645
-5.4771
-5.4771
-5.47677
-5.47871
-5.47872
-5.47775
-5.47775
-5.47808
-5.47743
-5.47872
-5.48066
-5.47936
-5.48098
-5.48162
-5.48001
-5.48163
-5.48292
-5.48454
-5.4826
-5.48163
-5.48358
-5.48358
-5.4839
-5.4839
-5.48487
-5.48584
-5.48455
-5.48422
-5.48261
-5.48196
-5.48228
-5.48001
-5.47969
-5.48098
-5.48292
-5.48097
-5.47968
-5.47871
-5.47936
-5.47806
-5.47677
-5.47806
-5.47903
-5.47936
-5.48065
-5.48228
-5.48163
-5.48293
-5.48228
-5.48358
-5.4839
-5.48325
-5.48422
-5.48325
-5.48357
-5.48455
-5.4839
-5.48292
-5.48357
-5.48357
-5.48422
-5.48195
-5.48001
-5.48033
-5.47903
-5.48097
-5.48
-5.47968
-5.48001
-5.48001
-5.48066
-5.48163
-5.48163
-5.47937
-5.48066
-5.48131
-5.48065
-5.48033
-5.48033
-5.48259
-5.48227
-5.48292
-5.48486
-5.48324
-5.48389
-5.48389
-5.48325
-5.48098
-5.47904
-5.48033
-5.4826
-5.48163
-5.48324
-5.48259
-5.48227
-5.48195
-5.48097
-5.48195
-5.48227
-5.48292
-5.48519
-5.48422
-5.48487
-5.48454
-5.48325
-5.4826
-5.48098
-5.48
-5.48162
-5.48
-5.47903
-5.48001
-5.48195
-5.48163
-5.47904
-5.47839
-5.47709
-5.47807
-5.47968
-5.47936
-5.4813
-5.47904
-5.47742
-5.47677
-5.47644
-5.47547
-5.47644
-5.47871
-5.47936
-5.48259
-5.48227
-5.4813
-5.4813
-5.48421
-5.48712
-5.48713
-5.4881
-5.48551
-5.48357
-5.4813
-5.47935
-5.47644
-5.4732
-5.47321
-5.47288
-5.47612
-5.47838
-5.47903
-5.47838
-5.47774
-5.48001
-5.47968
-5.47969
-5.48131
-5.48163
-5.48325
-5.48358
-5.4839
-5.48454
-5.48357
-5.48098
-5.48292
-5.48228
-5.4813
-5.47968
-5.47904
-5.47839
-5.47936
-5.47969
-5.47839
-5.47936
-5.48292
-5.48357
-5.48454
-5.48422
-5.48487
-5.48487
-5.48357
-5.4826
-5.4826
-5.48162
-5.4813
-5.48195
-5.48357
-5.48324
-5.4813
-5.48098
-5.48098
-5.48195
-5.48098
-5.4826
-5.48066
-5.48163
-5.4826
-5.48325
-5.48389
-5.48389
-5.48291
-5.4813
-5.48324
-5.48324
-5.48227
-5.48356
-5.48259
-5.4813
-5.48098
-5.48389
-5.48259
-5.48162
-5.4826
-5.4826
-5.4826
-5.48454
-5.48324
-5.48292
-5.48259
-5.48259
-5.48129
-5.48161
-5.48032
-5.47935
-5.47838
-5.48001
-5.48033
-5.47871
-5.47969
-5.48001
-5.48066
-5.47774
-5.47968
-5.48162
-5.47968
-5.47968
-5.47968
-5.48065
-5.47709
-5.47936
-5.48098
-5.48163
-5.48163
-5.4826
-5.4839
-5.48358
-5.48455
-5.48357
-5.48455
-5.48584
-5.4839
-5.48616
-5.48584
-5.48357
-5.47969
-5.48001
-5.47905
-5.47937
-5.4784
-5.47905
-5.48099
-5.48228
-5.48228
-5.48099
-5.47905
-5.47905
-5.4784
-5.47872
-5.47807
-5.47904
-5.47839
-5.47968
-5.47936
-5.48098
-5.48163
-5.48164
-5.48196
-5.48196
-5.48261
-5.48261
-5.48293
-5.48196
-5.48164
-5.48326
-5.48196
-5.48066
-5.48358
-5.48228
-5.48228
-5.48131
-5.48261
-5.48358
-5.48455
-5.48488
-5.4865
-5.48326
-5.48196
-5.48196
-5.48326
-5.48229
-5.48132
-5.48099
-5.48293
-5.48229
-5.48261
-5.48488
-5.48391
-5.48553
-5.481
-5.47744
-5.47841
-5.47776
-5.47712
-5.47841
-5.47906
-5.4797
-5.47841
-5.47581
-5.47614
-5.47808
-5.47938
-5.48003
-5.48197
-5.48003
-5.47938
-5.47971
-5.48068
-5.48003
-5.48068
-5.48133
-5.48068
-5.48067
-5.47841
-5.47743
-5.47808
-5.47776
-5.47679
-5.47906
-5.47906
-5.48035
-5.47809
-5.47809
-5.48036
-5.47971
-5.47971
-5.47971
-5.47971
-5.48132
-5.48262
-5.481
-5.48164
-5.48359
-5.48197
-5.48197
-5.48262
-5.48197
-5.48164
-5.48229
-5.48035
-5.47743
-5.47711
-5.47938
-5.4797
-5.47808
-5.47905
-5.47808
-5.47938
-5.48197
-5.48229
-5.48196
-5.48132
-5.48034
-5.48164
-5.48196
-5.4797
-5.48035
-5.4784
-5.47905
-5.48067
-5.48067
-5.4797
-5.48067
-5.48229
-5.48326
-5.48068
-5.47905
-5.47873
-5.47873
-5.47938
-5.48067
-5.48164
-5.48002
-5.4784
-5.47808
-5.47743
-5.47776
-5.47776
-5.47809
-5.47809
-5.47874
-5.47776
-5.47938
-5.48067
-5.48358
-5.48293
-5.48099
-5.47937
-5.47775
-5.47775
-5.48002
-5.47872
-5.47872
-5.48066
-5.48066
-5.48228
-5.48358
-5.48002
-5.48034
-5.48035
-5.48132
-5.47776
-5.4797
-5.48132
-5.48261
-5.48099
-5.47904
-5.47872
-5.4784
-5.47807
-5.4771
-5.47451
-5.47322
-5.47322
-5.47452
-5.47581
-5.47646
-5.47646
-5.47807
-5.47775
-5.48034
-5.48034
-5.47807
-5.47646
-5.47581
-5.47322
-5.47516
-5.47678
-5.47905
-5.47775
-5.47775
-5.48034
-5.47938
-5.4797
-5.4797
-5.481
-5.48035
-5.47873
-5.4797
-5.48067
-5.48197
-5.481
-5.48036
-5.47939
-5.48003
-5.48036
-5.47906
-5.47938
-5.48164
-5.48099
-5.48423
-5.48488
-5.48552
-5.48293
-5.48261
-5.48196
-5.48099
-5.481
-5.48067
-5.4797
-5.48067
-5.48132
-5.48261
-5.48229
-5.48423
-5.48391
-5.48423
-5.48358
-5.48325
-5.48195
-5.48195
-5.4826
-5.48066
-5.48131
-5.48131
-5.48164
-5.48359
-5.48229
-5.47938
-5.48067
-5.48294
-5.48164
-5.48034
-5.48163
-5.48001
-5.47936
-5.4813
-5.48163
-5.48131
-5.48066
-5.48131
-5.48002
-5.48034
-5.48067
-5.47808
-5.48068
-5.48035
-5.48067
-5.48358
-5.48423
-5.48455
-5.48325
-5.48163
-5.48034
-5.48001
-5.48131
-5.4784
-5.47743
-5.47516
-5.47516
-5.47645
-5.47645
-5.4771
-5.47775
-5.48034
-5.48066
-5.48034
-5.48098
-5.48131
-5.48228
-5.48455
-5.48487
-5.4839
-5.48358
-5.48228
-5.48131
-5.48196
-5.48228
-5.48228
-5.48293
-5.48163
-5.48358
-5.48326
-5.48358
-5.4839
-5.48423
-5.48487
-5.48196
-5.48294
-5.48229
-5.48423
-5.48325
-5.48163
-5.48131
-5.48131
-5.48228
-5.47969
-5.48099
-5.48131
-5.48099
-5.48034
-5.48099
-5.48067
-5.48034
-5.48034
-5.48099
-5.47905
-5.48002
-5.47937
-5.47743
-5.47905
-5.48228
-5.48358
-5.48293
-5.4839
-5.48196
-5.48163
-5.48131
-5.48002
-5.48196
-5.48326
-5.48196
-5.48099
-5.48099
-5.4797
-5.4797
-5.47872
-5.48066
-5.48131
-5.48358
-5.48196
-5.48228
-5.48002
-5.48002
-5.47969
-5.48099
-5.4797
-5.47905
-5.47808
-5.4784
-5.4784
-5.47808
-5.47872
-5.47807
-5.47807
-5.47646
-5.4784
-5.48067
-5.48067
-5.47938
-5.48002
-5.48132
-5.48132
-5.47938
-5.4797
-5.481
-5.48068
-5.47841
-5.4797
-5.48002
-5.48067
-5.47808
-5.47808
-5.47549
-5.47549
-5.47581
-5.47711
-5.47808
-5.48002
-5.48261
-5.48293
-5.48164
-5.48035
-5.48003
-5.48132
-5.48327
-5.48197
-5.48133
-5.4823
-5.48229
-5.48035
-5.47841
-5.47776
-5.47776
-5.47712
-5.47841
-5.47938
-5.48003
-5.48036
-5.47971
-5.48003
-5.48165
-5.48262
-5.48358
-5.48229
-5.48099
-5.47938
-5.48067
-5.48133
-5.48198
-5.48101
-5.48101
-5.48068
-5.48101
-5.48133
-5.48036
-5.47874
-5.48197
-5.481
-5.48035
-5.48294
-5.48391
-5.48456
-5.48488
-5.48391
-5.48132
-5.4823
-5.48165
-5.47873
-5.47776
-5.47937
-5.48002
-5.48002
-5.48002
-5.47937
-5.47678
-5.47581
-5.47516
-5.47419
-5.47387
-5.47808
-5.47711
-5.47646
-5.47549
-5.47678
-5.47581
-5.47905
-5.47775
-5.4797
-5.48164
-5.48002
-5.47808
-5.47841
-5.47808
-5.47841
-5.47809
-5.48068
-5.48068
-5.47971
-5.48068
-5.48294
-5.48196
-5.47969
-5.48066
-5.47872
-5.47743
-5.47743
-5.47581
-5.47388
-5.47712
-5.47744
-5.47906
-5.47809
-5.47905
-5.47873
-5.48132
-5.48099
-5.48229
-5.48002
-5.4784
-5.47905
-5.48035
-5.4784
-5.47743
-5.4784
-5.48002
-5.48035
-5.48035
-5.48068
-5.48067
-5.48003
-5.47873
-5.47905
-5.47614
-5.47485
-5.47517
-5.47614
-5.47517
-5.47711
-5.47971
-5.47841
-5.47646
-5.47711
-5.47743
-5.47743
-5.48358
-5.48358
-5.48294
-5.48229
-5.48132
-5.48133
-5.47971
-5.4797
-5.4797
-5.48035
-5.48034
-5.48002
-5.47937
-5.47905
-5.48035
-5.47841
-5.47679
-5.47776
-5.47711
-5.47744
-5.47808
-5.47938
-5.47743
-5.47873
-5.47938
-5.48099
-5.48197
-5.48262
-5.4823
-5.481
-5.48165
-5.48392
-5.48392
-5.48391
-5.48229
-5.48229
-5.48164
-5.48132
-5.47905
-5.47905
-5.47937
-5.48131
-5.48261
-5.4852
-5.48585
-5.48585
-5.48617
-5.48617
-5.48585
-5.48358
-5.48358
-5.48359
-5.48197
-5.48326
-5.48326
-5.48326
-5.48326
-5.48326
-5.48229
-5.48488
-5.48618
-5.48553
-5.48812
-5.48845
-5.48845
-5.48683
-5.48521
-5.48554
-5.48457
-5.4836
-5.48327
-5.481
-5.48165
-5.48002
-5.48034
-5.48067
-5.48132
-5.48229
-5.48165
-5.48164
-5.48132
-5.48294
-5.48424
-5.48424
-5.48327
-5.48003
-5.47906
-5.47938
-5.47938
-5.48067
-5.47905
-5.47808
-5.47872
-5.4797
-5.48002
-5.48099
-5.4797
-5.47808
-5.47969
-5.48066
-5.47969
-5.48195
-5.48196
-5.48293
-5.48164
-5.47873
-5.4784
-5.48002
-5.4784
-5.47905
-5.48067
-5.48099
-5.48067
-5.48196
-5.48293
-5.48391
-5.48391
-5.48229
-5.4797
-5.48002
-5.48067
-5.48067
-5.47905
-5.47872
-5.47743
-5.47646
-5.47613
-5.47678
-5.47905
-5.47905
-5.47841
-5.4797
-5.48003
-5.481
-5.48229
-5.48456
-5.48391
-5.48423
-5.48326
-5.48229
-5.48002
-5.48293
-5.48099
-5.48196
-5.48132
-5.4797
-5.48132
-5.47905
-5.48035
-5.48132
-5.48197
-5.47971
-5.47906
-5.48068
-5.481
-5.48132
-5.48132
-5.48002
-5.48002
-5.48035
-5.48003
-5.47906
-5.481
-5.47971
-5.47971
-5.481
-5.48198
-5.48262
-5.48327
-5.48456
-5.48229
-5.48229
-5.48132
-5.48164
-5.48229
-5.48196
-5.48132
-5.48002
-5.47873
-5.47938
-5.47808
-5.4797
-5.47938
-5.47873
-5.47776
-5.4797
-5.48002
-5.47938
-5.47873
-5.47906
-5.481
-5.48035
-5.48068
-5.47809
-5.47841
-5.47874
-5.47744
-5.47874
-5.47809
-5.47841
-5.47906
-5.47905
-5.47614
-5.47549
-5.47679
-5.47841
-5.48068
-5.4823
-5.48036
-5.48004
-5.48198
-5.48295
-5.48198
-5.48327
-5.48424
-5.48488
-5.48197
-5.48133
-5.481
-5.48036
-5.48133
-5.48197
-5.4823
-5.4823
-5.48262
-5.48489
-5.48618
-5.48683
-5.48683
-5.48683
-5.48521
-5.48295
-5.48003
-5.47874
-5.47938
-5.47874
-5.47647
-5.47906
-5.47712
-5.47809
-5.47939
-5.47971
-5.48133
-5.48036
-5.48068
-5.48004
-5.47971
-5.48003
-5.48036
-5.48068
-5.48003
-5.48035
-5.47938
-5.47712
-5.47841
-5.48101
-5.48133
-5.48036
-5.47939
-5.47907
-5.47809
-5.47615
-5.47518
-5.47421
-5.47389
-5.47518
-5.47551
-5.47551
-5.47648
-5.47809
-5.47745
-5.47809
-5.48165
-5.48327
-5.48392
-5.48392
-5.48327
-5.4836
-5.48004
-5.4781
-5.47972
-5.48037
-5.47907
-5.47972
-5.48004
-5.48101
-5.47874
-5.47745
-5.47842
-5.47745
-5.47453
-5.47388
-5.47518
-5.4768
-5.47777
-5.47809
-5.47907
-5.48069
-5.48166
-5.48101
-5.48296
-5.4849
-5.48296
-5.48328
-5.48393
-5.48393
-5.48393
-5.48587
-5.48652
-5.48652
-5.48652
-5.48425
-5.48393
-5.48328
-5.48425
-5.4836
-5.4836
-5.4849
-5.48393
-5.48328
-5.48295
-5.48295
-5.48101
-5.48133
-5.48069
-5.48198
-5.48101
-5.4781
-5.4768
-5.4781
-5.47745
-5.47972
-5.47939
-5.47939
-5.47907
-5.47907
-5.47842
-5.47842
-5.47778
-5.47713
-5.47616
-5.47778
-5.4781
-5.47907
-5.48004
-5.48328
-5.48263
-5.48328
-5.48166
-5.48101
-5.47972
-5.47972
-5.48037
-5.4781
-5.47972
-5.4768
-5.47745
-5.47777
-5.47615
-5.4755
-5.4755
-5.47356
-5.47356
-5.47324
-5.47389
-5.47583
-5.47583
-5.4781
-5.47713
-5.47972
-5.47875
-5.47875
-5.48004
-5.48068
-5.47971
-5.48004
-5.48036
-5.48036
-5.48068
-5.4823
-5.48328
-5.48198
-5.48166
-5.48231
-5.48263
-5.4836
-5.48457
-5.48393
-5.48393
-5.48263
-5.48295
-5.48457
-5.48457
-5.4823
-5.48036
-5.4823
-5.4836
-5.48198
-5.48036
-5.48068
-5.48003
-5.47906
-5.47841
-5.47906
-5.47906
-5.47647
-5.4755
-5.47647
-5.47744
-5.4768
-5.47841
-5.47744
-5.47906
-5.48003
-5.48198
-5.48198
-5.48069
-5.48036
-5.47875
-5.48004
-5.48263
-5.48328
-5.4849
-5.48522
-5.48231
-5.48263
-5.48198
-5.47971
-5.47745
-5.4781
-5.47777
-5.47907
-5.47972
-5.48069
-5.47939
-5.47939
-5.47486
-5.47583
-5.47583
-5.47518
-5.4755
-5.47615
-5.4768
-5.47777
-5.47713
-5.47616
-5.47713
-5.47778
-5.4781
-5.4781
-5.47842
-5.47875
-5.47907
-5.47648
-5.47713
-5.47713
-5.4768
-5.47518
-5.47486
-5.47712
-5.47809
-5.47841
-5.47906
-5.47874
-5.47939
-5.47972
-5.47907
-5.48102
-5.48102
-5.48037
-5.47972
-5.47907
-5.4781
-5.47874
-5.47841
-5.48003
-5.47938
-5.48036
-5.48036
-5.48036
-5.48134
-5.48328
-5.48134
-5.48004
-5.4823
-5.48457
-5.48521
-5.48424
-5.48489
-5.48198
-5.48101
-5.47972
-5.48004
-5.47875
-5.4768
-5.47615
-5.47615
-5.4768
-5.47744
-5.47777
-5.47939
-5.47874
-5.47842
-5.47875
-5.4781
-5.47939
-5.47907
-5.48069
-5.48069
-5.47875
-5.47875
-5.47778
-5.4794
-5.48101
-5.48004
-5.48134
-5.48102
-5.48167
-5.48038
-5.48103
-5.48006
-5.48103
-5.48135
-5.47973
-5.47973
-5.47876
-5.47746
-5.47649
-5.47811
-5.4781
-5.47778
-5.47972
-5.48134
-5.48037
-5.47875
-5.47681
-5.47713
-5.47843
-5.47875
-5.48102
-5.48199
-5.4794
-5.47908
-5.48102
-5.48296
-5.48296
-5.48231
-5.48199
-5.48004
-5.48166
-5.48231
-5.48393
-5.4836
-5.48328
-5.48263
-5.48328
-5.48166
-5.48231
-5.48425
-5.48393
-5.48199
-5.48199
-5.4836
-5.48231
-5.48328
-5.48231
-5.47971
-5.47874
-5.47971
-5.48166
-5.48133
-5.47874
-5.47842
-5.47874
-5.47777
-5.47874
-5.47972
-5.48231
-5.48393
-5.4823
-5.48295
-5.48263
-5.48198
-5.48262
-5.48392
-5.48424
-5.48327
-5.48198
-5.48165
-5.4823
-5.48295
-5.48101
-5.48198
-5.48231
-5.48198
-5.48101
-5.48263
-5.48425
-5.48198
-5.48101
-5.48004
-5.48036
-5.47875
-5.48037
-5.48101
-5.47875
-5.47972
-5.48004
-5.4794
-5.47907
-5.4794
-5.48004
-5.48004
-5.47972
-5.47972
-5.48134
-5.48231
-5.48166
-5.48037
-5.47811
-5.47811
-5.47875
-5.48069
-5.47907
-5.47907
-5.47842
-5.47939
-5.47777
-5.47777
-5.47745
-5.4781
-5.47648
-5.47486
-5.47648
-5.47616
-5.47713
-5.47745
-5.4768
-5.47615
-5.47809
-5.47939
-5.48069
-5.4781
-5.47778
-5.47843
-5.47844
-5.47941
-5.47908
-5.47811
-5.47681
-5.47811
-5.4794
-5.48069
-5.47843
-5.47908
-5.47875
-5.47811
-5.47617
-5.47487
-5.47682
-5.47811
-5.47941
-5.47941
-5.47844
-5.47779
-5.47422
-5.47519
-5.47552
-5.47487
-5.47552
-5.47811
-5.48167
-5.48264
-5.48135
-5.4807
-5.48199
-5.4794
-5.48004
-5.48069
-5.47972
-5.48037
-5.48005
-5.47811
-5.4807
-5.48199
-5.48199
-5.48296
-5.48458
-5.48652
-5.48749
-5.48588
-5.48588
-5.4862
-5.4836
-5.48004
-5.48004
-5.48004
-5.48004
-5.48069
-5.48199
-5.48328
-5.48361
-5.48232
-5.4807
-5.48038
-5.48102
-5.48232
-5.48329
-5.48393
-5.48393
-5.48393
-5.48296
-5.47842
-5.47778
-5.47713
-5.47713
-5.47519
-5.47584
-5.47746
-5.47713
-5.47746
-5.47843
-5.47778
-5.48004
-5.48166
-5.48004
-5.48037
-5.48037
-5.48036
-5.4781
-5.48134
-5.48166
-5.4836
-5.48198
-5.48134
-5.48101
-5.47972
-5.47907
-5.48198
-5.48101
-5.48166
-5.48069
-5.47842
-5.47874
-5.47745
-5.4768
-5.47809
-5.48068
-5.47939
-5.47874
-5.47972
-5.47972
-5.48004
-5.48004
-5.48101
-5.47842
-5.48004
-5.48134
-5.48199
-5.48231
-5.48102
-5.48004
-5.47939
-5.47972
-5.48101
-5.48166
-5.48069
-5.48166
-5.48068
-5.48068
-5.48133
-5.48198
-5.48263
-5.48101
-5.48166
-5.48101
-5.48036
-5.47777
-5.47875
-5.4781
-5.47842
-5.47842
-5.47777
-5.47874
-5.47939
-5.48069
-5.47939
-5.47907
-5.4781
-5.47745
-5.4768
-5.4768
-5.47648
-5.47875
-5.47713
-5.47907
-5.47875
-5.4794
-5.48037
-5.48037
-5.48101
-5.48069
-5.47842
-5.47616
-5.47648
-5.47842
-5.47681
-5.47616
-5.47487
-5.47422
-5.47325
-5.47454
-5.47519
-5.47681
-5.4781
-5.4794
-5.47681
-5.47616
-5.47584
-5.47616
-5.47486
-5.47551
-5.4781
-5.47811
-5.47876
-5.47876
-5.47584
-5.47293
-5.47584
-5.47487
-5.47487
-5.47422
-5.47454
-5.47551
-5.47551
-5.47648
-5.47746
-5.47713
-5.47811
-5.47875
-5.47907
-5.47907
-5.47907
-5.47907
-5.47939
-5.47972
-5.48101
-5.48264
-5.48231
-5.48135
-5.48167
-5.48102
-5.48069
-5.48134
-5.48069
-5.48069
-5.47939
-5.47745
-5.47648
-5.47745
-5.47777
-5.47842
-5.47939
-5.47842
-5.47843
-5.47875
-5.48069
-5.48199
-5.48198
-5.48166
-5.48263
-5.48231
-5.48425
-5.48198
-5.48296
-5.48328
-5.48555
-5.48458
-5.48199
-5.48134
-5.48166
-5.48134
-5.48069
-5.47908
-5.47778
-5.47584
-5.47487
-5.47487
-5.47746
-5.47843
-5.47552
-5.47519
-5.47487
-5.4739
-5.47487
-5.47584
-5.47745
-5.47842
-5.4781
-5.47875
-5.4781
-5.4781
-5.4794
-5.4794
-5.48037
-5.48134
-5.48167
-5.48134
-5.48425
-5.48393
-5.48425
-5.48554
-5.48328
-5.48522
-5.48588
-5.48491
-5.48393
-5.48652
-5.48393
-5.48425
-5.48425
-5.48458
-5.48328
-5.48296
-5.4849
-5.48523
-5.48425
-5.48457
-5.48392
-5.48166
-5.48392
-5.48457
-5.48199
-5.48296
-5.48134
-5.48134
-5.48102
-5.48037
-5.47972
-5.47875
-5.47778
-5.47907
-5.47874
-5.47713
-5.4781
-5.48101
-5.48037
-5.48166
-5.48264
-5.48232
-5.48232
-5.48199
-5.48135
-5.48264
-5.48264
-5.48231
-5.48037
-5.48037
-5.47745
-5.4781
-5.47875
-5.48069
-5.48134
-5.48102
-5.48264
-5.48231
-5.48393
-5.48232
-5.48134
-5.47907
-5.47907
-5.47842
-5.47939
-5.48166
-5.48037
-5.48004
-5.48134
-5.48102
-5.48005
-5.48231
-5.48393
-5.48232
-5.48134
-5.48037
-5.48102
-5.48038
-5.48038
-5.47746
-5.47876
-5.4794
-5.4807
-5.4794
-5.4781
-5.47778
-5.47875
-5.48102
-5.48005
-5.48167
-5.48297
-5.48297
-5.48394
-5.48296
-5.48199
-5.48167
-5.48005
-5.47908
-5.47908
-5.48134
-5.48102
-5.47876
-5.4794
-5.482
-5.482
-5.48232
-5.4807
-5.48005
-5.47778
-5.47746
-5.47551
-5.47584
-5.47875
-5.47973
-5.47844
-5.47909
-5.47941
-5.47779
-5.4778
-5.47747
-5.47747
-5.47941
-5.48103
-5.47973
-5.47908
-5.47876
-5.48038
-5.48038
-5.47973
-5.48005
-5.48135
-5.48232
-5.48329
-5.48264
-5.48362
-5.48232
-5.47973
-5.48103
-5.48232
-5.482
-5.48297
-5.48297
-5.48264
-5.48135
-5.47876
-5.47779
-5.47778
-5.47681
-5.47616
-5.47713
-5.47875
-5.4781
-5.48069
-5.47939
-5.48069
-5.47842
-5.4781
-5.47714
-5.48038
-5.47844
-5.48006
-5.47973
-5.47876
-5.47714
-5.47713
-5.47713
-5.47681
-5.47648
-5.47519
-5.4768
-5.47615
-5.4768
-5.47745
-5.47356
-5.47453
-5.47518
-5.47518
-5.47518
-5.47519
-5.47519
-5.47454
-5.47616
-5.47745
-5.4781
-5.48069
-5.48231
-5.4849
-5.48393
-5.48361
-5.48555
-5.48555
-5.48522
-5.48457
-5.48328
-5.48263
-5.48328
-5.47842
-5.4768
-5.47907
-5.47583
-5.47518
-5.47713
-5.48004
-5.47972
-5.47842
-5.4781
-5.47843
-5.48005
-5.4794
-5.48069
-5.48199
-5.48101
-5.48101
-5.48102
-5.48263
-5.48101
-5.48133
-5.48101
-5.48036
-5.48328
-5.4849
-5.4862
-5.48523
-5.48296
-5.48328
-5.48199
-5.48231
-5.48134
-5.48069
-5.48102
-5.48199
-5.48264
-5.48264
-5.48329
-5.48264
-5.48199
-5.48199
-5.48329
-5.48329
-5.48199
-5.48134
-5.4794
-5.4794
-5.47778
-5.47843
-5.4794
-5.48037
-5.47939
-5.48069
-5.4781
-5.48005
-5.48102
-5.48264
-5.48329
-5.48329
-5.48329
-5.48199
-5.48135
-5.48232
-5.48199
-5.47972
-5.47778
-5.47519
-5.47616
-5.47551
-5.47518
-5.47744
-5.47906
-5.47939
-5.47971
-5.48101
-5.48133
-5.47972
-5.47972
-5.48134
-5.48199
-5.48166
-5.48037
-5.48199
-5.48166
-5.48329
-5.48393
-5.48394
-5.48458
-5.48555
-5.48458
-5.48263
-5.48198
-5.48069
-5.48133
-5.47907
-5.47842
-5.48037
-5.47973
-5.47876
-5.47941
-5.48038
-5.47843
-5.47713
-5.47843
-5.4781
-5.47713
-5.4781
-5.47745
-5.4781
-5.47972
-5.4781
-5.47745
-5.48069
-5.48166
-5.48263
-5.48264
-5.48458
-5.48426
-5.48393
-5.48426
-5.48167
-5.48102
-5.47973
-5.4794
-5.47908
-5.4794
-5.47843
-5.47746
-5.47616
-5.47681
-5.47551
-5.47745
-5.4768
-5.47745
-5.47972
-5.48069
-5.47972
-5.47907
-5.48037
-5.4794
-5.47616
-5.47681
-5.47843
-5.48005
-5.48199
-5.48361
-5.48102
-5.47973
-5.48329
-5.48167
-5.48264
-5.48426
-5.4875
-5.48556
-5.48459
-5.48297
-5.48297
-5.48232
-5.48103
-5.48103
-5.47941
-5.47747
-5.47747
-5.4765
-5.47487
-5.47519
-5.47422
-5.47422
-5.47454
-5.47487
-5.47682
-5.47746
-5.47941
-5.47973
-5.47746
-5.47551
-5.47454
-5.47292
-5.47519
-5.47616
-5.47584
-5.47486
-5.47422
-5.47648
-5.47648
-5.47746
-5.47843
-5.47811
-5.47778
-5.47972
-5.48328
-5.48296
-5.48263
-5.48231
-5.48263
-5.48166
-5.48135
-5.48329
-5.48426
-5.48329
-5.48296
-5.48167
-5.48426
-5.48523
-5.48425
-5.48523
-5.48522
-5.4849
-5.48425
-5.48393
-5.4836
-5.48134
-5.47939
-5.48101
-5.48102
-5.48005
-5.48069
-5.48199
-5.48231
-5.48231
-5.48264
-5.48069
-5.48037
-5.47907
-5.48005
-5.48004
-5.48069
-5.48296
-5.48296
-5.48101
-5.48134
-5.48069
-5.48004
-5.48068
-5.48133
-5.48166
-5.48101
-5.48166
-5.47972
-5.48036
-5.47874
-5.4781
-5.47907
-5.47907
-5.47777
-5.47745
-5.48069
-5.48134
-5.48198
-5.48101
-5.47907
-5.47874
-5.47842
-5.47874
-5.48004
-5.47939
-5.47939
-5.47778
-5.4768
-5.47745
-5.47972
-5.48102
-5.48199
-5.4836
-5.48619
-5.48652
-5.48684
-5.48587
-5.48555
-5.48587
-5.48522
-5.4849
-5.48555
-5.48425
-5.48425
-5.48425
-5.48231
-5.48393
-5.48296
-5.48101
-5.48166
-5.47907
-5.47778
-5.47583
-5.47648
-5.47713
-5.47681
-5.47649
-5.47616
-5.4781
-5.47681
-5.47648
-5.47745
-5.47745
-5.47616
-5.47389
-5.47519
-5.47389
-5.47357
-5.47551
-5.47616
-5.47551
-5.47615
-5.47648
-5.47616
-5.47681
-5.47648
-5.48037
-5.48102
-5.48005
-5.48134
-5.48101
-5.48037
-5.47972
-5.48036
-5.47907
-5.47972
-5.47842
-5.47939
-5.48004
-5.48004
-5.47809
-5.47906
-5.47745
-5.47874
-5.47907
-5.47583
-5.47745
-5.4768
-5.4781
-5.47875
-5.47842
-5.47777
-5.47842
-5.47906
-5.47874
-5.47971
-5.47907
-5.48037
-5.48037
-5.48069
-5.48069
-5.48037
-5.47908
-5.48167
-5.48296
-5.48329
-5.48231
-5.4794
-5.47972
-5.48068
-5.48198
-5.48069
-5.48069
-5.48004
-5.48005
-5.48069
-5.4794
-5.48005
-5.47746
-5.4781
-5.47616
-5.47713
-5.47551
-5.47713
-5.47842
-5.47778
-5.4794
-5.48166
-5.48037
-5.47972
-5.47907
-5.48069
-5.48069
-5.47939
-5.48101
-5.48036
-5.47972
-5.47745
-5.48134
-5.48166
-5.48263
-5.48102
-5.48004
-5.48199
-5.48296
-5.48166
-5.48199
-5.48231
-5.48198
-5.48036
-5.48068
-5.48068
-5.48198
-5.4836
-5.48295
-5.4836
-5.4836
-5.48392
-5.48198
-5.48166
-5.48069
-5.48101
-5.48199
-5.48101
-5.48037
-5.48004
-5.4768
-5.47486
-5.4755
-5.47453
-5.47388
-5.47356
-5.47615
-5.47291
-5.4755
-5.47615
-5.47583
-5.47518
-5.47842
-5.47906
-5.48101
-5.48036
-5.48165
-5.47971
-5.47971
-5.48197
-5.481
-5.48132
-5.47971
-5.48003
-5.47809
-5.47777
-5.47744
-5.47647
-5.47744
-5.47549
-5.47743
-5.47938
-5.47906
-5.47938
-5.47647
-5.47842
-5.47583
-5.47486
-5.47389
-5.4755
-5.47453
-5.47518
-5.47615
-5.47518
-5.4755
-5.47874
-5.47938
-5.48133
-5.48133
-5.48133
-5.47971
-5.48197
-5.48165
-5.48295
-5.48068
-5.48004
-5.47907
-5.47939
-5.47907
-5.47939
-5.47939
-5.47713
-5.47907
-5.47907
-5.47972
-5.4794
-5.48004
-5.48004
-5.47778
-5.4781
-5.4781
-5.47875
-5.4781
-5.47745
-5.47907
-5.47907
-5.47778
-5.47745
-5.47907
-5.48037
-5.4807
-5.4807
-5.4807
-5.48329
-5.48393
-5.48264
-5.48393
-5.48264
-5.48264
-5.48166
-5.48005
-5.4781
-5.47777
-5.47875
-5.48037
-5.47842
-5.47843
-5.48135
-5.482
-5.48135
-5.48038
-5.48038
-5.48005
-5.4794
-5.4781
-5.48036
-5.48069
-5.48134
-5.47972
-5.47811
-5.47746
-5.47649
-5.47746
-5.47876
-5.47714
-5.47779
-5.47908
-5.47843
-5.47843
-5.47713
-5.47648
-5.4768
-5.48005
-5.4807
-5.48459
-5.48524
-5.48589
-5.48556
-5.48492
-5.48297
-5.48265
-5.48167
-5.4807
-5.48069
-5.48167
-5.48134
-5.47973
-5.47779
-5.47811
-5.47844
-5.47811
-5.47844
-5.47779
-5.47941
-5.47779
-5.47908
-5.48135
-5.482
-5.482
-5.48201
-5.48298
-5.48168
-5.48233
-5.48524
-5.48491
-5.48135
-5.48232
-5.48167
-5.4807
-5.4807
-5.47876
-5.47973
-5.48038
-5.48005
-5.47617
-5.47617
-5.47811
-5.47843
-5.47908
-5.48102
-5.48167
-5.48296
-5.48167
-5.48264
-5.48167
-5.482
-5.48038
-5.48135
-5.4807
-5.482
-5.48167
-5.4807
-5.47876
-5.4794
-5.47681
-5.47649
-5.47649
-5.47908
-5.48102
-5.47908
-5.47811
-5.47908
-5.47908
-5.48005
-5.48037
-5.48167
-5.48264
-5.48199
-5.48232
-5.4794
-5.47843
-5.47876
-5.47649
-5.47682
-5.47876
-5.4794
-5.48037
-5.48102
-5.4794
-5.47778
-5.4781
-5.48005
-5.48135
-5.48232
-5.48038
-5.48103
-5.47973
-5.47876
-5.47908
-5.48005
-5.47649
-5.47843
-5.47714
-5.47649
-5.47681
-5.47778
-5.47551
-5.47616
-5.47713
-5.47551
-5.47422
-5.47584
-5.47552
-5.47714
-5.47811
-5.47617
-5.47681
-5.47811
-5.47811
-5.47908
-5.4794
-5.47908
-5.47843
-5.47875
-5.48264
-5.48199
-5.48102
-5.48199
-5.48199
-5.4794
-5.47972
-5.47843
-5.47778
-5.4781
-5.47713
-5.47908
-5.47875
-5.4794
-5.47875
-5.48134
-5.48102
-5.48103
-5.48103
-5.48071
-5.48232
-5.48103
-5.48038
-5.48102
-5.48167
-5.48135
-5.48135
-5.48102
-5.4794
-5.47778
-5.47778
-5.47616
-5.47779
-5.47779
-5.47455
-5.47488
-5.47617
-5.47714
-5.47649
-5.47779
-5.47843
-5.47908
-5.47843
-5.47778
-5.48102
-5.47907
-5.47843
-5.47746
-5.47778
-5.47876
-5.47908
-5.48264
-5.48362
-5.48329
-5.48103
-5.48135
-5.48167
-5.48103
-5.482
-5.47973
-5.48167
-5.48135
-5.48199
-5.48167
-5.48038
-5.482
-5.48232
-5.48168
-5.48135
-5.48362
-5.48071
-5.47909
-5.47909
-5.47973
-5.48005
-5.48134
-5.48005
-5.47875
-5.4794
-5.4794
-5.4807
-5.48136
-5.48168
-5.48201
-5.48363
-5.48168
-5.48233
-5.48135
-5.47973
-5.47843
-5.47616
-5.47778
-5.47745
-5.47746
-5.47714
-5.47552
-5.47488
-5.47585
-5.47812
-5.47747
-5.48006
-5.47877
-5.47877
-5.47779
-5.47779
-5.48006
-5.47844
-5.48102
-5.48167
-5.48135
-5.482
-5.48362
-5.48524
-5.48492
-5.48233
-5.482
-5.48039
-5.48038
-5.47909
-5.48038
-5.47974
-5.47779
-5.47909
-5.47909
-5.47974
-5.48071
-5.48038
-5.48038
-5.48135
-5.48006
-5.48135
-5.47779
-5.47844
-5.47909
-5.48167
-5.48297
-5.48297
-5.48394
-5.48168
-5.48103
-5.48103
-5.48103
-5.47779
-5.48104
-5.48072
-5.48072
-5.47942
-5.48201
-5.48135
-5.48038
-5.47973
-5.47973
-5.4807
-5.48038
-5.47876
-5.48006
-5.47877
-5.48006
-5.48071
-5.48039
-5.48136
-5.47909
-5.4765
-5.47747
-5.47521
-5.47586
-5.47521
-5.47553
-5.47553
-5.47715
-5.47617
-5.47585
-5.47747
-5.47844
-5.47779
-5.47844
-5.47941
-5.47974
-5.48136
-5.48039
-5.48298
-5.48331
-5.48622
-5.48816
-5.48525
-5.48363
-5.48622
-5.48589
-5.48557
-5.48363
-5.48428
-5.4846
-5.48427
-5.48427
-5.4833
-5.48297
-5.48362
-5.482
-5.482
-5.48233
-5.48039
-5.47974
-5.48039
-5.48007
-5.48072
-5.48169
-5.48039
-5.47877
-5.47974
-5.48006
-5.48071
-5.47812
-5.47747
-5.4778
-5.47877
-5.47877
-5.47747
-5.47908
-5.47876
-5.47584
-5.47908
-5.4807
-5.47941
-5.48006
-5.47876
-5.48103
-5.47974
-5.48038
-5.47876
-5.47876
-5.47974
-5.47973
-5.48005
-5.48005
-5.48103
-5.48102
-5.4807
-5.48102
-5.48167
-5.48232
-5.4807
-5.48232
-5.48232
-5.4807
-5.4807
-5.47909
-5.47876
-5.47941
-5.47747
-5.47779
-5.47617
-5.47487
-5.47552
-5.47487
-5.4739
-5.47584
-5.47551
-5.47519
-5.47584
-5.47649
-5.47778
-5.4807
-5.48264
-5.48297
-5.48167
-5.482
-5.48361
-5.48264
-5.48102
-5.482
-5.48135
-5.48362
-5.48491
-5.48135
-5.47843
-5.47811
-5.4794
-5.4807
-5.48134
-5.47908
-5.47843
-5.4794
-5.47972
-5.47875
-5.47907
-5.48101
-5.48199
-5.48101
-5.48101
-5.48166
-5.48231
-5.48134
-5.48167
-5.48134
-5.48199
-5.4807
-5.4807
-5.48006
-5.47908
-5.47909
-5.48006
-5.48135
-5.4807
-5.47941
-5.48167
-5.48232
-5.48167
-5.48394
-5.48232
-5.48588
-5.48588
-5.48361
-5.4807
-5.48038
-5.48006
-5.48038
-5.48103
-5.4807
-5.47941
-5.47908
-5.47876
-5.47811
-5.48038
-5.48168
-5.48071
-5.48201
-5.4846
-5.48556
-5.48297
-5.48265
-5.48362
-5.48362
-5.4807
-5.47941
-5.48006
-5.48038
-5.48039
-5.48233
-5.47974
-5.47942
-5.47844
-5.48006
-5.48103
-5.48168
-5.47941
-5.47811
-5.47779
-5.47843
-5.47843
-5.47908
-5.47844
-5.47844
-5.47682
-5.47779
-5.47779
-5.47974
-5.47715
-5.47747
-5.47585
-5.47747
-5.47747
-5.47747
-5.47714
-5.47876
-5.48005
-5.47908
-5.4807
-5.48135
-5.48135
-5.48329
-5.4833
-5.48427
-5.48589
-5.48427
-5.48265
-5.48265
-5.48394
-5.48394
-5.48362
-5.48329
-5.48232
-5.48329
-5.48329
-5.482
-5.48264
-5.482
-5.48362
-5.48297
-5.48491
-5.4833
-5.48233
-5.48298
-5.48201
-5.48201
-5.48233
-5.48168
-5.4833
-5.48006
-5.48071
-5.48135
-5.48135
-5.482
-5.48103
-5.48135
-5.482
-5.48071
-5.48071
-5.48168
-5.48232
-5.4833
-5.4833
-5.4833
-5.48233
-5.48136
-5.47844
-5.48038
-5.48103
-5.48265
-5.48168
-5.48168
-5.48135
-5.48006
-5.47974
-5.48168
-5.48136
-5.48038
-5.48006
-5.47747
-5.48071
-5.47877
-5.48038
-5.48103
-5.482
-5.48297
-5.48135
-5.48038
-5.482
-5.47974
-5.47877
-5.47909
-5.47941
-5.48071
-5.47973
-5.47973
-5.47909
-5.48103
-5.48038
-5.48103
-5.48168
-5.48135
-5.48038
-5.47779
-5.47876
-5.47941
-5.47844
-5.47747
-5.47714
-5.47844
-5.47812
-5.47876
-5.47811
-5.47714
-5.48135
-5.47941
-5.47974
-5.47779
-5.47812
-5.47973
-5.47844
-5.47974
-5.47876
-5.47779
-5.47974
-5.47973
-5.47941
-5.47909
-5.47714
-5.47779
-5.47973
-5.47909
-5.48006
-5.47844
-5.4765
-5.47714
-5.47973
-5.4807
-5.48168
-5.48103
-5.48233
-5.48168
-5.4833
-5.48298
-5.48233
-5.48265
-5.4833
-5.48362
-5.48103
-5.47941
-5.47811
-5.47876
-5.482
-5.4833
-5.48233
-5.48201
-5.48104
-5.47942
-5.4791
-5.4791
-5.47812
-5.47877
-5.47974
-5.48006
-5.482
-5.48038
-5.48265
-5.48232
-5.48362
-5.48232
-5.48103
-5.48071
-5.4791
-5.4791
-5.47942
-5.47877
-5.47877
-5.48006
-5.47974
-5.47974
-5.48265
-5.48427
-5.48395
-5.48266
-5.48201
-5.48201
-5.48298
-5.48298
-5.48362
-5.48395
-5.4833
-5.48427
-5.48492
-5.48298
-5.48331
-5.48201
-5.4804
-5.48072
-5.48039
-5.48071
-5.48071
-5.48104
-5.48265
-5.4833
-5.48136
-5.47974
-5.47942
-5.48006
-5.47909
-5.47877
-5.47683
-5.47747
-5.47779
-5.47812
-5.47747
-5.47715
-5.47683
-5.47747
-5.47747
-5.47909
-5.47844
-5.47714
-5.47617
-5.47682
-5.4752
-5.47423
-5.47488
-5.47489
-5.47683
-5.47812
-5.4778
-5.47747
-5.47811
-5.47714
-5.47682
-5.47552
-5.4752
-5.47714
-5.47811
-5.48103
-5.48168
-5.47974
-5.48006
-5.47974
-5.48006
-5.47941
-5.47908
-5.47811
-5.47876
-5.47973
-5.48006
-5.47973
-5.48135
-5.48135
-5.482
-5.48167
-5.482
-5.48135
-5.482
-5.48362
-5.48362
-5.48329
-5.48167
-5.48199
-5.48167
-5.48232
-5.48296
-5.48167
-5.48329
-5.48394
-5.48264
-5.482
-5.48524
-5.48459
-5.48492
-5.48362
-5.48524
-5.48427
-5.48265
-5.48135
-5.48394
-5.482
-5.48135
-5.48038
-5.48167
-5.47941
-5.48005
-5.47876
-5.47973
-5.47649
-5.47552
-5.47196
-5.47325
-5.47293
-5.47261
-5.47455
-5.4752
-5.47552
-5.47617
-5.47487
-5.4752
-5.47714
-5.47811
-5.47811
-5.47779
-5.47682
-5.47973
-5.47844
-5.47844
-5.48006
-5.4807
-5.47941
-5.48102
-5.48038
-5.47973
-5.48005
-5.47973
-5.47908
-5.47811
-5.47779
-5.47649
-5.47617
-5.47682
-5.47585
-5.47714
-5.47617
-5.47779
-5.48038
-5.48006
-5.48006
-5.48168
-5.48135
-5.48297
-5.48135
-5.47941
-5.47908
-5.4807
-5.48232
-5.48297
-5.4807
-5.48038
-5.48135
-5.48297
-5.48264
-5.48426
-5.48361
-5.48426
-5.48297
-5.48038
-5.48135
-5.48006
-5.48233
-5.48394
-5.48329
-5.48329
-5.48491
-5.48459
-5.48491
-5.48329
-5.48135
-5.48134
-5.4794
-5.48102
-5.4807
-5.48135
-5.47973
-5.47973
-5.48102
-5.47973
-5.47843
-5.47779
-5.47811
-5.48006
-5.48006
-5.48135
-5.48103
-5.47941
-5.482
-5.48426
-5.48232
-5.48037
-5.47972
-5.48134
-5.48069
-5.47972
-5.48069
-5.48005
-5.4807
-5.48135
-5.47746
-5.47875
-5.47778
-5.47778
-5.4781
-5.47648
-5.47745
-5.4781
-5.47907
-5.47713
-5.47681
-5.47843
-5.47745
-5.47875
-5.47907
-5.48295
-5.48231
-5.48101
-5.48037
-5.48101
-5.48231
-5.48361
-5.48426
-5.48199
-5.48361
-5.48523
-5.48425
-5.48522
-5.48587
-5.4849
-5.48393
-5.48393
-5.48393
-5.48522
-5.48555
-5.48198
-5.48004
-5.47972
-5.47908
-5.48037
-5.47843
-5.47875
-5.47972
-5.47972
-5.47972
-5.48166
-5.48166
-5.48037
-5.47908
-5.48037
-5.48102
-5.48199
-5.48296
-5.48232
-5.48296
-5.48231
-5.48329
-5.48231
-5.48037
-5.48069
-5.48167
-5.48232
-5.48361
-5.48264
-5.48231
-5.48134
-5.4794
-5.48101
-5.48199
-5.48166
-5.4794
-5.47972
-5.47972
-5.47972
-5.47681
-5.47843
-5.47842
-5.47875
-5.48037
-5.48004
-5.48198
-5.48069
-5.48037
-5.47875
-5.47745
-5.4794
-5.47875
-5.47972
-5.47842
-5.47745
-5.47875
-5.47972
-5.48198
-5.48101
-5.48101
-5.47843
-5.4781
-5.47778
-5.4794
-5.4807
-5.48037
-5.48037
-5.47875
-5.47972
-5.48166
-5.48069
-5.4794
-5.47973
-5.47973
-5.48005
-5.48038
-5.4794
-5.47875
-5.48005
-5.48069
-5.48263
-5.48199
-5.48264
-5.48263
-5.48231
-5.48263
-5.4823
-5.48392
-5.48328
-5.48231
-5.48264
-5.48264
-5.48394
-5.48491
-5.48491
-5.48523
-5.48523
-5.48264
-5.48263
-5.48361
-5.48231
-5.48361
-5.48329
-5.48199
-5.48005
-5.48005
-5.48005
-5.48232
-5.48426
-5.48491
-5.48394
-5.48394
-5.48361
-5.48232
-5.48167
-5.482
-5.4794
-5.4807
-5.48264
-5.48199
-5.4807
-5.4807
-5.4807
-5.48232
-5.48232
-5.48329
-5.48394
-5.48426
-5.482
-5.482
-5.48037
-5.47908
-5.47972
-5.47907
-5.48134
-5.48166
-5.48037
-5.48101
-5.48134
-5.48263
-5.48264
-5.48393
-5.48458
-5.48264
-5.48199
-5.48231
-5.48167
-5.48166
-5.48231
-5.4836
-5.48198
-5.48328
-5.48392
-5.48392
-5.48166
-5.48036
-5.48004
-5.48036
-5.48004
-5.48004
-5.47907
-5.48198
-5.48101
-5.48133
-5.48166
-5.48068
-5.47971
-5.47971
-5.4823
-5.4823
-5.48392
-5.48586
-5.48586
-5.48522
-5.48781
-5.48813
-5.48781
-5.48684
-5.48554
-5.48424
-5.48424
-5.48165
-5.48067
-5.47938
-5.48035
-5.48133
-5.48004
-5.48166
-5.48069
-5.47874
-5.47615
-5.47647
-5.47647
-5.47744
-5.47647
-5.47679
-5.47809
-5.47971
-5.481
-5.48197
-5.48132
-5.48197
-5.48391
-5.48553
-5.48748
-5.48618
-5.48554
-5.4823
-5.48133
-5.48003
-5.47809
-5.47679
-5.481
-5.48457
-5.48489
-5.48327
-5.48132
-5.48262
-5.48294
-5.48294
-5.48035
-5.48068
-5.47841
-5.47842
-5.47971
-5.47842
-5.47971
-5.48004
-5.47971
-5.48133
-5.48165
-5.48003
-5.47841
-5.47906
-5.47841
-5.48003
-5.47971
-5.47809
-5.47647
-5.47906
-5.47874
-5.48003
-5.48132
-5.48035
-5.48229
-5.48294
-5.48295
-5.48133
-5.47971
-5.47939
-5.48003
-5.48197
-5.48164
-5.48132
-5.47938
-5.48068
-5.48229
-5.48359
-5.4797
-5.4797
-5.48164
-5.48229
-5.48164
-5.48229
-5.48326
-5.48358
-5.48455
-5.48423
-5.48197
-5.48035
-5.48035
-5.4797
-5.47938
-5.47938
-5.47905
-5.47678
-5.47775
-5.47808
-5.47905
-5.4784
-5.47872
-5.47969
-5.4784
-5.48067
-5.47872
-5.47581
-5.4771
-5.4784
-5.47743
-5.47743
-5.4784
-5.47873
-5.48002
-5.47905
-5.48066
-5.48196
-5.48293
-5.48293
-5.4784
-5.47938
-5.47808
-5.47873
-5.47873
-5.4797
-5.4797
-5.47873
-5.47938
-5.48067
-5.47873
-5.47938
-5.481
-5.48359
-5.48262
-5.48165
-5.47906
-5.47842
-5.48133
-5.47907
-5.47939
-5.47971
-5.47841
-5.47905
-5.47743
-5.47776
-5.47712
-5.47777
-5.47971
-5.47939
-5.48101
-5.48069
-5.4823
-5.48165
-5.48327
-5.48457
-5.48457
-5.48197
-5.481
-5.47744
-5.48036
-5.48198
-5.4836
-5.48262
-5.48327
-5.48198
-5.47939
-5.48004
-5.48036
-5.48068
-5.48133
-5.481
-5.47776
-5.47776
-5.47712
-5.47647
-5.47938
-5.47971
-5.48003
-5.48035
-5.47841
-5.48035
-5.48359
-5.48229
-5.48132
-5.48197
-5.48327
-5.48391
-5.48262
-5.48359
-5.48262
-5.48035
-5.47906
-5.48035
-5.48067
-5.48165
-5.48035
-5.47971
-5.48003
-5.48068
-5.48036
-5.48197
-5.48262
-5.48327
-5.48197
-5.48165
-5.48003
-5.48165
-5.48165
-5.47809
-5.47841
-5.47841
-5.47776
-5.47711
-5.47582
-5.47679
-5.47744
-5.47744
-5.47809
-5.48003
-5.481
-5.48132
-5.48068
-5.48003
-5.48133
-5.4823
-5.48165
-5.4823
-5.4823
-5.4836
-5.48392
-5.48489
-5.48392
-5.4823
-5.48036
-5.47971
-5.47971
-5.48165
-5.47841
-5.47971
-5.48068
-5.48101
-5.48036
-5.48036
-5.4823
-5.4823
-5.48165
-5.48198
-5.48424
-5.4836
-5.48166
-5.48133
-5.48198
-5.48198
-5.48327
-5.48295
-5.48295
-5.48198
-5.48295
-5.48327
-5.48327
-5.48521
-5.48554
-5.48425
-5.48231
-5.48328
-5.48296
-5.48263
-5.48392
-5.4823
-5.48036
-5.48035
-5.4797
-5.48294
-5.48294
-5.48423
-5.48456
-5.48359
-5.48327
-5.48554
-5.48489
-5.48392
-5.48457
-5.48134
-5.48263
-5.48036
-5.47971
-5.47939
-5.47842
-5.4768
-5.47679
-5.47615
-5.47453
-5.4742
-5.47259
-5.47291
-5.47485
-5.47615
-5.47615
-5.47745
-5.47809
-5.47874
-5.47842
-5.47744
-5.47744
-5.47841
-5.47841
-5.47777
-5.47841
-5.47874
-5.47809
-5.47712
-5.47744
-5.4755
-5.47744
-5.47874
-5.47809
-5.48003
-5.48132
-5.48035
-5.48067
-5.48229
-5.48456
-5.48327
-5.48165
-5.4823
-5.48068
-5.48165
-5.48197
-5.48294
-5.48391
-5.48391
-5.48197
-5.48261
-5.48359
-5.48165
-5.47971
-5.47776
-5.48003
-5.47938
-5.47841
-5.4797
-5.4784
-5.47711
-5.47743
-5.47582
-5.47485
-5.47387
-5.47517
-5.4742
-5.47452
-5.4742
-5.47581
-5.47549
-5.47646
-5.47743
-5.48099
-5.48261
-5.48391
-5.48326
-5.48164
-5.48262
-5.48229
-5.4797
-5.47873
-5.47841
-5.47808
-5.47775
-5.4797
-5.47873
-5.4797
-5.47905
-5.47938
-5.47906
-5.4797
-5.47809
-5.48068
-5.48067
-5.48035
-5.48003
-5.47938
-5.4797
-5.48165
-5.48359
-5.48262
-5.48326
-5.47971
-5.47776
-5.47679
-5.47582
-5.47582
-5.47614
-5.47711
-5.47614
-5.47678
-5.47872
-5.4784
-5.4797
-5.47776
-5.47873
-5.47808
-5.47711
-5.4797
-5.48261
-5.48261
-5.48359
-5.48164
-5.48132
-5.48261
-5.48229
-5.48164
-5.48067
-5.47937
-5.48034
-5.47905
-5.47775
-5.47969
-5.48034
-5.48131
-5.48293
-5.48326
-5.48261
-5.48293
-5.48358
-5.48261
-5.48132
-5.4797
-5.47937
-5.47808
-5.4758
-5.4771
-5.47548
-5.47612
-5.4758
-5.4771
-5.47775
-5.48131
-5.48228
-5.48293
-5.48229
-5.48391
-5.48617
-5.48391
-5.48358
-5.48261
-5.48034
-5.48131
-5.48261
-5.48423
-5.48261
-5.48293
-5.48196
-5.48002
-5.47969
-5.47969
-5.4784
-5.47872
-5.48034
-5.48196
-5.48358
-5.48422
-5.4839
-5.48454
-5.48325
-5.48325
-5.48293
-5.48261
-5.48099
-5.4797
-5.47905
-5.47776
-5.481
-5.48132
-5.48132
-5.4797
-5.4784
-5.47743
-5.47775
-5.4771
-5.47678
-5.4784
-5.47775
-5.47905
-5.47872
-5.48034
-5.4784
-5.47808
-5.48002
-5.48035
-5.47938
-5.48036
-5.47938
-5.48003
-5.48068
-5.4797
-5.48035
-5.47873
-5.47905
-5.48067
-5.48067
-5.48002
-5.48262
-5.48359
-5.48392
-5.48457
-5.48101
-5.48069
-5.48133
-5.48165
-5.48294
-5.48391
-5.48197
-5.48262
-5.48197
-5.47906
-5.47744
-5.47776
-5.47873
-5.47808
-5.47808
-5.4797
-5.4797
-5.48035
-5.48164
-5.4797
-5.48132
-5.48326
-5.48423
-5.48456
-5.48424
-5.48294
-5.48197
-5.48262
-5.48132
-5.48035
-5.48003
-5.48003
-5.48035
-5.47841
-5.48067
-5.48197
-5.48067
-5.48067
-5.48164
-5.48164
-5.48002
-5.47776
-5.47938
-5.48197
-5.48003
-5.48003
-5.48035
-5.47873
-5.47614
-5.47679
-5.47776
-5.47712
-5.47776
-5.47841
-5.47841
-5.47809
-5.48003
-5.48165
-5.48294
-5.47938
-5.47743
-5.47711
-5.48002
-5.48035
-5.48229
-5.481
-5.48068
-5.47938
-5.47841
-5.47712
-5.47971
-5.47841
-5.47874
-5.47971
-5.47809
-5.47679
-5.47614
-5.47614
-5.47776
-5.48003
-5.48132
-5.47873
-5.48002
-5.47905
-5.48067
-5.48035
-5.47905
-5.47809
-5.47873
-5.481
-5.47971
-5.48035
-5.48068
-5.48067
-5.48164
-5.48099
-5.47969
-5.48002
-5.47743
-5.47678
-5.47873
-5.48035
-5.481
-5.48035
-5.48035
-5.47938
-5.47905
-5.4784
-5.47743
-5.4797
-5.47905
-5.47614
-5.47646
-5.47711
-5.47452
-5.47581
-5.47679
-5.47646
-5.47808
-5.47873
-5.47873
-5.48035
-5.48002
-5.481
-5.481
-5.48294
-5.48197
-5.48197
-5.48197
-5.48132
-5.4797
-5.47808
-5.48035
-5.48067
-5.48099
-5.48131
-5.48066
-5.47969
-5.47937
-5.47905
-5.48164
-5.48197
-5.48165
-5.4823
-5.48327
-5.48003
-5.4797
-5.47711
-5.47678
-5.47581
-5.47775
-5.47678
-5.47484
-5.4729
-5.47355
-5.47484
-5.47743
-5.47646
-5.47646
-5.47873
-5.47808
-5.47873
-5.47906
-5.47938
-5.481
-5.48132
-5.48229
-5.48164
-5.48229
-5.48067
-5.4797
-5.4784
-5.47937
-5.48164
-5.4797
-5.48035
-5.4797
-5.47873
-5.47938
-5.47841
-5.47809
-5.47744
-5.47744
-5.47938
-5.48132
-5.48132
-5.48196
-5.48164
-5.48165
-5.48197
-5.48295
-5.48295
-5.481
-5.48197
-5.48132
-5.48067
-5.47808
-5.47905
-5.47614
-5.47743
-5.47873
-5.4797
-5.4784
-5.47808
-5.47808
-5.47776
-5.4797
-5.47776
-5.47809
-5.47938
-5.47938
-5.47938
-5.481
-5.48035
-5.48067
-5.47938
-5.48067
-5.4797
-5.48002
-5.48035
-5.4797
-5.4784
-5.47776
-5.4784
-5.47808
-5.47711
-5.47646
-5.47646
-5.47484
-5.47452
-5.47679
-5.47776
-5.47776
-5.47743
-5.4797
-5.48035
-5.48099
-5.48035
-5.47841
-5.47938
-5.47906
-5.47711
-5.47776
-5.48003
-5.48132
-5.48067
-5.48423
-5.48488
-5.48488
-5.48165
-5.4823
-5.48132
-5.48165
-5.48165
-5.48132
-5.48229
-5.48035
-5.48067
-5.48035
-5.48099
-5.47969
-5.47807
-5.4771
-5.47808
-5.47549
-5.47614
-5.47517
-5.4755
-5.47614
-5.47485
-5.4742
-5.47517
-5.47614
-5.47516
-5.47581
-5.47678
-5.47775
-5.47905
-5.48002
-5.48261
-5.48358
-5.48196
-5.48034
-5.48099
-5.48229
-5.48197
-5.48132
-5.47905
-5.48035
-5.4797
-5.47969
-5.47937
-5.47872
-5.48001
-5.47872
-5.47904
-5.47807
-5.47775
-5.47937
-5.48099
-5.48164
-5.48229
-5.48164
-5.48132
-5.48229
-5.48358
-5.48294
-5.48326
-5.48326
-5.4826
-5.48293
-5.48228
-5.48065
-5.47839
-5.47645
-5.47484
-5.47646
-5.47905
-5.47905
-5.48002
-5.48261
-5.48293
-5.48261
-5.48358
-5.4839
-5.48358
-5.48293
-5.48131
-5.48164
-5.48261
-5.48228
-5.47969
-5.48195
-5.48227
-5.48325
-5.48163
-5.48099
-5.48164
-5.48164
-5.48131
-5.47905
-5.48034
-5.48164
-5.48358
-5.48228
-5.48196
-5.48325
-5.4826
-5.48066
-5.48001
-5.47677
-5.47741
-5.47936
-5.48065
-5.48066
-5.47969
-5.47937
-5.4784
-5.47904
-5.47969
-5.47807
-5.47677
-5.47645
-5.47774
-5.47807
-5.4771
-5.47904
-5.47969
-5.48195
-5.48098
-5.4813
-5.47904
-5.48292
-5.48583
-5.48713
-5.48584
-5.48389
-5.48325
-5.4839
-5.48519
-5.48519
-5.48325
-5.48163
-5.48195
-5.48227
-5.48194
-5.48
-5.48162
-5.48097
-5.48162
-5.48259
-5.48356
-5.4813
-5.48097
-5.47806
-5.47644
-5.4745
-5.47644
-5.47904
-5.47904
-5.47871
-5.47806
-5.48033
-5.48001
-5.47871
-5.47904
-5.47742
-5.47742
-5.47612
-5.47774
-5.47709
-5.47871
-5.48001
-5.48065
-5.47968
-5.47903
-5.47903
-5.48033
-5.48227
-5.48195
-5.48357
-5.48293
-5.48195
-5.48325
-5.4839
-5.48293
-5.48357
-5.48292
-5.48066
-5.48001
-5.47936
-5.47806
-5.48066
-5.4813
-5.48163
-5.48033
-5.47806
-5.47709
-5.47709
-5.47677
-5.47774
-5.47774
-5.48098
-5.48163
-5.48228
-5.48163
-5.48034
-5.47936
-5.47969
-5.4813
-5.4826
-5.48292
-5.48098
-5.48195
-5.48065
-5.48227
-5.48195
-5.48098
-5.48098
-5.48098
-5.48131
-5.48195
-5.48163
-5.48034
-5.48357
-5.48357
-5.4826
-5.48325
-5.48163
-5.4826
-5.48325
-5.48131
-5.48163
-5.48131
-5.48228
-5.48292
-5.48195
-5.48131
-5.48325
-5.48131
-5.48067
-5.47905
-5.4784
-5.48034
-5.48163
-5.48066
-5.48001
-5.47936
-5.47839
-5.47904
-5.47904
-5.47904
-5.47807
-5.47937
-5.48131
-5.48034
-5.48163
-5.48098
-5.48098
-5.48131
-5.48098
