-6.77608
-6.78454
-6.7897
-6.7909
-6.7902
-6.78608
-6.77917
-6.76932
-6.75628
-6.74204
-6.73147
-6.72049
-6.71085
-6.69951
-6.6927
-6.68451
-6.67429
-6.66518
-6.66035
-6.65432
-6.65461
-6.65672
-6.65838
-6.66153
-6.66771
-6.67867
-6.69175
-6.70602
-6.71736
-6.72774
-6.73316
-6.7366
-6.73678
-6.734
-6.72803
-6.71843
-6.70476
-6.69037
-6.68106
-6.67603
-6.67957
-6.69047
-6.71014
-6.72966
-6.75419
-6.77113
-6.78546
-6.79159
-6.79096
-6.78107
-6.76767
-6.7496
-6.7365
-6.72039
-6.70484
-6.68914
-6.67237
-6.65673
-6.63927
-6.6248
-6.61317
-6.60487
-6.60556
-6.60997
-6.61743
-6.62855
-6.63757
-6.64842
-6.66283
-6.68008
-6.69943
-6.72031
-6.74408
-6.76423
-6.78652
-6.8035
-6.8152
-6.82639
-6.83171
-6.83242
-6.82655
-6.81238
-6.79075
-6.76273
-6.73199
-6.6994
-6.66525
-6.63577
-6.61311
-6.60116
-6.59881
-6.60368
-6.61769
-6.63618
-6.65363
-6.6736
-6.69053
-6.70508
-6.71544
-6.72265
