0 -8057.38 766.213
1 -9123.94 561.393
2 -9082.78 708.472
3 -7145.43 662.694
4 -9411.05 900.434
5 -8699.91 842.737
6 -6817.1 759.441
7 -7517.33 620.266
8 -7770.35 690.795
9 -8375.52 865.187
10 -7134.03 1059.74
11 -7484.74 517.057
12 -8572.19 713.872
13 -7301.72 791.296
14 -7793.8 871.976
15 -7830.92 890.358
16 -8312.21 758.033
17 -8343.6 659.136
18 -7524.39 716.627
19 -8236.98 857.285
20 -6417.9 716.646
21 -7834.01 927.387
22 -8303.63 950.559
23 -8476.64 1116.63
24 -8369.97 806.802
25 -8103.35 1208.96
26 -7924.41 793.834
27 -6193.92 793.227
28 -7577.89 694.63
29 -7142.2 687.623
30 -6716.91 656.212
31 -7639.18 757.057
32 -8517.83 852.881
33 -7243.06 926.778
34 -6865.54 778.227
35 -8502.3 971.903
36 -8351.27 821.175
37 -7537.19 722.984
38 -8967.96 678.029
39 -8689.77 967.362
40 -7978.24 1015.85
41 -8723.3 823.059
42 -7479.58 682.74
43 -8378.12 877.549
44 -7827.18 758.345
45 -7446.54 617.964
46 -6954.64 734.876
47 -6454.26 631.218
48 -7610.7 897.75
49 -8465.87 764.967
50 -7794.11 900.236
51 -6800.99 611.409
52 -8523.39 890.798
53 -8999.58 808.311
54 -7570.45 826.707
55 -8655.97 689.237
56 -8032.55 543.679
57 -6978.28 653.036
58 -8453.84 838.92
59 -6590.06 979.42
60 -7775.59 651.761
61 -7835.33 723.169
62 -6881.83 659.338
63 -7925.02 826.038
64 -6846.09 662.567
65 -10254 790.207
66 -7276.37 623.023
67 -7286.15 769.525
68 -7188.7 635.854
69 -9391.3 1074.99
70 -6679.86 752.374
71 -7551.15 707.11
72 -6774.23 622.12
73 -7720.12 813.468
74 -7911.32 899.21
75 -8433.7 798.699
76 -7154.1 719.9
77 -9475.16 1033.28
78 -8147.58 671.211
79 -9334.8 1097.08
80 -8402.44 817.83
81 -8711.39 1089.11
82 -8772.93 785.899
83 -6988.64 664.653
84 -8377.45 804.296
85 -8058.02 857.361
86 -7127.57 729.648
87 -6666.28 525.953
88 -7012.19 684.406
89 -7112.08 864.455
90 -6496.96 499.957
91 -8385.38 779.434
92 -7988.32 1026.22
93 -7348.22 555.062
94 -7976.69 705.737
95 -6909.6 927.847
96 -7383.76 667.212
97 -6120.15 616.062
98 -8422.73 888.669
99 -8429.13 774.026
100 -7505.59 1004.19
101 -9973.22 995.046
102 -6167.3 734.604
103 -7376.79 589.28
104 -6837.43 782.813
105 -8271.54 718.985
106 -7853.83 959.066
107 -6696.46 664.07
108 -8644.31 835.22
109 -7248.07 623.315
110 -8441.68 845.717
111 -7826.88 776.971
112 -6864.4 579.153
113 -9227.07 977.81
114 -7197.76 769.781
115 -7571.27 563.881
116 -9488.34 1124.14
117 -7934.83 983.281
118 -6395.17 715.396
119 -8086 1109.02
120 -7661.15 851.211
121 -6608.26 545.987
122 -9443.73 693.366
123 -7248.59 778.117
124 -7792.55 791.023
125 -9649.65 1031.51
126 -8723.96 1060.74
127 -6980.5 721.306
128 -6499.09 574.841
129 -8006.76 846.278
130 -8375.08 691.76
131 -7694.11 611.612
132 -5868.62 611.508
133 -8481.83 859.282
134 -7647.06 805.549
135 -7064.34 544.95
136 -5905.79 444.214
137 -7827.4 800.095
138 -7333.46 898.543
139 -8267.31 1115.46
140 -8873.59 945.732
141 -8474.51 776.283
142 -7654.35 939.42
143 -8076.4 774.557
144 -6521.89 757.367
145 -7168.04 1116.07
146 -7934.84 684.695
147 -8663.3 1046.71
148 -8153.57 790.769
149 -8465.86 813.292
150 -7524.4 718.764
151 -7933.09 907.841
152 -8311.43 925.968
153 -7664.78 875.568
154 -8356.58 641.131
155 -6983.32 625.919
156 -8971.98 783.444
157 -7304.66 843.525
158 -8607.52 777.335
159 -7407.83 772.281
160 -8506.3 862.294
161 -8088.73 631.43
162 -10036.9 1041.84
163 -6784.24 892.193
164 -7633.38 751.64
165 -8206.64 700.147
166 -8671.94 601.299
167 -8705.71 955.503
168 -7387.49 913.952
169 -7742.53 782.013
170 -7767.93 740.067
171 -7507.66 1047.61
172 -6190.16 779.366
173 -8299.61 801.537
174 -8880.47 609.622
175 -7197.9 932.347
176 -7116.21 739.796
177 -7447.27 1147.98
178 -8380.02 690.697
179 -7848.8 687.835
180 -7629.2 704.16
181 -6758.89 648.981
182 -8872.62 1066.01
183 -8525.8 697.008
184 -8201.08 546.357
185 -9053.1 901.453
186 -8257.8 782.168
187 -7375.88 652.925
188 -7210.6 705.724
189 -6605.08 777.163
190 -7731.62 587.12
191 -8389.08 778.888
192 -8370.25 800.492
193 -9776.78 816.896
194 -7426.49 746.941
195 -8616.22 1062.96
196 -6948.97 847.992
197 -7593.04 707.082
198 -7435.45 966.889
199 42.3944 53.0568
200 -7847.99 1022.18
201 -8298.39 730.431
202 -8223.99 1227.72
203 -6817.69 752.707
204 -6918.12 527.347
205 -6491.91 529.262
206 -6902.24 743.47
207 -5688.54 574.975
208 -7885.56 833.962
209 -7864.61 740.609
210 -8432.84 522.251
211 -8441.51 1050.22
212 -7642.34 790.474
213 -7554.76 1085.6
214 -7262.27 995.898
215 -8174.62 1042.03
216 -7208.1 627.651
217 -6902.29 599.477
218 -7912.66 754.828
219 -7797.38 876.249
220 -8515.45 764.23
221 -8779.68 641.497
222 -6847.1 875.95
223 -8774.14 767.49
224 -6828.57 785.673
225 -8109.36 640.463
226 -7142.97 844.386
227 -8543.33 841.245
228 -7574.28 960.854
229 -7993.83 917.184
230 -7502.47 865.603
231 -9228.97 967.467
232 -8383.93 920.456
233 -7169.69 954.294
234 -7686.27 643.667
235 -7013.09 734.488
236 -8334.53 853.701
237 -8621.89 997.853
238 -8421.91 1096.44
239 -7403 1050.16
240 -6485.66 831.841
241 -8315.03 906.995
242 -6379.01 552.644
243 -8726.62 1006.87
244 -7277.04 970.436
245 -9150.81 1347.12
246 -6651.02 658.187
247 -7803.88 920.142
248 -6233.04 535.421
249 -8170.77 926.059
250 -7317.12 734.924
251 -6310.25 554.783
252 -8436.4 884.052
253 -7710.18 661.257
254 -6905.22 640.293
255 -8247.95 796.215
256 -7766.94 624.253
257 -8473.86 839.042
258 -8095.7 782.002
259 -7965.04 936.418
260 -7725.56 867.08
261 -8422.18 908.11
262 -8567.83 924.078
263 -10137.1 1074.15
264 -6891.59 886.366
265 -8732.1 981.251
266 -8789.75 864.421
267 -10151.2 723.478
268 -7193.28 892.083
269 -8175.02 779.737
270 -6148.51 583.429
271 -6351.84 775.884
272 -7841.07 1039.32
273 -9914.96 840.467
274 -6412.44 659.508
275 -7995.55 759.267
276 -7417.25 891.427
277 -7539.74 970.469
278 -8919.67 740.276
279 -7927.11 820.397
280 -6839.33 510.919
281 -8006.21 528.587
282 -8177.93 636.546
283 -8974.83 786.793
284 -7698.6 986.933
285 -8987.78 719.799
286 -6718.4 867.138
287 -6573.14 672.97
288 -9363.57 777.369
289 -7499.25 813.908
290 -6257.53 564.451
291 -9411.88 1110.4
292 -7425.81 706.008
293 -7439 710.395
294 -7632.11 781.043
295 -8682.59 926.01
296 -8183.96 915.836
297 -7114.47 679.141
298 -8181.23 773.938
299 -8057.5 752.924
