0 -1.85506 4.07113
1 3.60506 3.67205
2 -3.78876 3.64709
3 2.37645 4.43715
4 1.21146 3.06268
5 -3.9031 4.083
6 -2.34518 3.8954
7 -4.18879 3.78541
8 -4.35533 3.2428
9 6.62727 2.90864
10 -6.33353 3.4454
11 1.31837 2.59743
12 -1.72625 3.24161
13 -2.99744 3.06272
14 -3.5472 3.13542
15 3.82861 4.55546
16 6.74192 4.07204
17 -8.94706 3.33725
18 -2.31463 4.27679
19 -1.29179 3.79751
20 4.12 3.36839
21 -6.46145 4.64258
22 -4.09461 4.46526
23 -5.08031 4.07777
24 1.0777 4.21283
25 2.6465 3.62847
26 2.60596 3.53876
27 -1.85595 2.89918
28 -3.00401 3.13236
29 1.02933 3.09648
30 -4.39105 4.40075
31 -10.7505 3.94166
32 5.42068 2.99234
33 2.24754 3.60873
34 -6.12657 3.63717
35 -4.19203 4.08789
36 -9.32026 3.77218
37 -0.505039 3.91609
38 -6.45109 2.47643
39 1.86495 2.75614
40 1.20098 3.9136
41 1.45892 4.07575
42 0.280094 3.53267
43 -3.21418 4.48875
44 -0.24049 3.5734
45 -7.57811 2.19899
46 -7.901 2.88468
47 -5.36975 4.15454
48 -2.88674 3.45538
49 3.12016 2.50411
50 -2.2391 4.13371
51 -2.8961 3.26987
52 -4.03909 3.11272
53 -6.18948 3.90364
54 -2.89302 3.89222
55 -2.67927 5.2528
56 -10.0003 3.74148
57 -6.32965 4.36708
58 -1.11323 4.66329
59 -1.61397 3.22997
60 2.24905 4.8404
61 -2.08451 4.98373
62 -0.360035 3.42653
63 1.59124 2.28366
64 -6.23103 3.43863
65 0.239406 3.39341
66 1.1571 3.61421
67 1.65871 3.21613
68 -7.63376 4.41907
69 -1.65925 3.75251
70 -5.58592 3.54387
71 -1.24279 3.67626
72 -10.1519 4.92719
73 -0.548397 3.83822
74 -3.70495 2.96727
75 -8.56043 2.43166
76 -3.22756 3.9816
77 -8.63929 2.62833
78 -8.11761 4.4309
79 2.10843 3.52629
80 0.861381 3.74006
81 -0.00105316 3.79523
82 -2.45615 3.45081
83 -0.622222 4.22497
84 4.17788 3.95829
85 -2.09894 3.32348
86 -5.04775 3.42118
87 -8.21829 3.34902
88 2.58731 3.95393
89 -0.462218 4.33816
90 -1.19311 3.32967
91 -3.58033 4.23905
92 -5.35812 4.08401
93 -2.62097 3.53618
94 -0.590184 4.19096
95 0.654161 3.94517
96 -3.22544 3.8382
97 -1.07493 3.36619
98 -3.28329 3.00881
99 -0.414847 4.05328
100 1.43096 3.42857
101 -1.84867 2.8991
102 -3.91878 3.78677
103 -11.1163 3.12653
104 1.5387 3.6127
105 -7.00925 3.29958
106 -0.798316 4.00946
107 0.548929 3.1088
108 -0.712497 3.43022
109 3.92866 3.84749
110 -8.21449 3.8632
111 -3.58104 3.53803
112 3.40181 4.00836
113 -1.83086 3.59282
114 -0.359004 3.19376
115 -0.0421588 3.83617
116 3.445 2.98949
117 -4.11562 4.00819
118 2.34926 3.6285
119 -2.86343 4.39287
120 -1.77959 4.09024
121 -1.07972 3.72939
122 -4.44148 4.29072
123 -6.46731 3.71189
124 -5.06888 3.28075
125 -2.84571 3.79124
126 -1.31661 3.03924
127 3.53515 3.21463
128 -2.22797 3.41409
129 3.32107 4.11435
130 -3.27401 4.24497
131 -6.30908 3.45871
132 -2.00799 4.90212
133 2.13191 3.50867
134 -2.85365 3.85215
135 0.812546 4.51134
136 -6.6435 4.13551
137 -1.45212 4.02084
138 -1.71461 3.85532
139 -4.82057 3.12941
140 -6.87658 2.71413
141 -13.2656 3.61579
142 1.27312 3.67054
143 0.349782 3.31271
144 -0.0401907 3.38951
145 1.795 3.41624
146 -2.29448 2.50439
147 -2.64224 3.09101
148 -5.16032 2.21812
149 -1.74078 3.60325
150 -1.42049 3.7176
151 -8.82898 3.44771
152 -3.63079 2.61963
153 -4.7098 4.06828
154 0.642862 3.23587
155 -11.998 3.33724
156 -0.564303 3.20652
157 -7.79893 3.65171
158 -1.34626 4.35124
159 -7.02105 4.21266
160 -5.13026 2.85397
161 -1.37954 3.741
162 0.427342 4.59541
163 -3.41332 3.54428
164 -2.95695 3.79801
165 -8.52197 4.49448
166 -5.3095 3.11729
167 -8.22353 3.83172
168 -6.61909 3.73536
169 2.68004 4.15064
170 -6.71734 3.78061
171 8.14527 3.87526
172 -3.5015 3.78874
173 -2.94549 3.89914
174 -4.40179 3.85387
175 -9.48842 3.62987
176 -5.96501 3.87502
177 0.678969 2.53184
178 -4.88147 3.48258
179 -5.1881 3.13626
180 3.50451 2.51653
181 -0.995137 4.28234
182 -2.11953 3.5224
183 -0.301331 4.61654
184 0.214959 3.10093
185 -5.7652 3.05629
186 -6.09937 4.56031
187 -6.28057 3.71366
188 -1.7029 3.9472
189 -6.34572 3.42844
190 -0.576038 3.41708
191 3.36028 3.8895
192 -0.199707 3.73973
193 -7.50735 3.43819
194 1.83464 2.01617
195 -0.36557 2.71097
196 1.0167 3.36198
197 -3.549 3.64611
198 -0.301552 3.98276
199 -0.689433 3.80787
200 -1.88457 3.22091
201 0.799889 3.50395
202 -2.38094 3.04886
203 1.11206 3.45448
204 0.978426 3.38651
205 -4.60807 4.399
206 3.40884 2.77075
207 -5.25164 2.99448
208 -1.05068 3.9068
209 6.09201 3.31699
210 1.42693 3.58735
211 -5.09417 3.28323
212 -0.0665334 3.54197
213 7.26647 4.59877
214 -3.24691 3.54557
215 1.09099 2.99911
216 -10.0249 5.23194
217 -3.2745 4.34534
218 -0.325821 3.4584
219 2.68178 3.64353
220 -0.891667 2.74542
221 1.73875 3.1739
222 -3.50519 4.22217
223 1.97736 3.89501
224 5.64325 3.32249
225 -7.74083 3.42281
226 -2.77942 4.68734
227 -3.81793 3.36936
228 -9.1746 2.8468
229 -6.39251 2.43994
230 -0.464126 3.48287
231 -3.70281 5.2016
232 -4.17516 3.74404
233 -3.46508 2.91068
234 0.188091 3.80017
235 -4.21863 4.19857
236 0.209788 4.4411
237 -8.23852 4.43698
238 -2.47213 3.94801
239 -3.43099 3.87807
240 3.91439 2.99336
241 -4.55803 2.46647
242 6.05055 3.96584
243 3.82161 4.2665
244 1.80673 3.53858
245 -8.03707 4.58231
246 -7.1595 2.95677
247 -1.68767 3.51868
248 -11.2763 3.28186
249 1.82565 3.46797
250 -10.5483 3.5343
251 -1.19355 4.43038
252 -1.70143 4.97349
253 -13.5579 3.77446
254 -7.46047 3.45985
255 -1.09145 3.82346
256 2.29827 4.13189
257 2.41536 4.14516
258 -3.18947 4.19415
259 -9.67056 4.15881
260 3.06041 2.16782
261 -2.44892 4.2591
262 -3.33027 3.49863
263 -6.7078 3.70288
264 -3.30876 3.44271
265 -2.7555 2.80021
266 -1.96158 3.93169
267 -3.55173 3.8771
268 6.77683 3.23129
269 1.57436 3.07426
270 -6.26288 4.11469
271 -7.11629 4.74819
272 1.03471 4.63967
273 -5.58821 4.17722
274 -5.93862 4.17465
275 -10.7147 3.6666
276 -4.73598 3.4529
277 -1.99082 3.47155
278 -1.35698 3.48496
279 -0.376823 2.83546
280 -1.15917 4.47768
281 -8.2625 3.71265
282 3.34066 3.45068
283 -4.21011 3.61668
284 -6.98597 2.77752
285 -2.81139 3.07578
286 -3.50807 3.63135
287 -2.2875 3.96579
288 4.92571 2.87835
289 0.912644 4.36143
290 0.898449 3.76136
291 1.66405 4.59516
292 2.96021 2.85279
293 -5.86141 5.43764
294 0.536821 4.81077
295 -6.04751 4.61319
296 2.29084 3.60252
297 -5.45271 4.36559
298 -9.50412 2.70836
299 4.0779 3.59305
