0 0.731412 0.0262243
1 0.731721 0.026242
2 0.73298 0.0266316
3 0.733701 0.0267451
4 0.733189 0.0265653
5 0.733291 0.0267002
6 0.733311 0.0267466
7 0.733365 0.0267803
8 0.73393 0.0268314
9 0.733361 0.0267824
10 0.732721 0.0266011
11 0.731839 0.0264834
12 0.731486 0.0264915
13 0.731869 0.0264102
14 0.732024 0.0264671
15 0.732828 0.0266821
16 0.733255 0.0263278
17 0.732909 0.0263485
18 0.731652 0.0261506
19 0.732959 0.0262749
20 0.733536 0.0260955
21 0.733789 0.0261035
22 0.734074 0.0263324
23 0.733531 0.0262085
24 0.73363 0.0261674
25 0.733578 0.0261442
26 0.732322 0.026363
27 0.732403 0.026332
28 0.734477 0.0263856
29 0.734216 0.0265399
30 0.733643 0.0264789
31 0.733801 0.0262269
32 0.733663 0.0263991
33 0.734026 0.0261345
34 0.733459 0.0262468
35 0.73281 0.0260542
36 0.732659 0.0259775
37 0.733244 0.0258654
38 0.731819 0.0259333
39 0.731297 0.0260509
40 0.729428 0.0258645
41 0.728723 0.0257927
42 0.729168 0.0256276
43 0.727999 0.0253333
44 0.729773 0.0254482
45 0.730573 0.0253899
46 0.730166 0.0251278
47 0.730741 0.0251114
48 0.730284 0.0251999
49 0.730348 0.0252865
50 0.730205 0.0254856
51 0.729606 0.0255138
52 0.728067 0.0256481
53 0.727759 0.0258428
54 0.728323 0.0259395
55 0.727659 0.0259025
56 0.727923 0.0258845
57 0.728015 0.0254074
58 0.728371 0.0257206
59 0.728474 0.0260836
60 0.728441 0.0262295
61 0.728247 0.0261423
62 0.729333 0.0261282
63 0.730342 0.0261661
64 0.730136 0.0262886
65 0.730617 0.0264508
66 0.7313 0.0264203
67 0.732844 0.0265001
68 0.732763 0.0261556
69 0.733058 0.0266427
70 0.732639 0.0266538
71 0.732988 0.0266369
72 0.733359 0.0265711
73 0.734114 0.026504
74 0.734805 0.0268587
75 0.733338 0.0268164
76 0.73455 0.0266321
77 0.734437 0.0267143
78 0.734134 0.0267909
79 0.733889 0.0269843
80 0.734036 0.0270268
81 0.735445 0.0265863
82 0.735212 0.0266819
83 0.7349 0.026849
84 0.735311 0.0269783
85 0.735288 0.0272311
86 0.734017 0.0273518
87 0.734763 0.0274908
88 0.73563 0.0276972
89 0.736422 0.0276406
90 0.736052 0.027541
91 0.735992 0.0275233
92 0.736058 0.0274639
93 0.73681 0.0276395
94 0.737101 0.0277566
95 0.737186 0.0279169
96 0.73632 0.0279236
97 0.734776 0.0281351
98 0.735697 0.0283092
99 0.73577 0.0285043
100 0.736273 0.0285618
101 0.737173 0.028645
102 0.736706 0.0288616
103 0.736687 0.0288598
104 0.738244 0.0289309
105 0.738733 0.028952
106 0.740429 0.0286538
107 0.740312 0.0285715
108 0.741452 0.028479
109 0.74112 0.0284343
110 0.740231 0.0285911
111 0.739888 0.0286526
112 0.741151 0.0286465
113 0.741958 0.0283525
114 0.741236 0.0281659
115 0.741312 0.0281155
116 0.741171 0.0279204
117 0.741308 0.0280886
118 0.740515 0.0279853
119 0.74137 0.0278719
120 0.742008 0.0277018
121 0.74176 0.0276178
122 0.742448 0.0275511
123 0.742911 0.0275849
124 0.743365 0.0273852
125 0.742959 0.0274724
126 0.743869 0.027457
127 0.744113 0.0276132
128 0.74322 0.0276846
129 0.742678 0.0276611
130 0.743847 0.0276789
131 0.745101 0.0276961
132 0.744825 0.0277514
133 0.744111 0.0278194
134 0.742498 0.0281253
135 0.743325 0.0284548
136 0.742928 0.0287133
137 0.743187 0.0286359
138 0.743616 0.0285755
139 0.742515 0.0288254
140 0.742933 0.0287616
141 0.74347 0.0287727
142 0.742893 0.0286703
143 0.743735 0.0288182
144 0.743853 0.0288804
145 0.74418 0.0287852
146 0.743874 0.0288287
147 0.74458 0.0287529
148 0.744905 0.0287157
149 0.743867 0.0283217
150 0.743548 0.0282476
151 0.744364 0.0279897
152 0.74439 0.0280778
153 0.744337 0.0285119
154 0.742869 0.027918
155 0.74324 0.0279338
156 0.744213 0.0280777
157 0.74346 0.0280345
158 0.74306 0.0280934
159 0.743099 0.0281082
160 0.742212 0.0280703
161 0.743187 0.0280532
162 0.743661 0.0281139
163 0.743209 0.0280477
164 0.743577 0.0282259
165 0.743337 0.0281531
166 0.743129 0.0281835
167 0.744433 0.0283002
168 0.745892 0.0283111
169 0.746037 0.0282783
170 0.74663 0.0284892
171 0.746149 0.0284663
172 0.745122 0.0285643
173 0.745587 0.0285806
174 0.745973 0.0282587
175 0.74471 0.0282094
176 0.744139 0.0282541
177 0.743997 0.0283363
178 0.744217 0.0282992
179 0.743681 0.0282494
180 0.744286 0.0279231
181 0.743339 0.0276786
182 0.743223 0.0279206
183 0.742939 0.0276706
184 0.742057 0.0277654
185 0.74143 0.0275079
186 0.742334 0.0273117
187 0.740776 0.0271938
188 0.740976 0.0275371
189 0.738165 0.0274112
190 0.737983 0.0273991
191 0.740093 0.0273866
192 0.740145 0.0275412
193 0.73974 0.0275144
194 0.738899 0.0276199
195 0.739196 0.0278299
196 0.739143 0.0276979
197 0.738717 0.0277396
198 0.739379 0.0277296
199 0.739669 0.0278097
200 0.739667 0.0276678
201 0.738535 0.027562
202 0.739018 0.0273574
203 0.739248 0.0273824
204 0.73967 0.0272979
205 0.739562 0.0272419
206 0.739565 0.027294
207 0.739158 0.0271269
208 0.739942 0.0268325
209 0.74102 0.0267352
210 0.739498 0.026565
211 0.739446 0.0264312
212 0.73795 0.0265601
213 0.739281 0.0264155
214 0.739025 0.0264272
215 0.740185 0.0263629
216 0.74049 0.0265049
217 0.738856 0.0265457
218 0.739346 0.0266697
219 0.738967 0.0268179
220 0.739445 0.0272503
221 0.738649 0.0273782
222 0.73894 0.0273456
223 0.739568 0.0270907
224 0.739824 0.026946
225 0.740175 0.0268538
226 0.739775 0.0267751
227 0.739206 0.0268
228 0.73999 0.0271959
229 0.740388 0.0268968
230 0.740736 0.0268614
231 0.740245 0.0269899
232 0.740263 0.0268057
233 0.740696 0.0267188
234 0.74019 0.0267266
235 0.740713 0.0269128
236 0.740666 0.0269774
237 0.739656 0.0266608
238 0.739113 0.0266528
239 0.738482 0.026342
240 0.740073 0.0259352
241 0.740646 0.0258814
242 0.739829 0.0255589
243 0.739322 0.025635
244 0.738648 0.0256308
245 0.73668 0.0258634
246 0.736809 0.0261144
247 0.735548 0.0262249
248 0.735026 0.0260382
249 0.735726 0.0262
250 0.735412 0.0260268
251 0.735926 0.0258205
252 0.735881 0.0259626
253 0.735106 0.0257445
254 0.735401 0.0257339
255 0.735081 0.0256146
256 0.736064 0.0257274
257 0.736072 0.0260332
258 0.736337 0.0258763
259 0.735835 0.025866
260 0.735924 0.0258594
261 0.735674 0.026038
262 0.735602 0.0257705
263 0.735968 0.0257951
264 0.736133 0.0259408
265 0.735325 0.0259772
266 0.733903 0.026067
267 0.734037 0.0261025
268 0.732894 0.0260111
269 0.732873 0.0258093
270 0.732863 0.0259859
271 0.732032 0.0260804
272 0.731828 0.0259443
273 0.731895 0.0259713
274 0.732739 0.025922
275 0.733777 0.0263347
276 0.733713 0.0263679
277 0.732915 0.0266167
278 0.733305 0.0262943
279 0.733852 0.0262192
280 0.733449 0.0262055
281 0.732896 0.0263411
282 0.732326 0.0261735
283 0.732682 0.0260808
284 0.7322 0.0263261
285 0.732561 0.0264096
286 0.732781 0.0264258
287 0.732323 0.02631
288 0.732879 0.0261989
289 0.733229 0.0262389
290 0.733161 0.0262466
291 0.732748 0.0261744
292 0.731506 0.0263405
293 0.731201 0.0263408
294 0.730917 0.0265205
295 0.731061 0.026461
296 0.731732 0.0264354
297 0.731469 0.0262635
298 0.731866 0.0263277
299 0.731415 0.0262012
