0 -0.812577 0.00300557
1 -0.812435 0.00309957
2 -0.811645 0.0030339
3 -0.811127 0.0029558
4 -0.81118 0.00291992
5 -0.81072 0.00306488
6 -0.811713 0.00339188
7 -0.8111 0.00340655
8 -0.811185 0.0033684
9 -0.811108 0.00360753
10 -0.81134 0.00363153
11 -0.811569 0.00364812
12 -0.810826 0.00369538
13 -0.810851 0.00368105
14 -0.810665 0.0036086
15 -0.811086 0.00363205
16 -0.810754 0.00384607
17 -0.810391 0.0038116
18 -0.811672 0.00375162
19 -0.811488 0.00359821
20 -0.813188 0.00386148
21 -0.813646 0.00366164
22 -0.815191 0.00360927
23 -0.815335 0.00323329
24 -0.81492 0.00319086
25 -0.815108 0.00332713
26 -0.813471 0.0030671
27 -0.813216 0.00306556
28 -0.813239 0.00291216
29 -0.813171 0.00266177
30 -0.812407 0.00256797
31 -0.81201 0.0025825
32 -0.811424 0.00292373
33 -0.810759 0.00288524
34 -0.80951 0.00296177
35 -0.80928 0.00284025
36 -0.810096 0.00274711
37 -0.81055 0.00272073
38 -0.809574 0.00279679
39 -0.809094 0.00288768
40 -0.808313 0.00304546
41 -0.806654 0.00330393
42 -0.806657 0.00341616
43 -0.807405 0.00360846
44 -0.808135 0.00376623
45 -0.808469 0.00367045
46 -0.809241 0.00348455
47 -0.809961 0.00358499
48 -0.809543 0.0034561
49 -0.808306 0.0034028
50 -0.807842 0.00357733
51 -0.807413 0.00366947
52 -0.807104 0.00388011
53 -0.809069 0.00376223
54 -0.809756 0.00395352
55 -0.809658 0.0040917
56 -0.808975 0.00435101
57 -0.8102 0.00428852
58 -0.810752 0.00419201
59 -0.810608 0.00441662
60 -0.810675 0.00450909
61 -0.810979 0.00450354
62 -0.811301 0.00450377
63 -0.810759 0.00412052
64 -0.810858 0.00408303
65 -0.811518 0.00398683
66 -0.811496 0.00363275
67 -0.812428 0.00358614
68 -0.811804 0.00342418
69 -0.812165 0.00346183
70 -0.813067 0.00369477
71 -0.812983 0.00361847
72 -0.812737 0.00333198
73 -0.812597 0.00303772
74 -0.812634 0.00320505
75 -0.812522 0.00345292
76 -0.811709 0.00331649
77 -0.812258 0.00339713
78 -0.811816 0.00325934
79 -0.811334 0.00330129
80 -0.812193 0.00333157
81 -0.810347 0.00341427
82 -0.810593 0.00317699
83 -0.809841 0.0033037
84 -0.809175 0.00329023
85 -0.80953 0.00360896
86 -0.809622 0.00358661
87 -0.810405 0.00393773
88 -0.811423 0.00422268
89 -0.811906 0.0041813
90 -0.810132 0.00430337
91 -0.809371 0.00452861
92 -0.809956 0.00418798
93 -0.811073 0.00403148
94 -0.81097 0.00390145
95 -0.809975 0.00394223
96 -0.810159 0.0039945
97 -0.809153 0.00399312
98 -0.80944 0.00400844
99 -0.810592 0.0038715
100 -0.810546 0.00376845
101 -0.810532 0.00401174
102 -0.809652 0.00415385
103 -0.808232 0.00439816
104 -0.808661 0.00413364
105 -0.807338 0.00393703
106 -0.807236 0.0039422
107 -0.808826 0.00386732
108 -0.809247 0.00428486
109 -0.808706 0.00415257
110 -0.807456 0.00404944
111 -0.806566 0.00399189
112 -0.80653 0.004129
113 -0.805574 0.00414688
114 -0.806861 0.00419208
115 -0.807455 0.00448647
116 -0.807567 0.0043147
117 -0.808708 0.00445597
118 -0.808293 0.00422645
119 -0.808987 0.00439007
120 -0.809867 0.00426226
121 -0.810072 0.00437735
122 -0.808559 0.00403494
123 -0.809225 0.00398168
124 -0.808249 0.00390982
125 -0.807559 0.00395672
126 -0.806828 0.00374633
127 -0.807061 0.00365257
128 -0.805382 0.00360721
129 -0.804213 0.00372143
130 -0.80534 0.00409244
131 -0.806067 0.00389838
132 -0.806821 0.00360816
133 -0.806277 0.00358527
134 -0.805259 0.00387342
135 -0.805545 0.00352013
136 -0.806838 0.00330587
137 -0.808588 0.00312531
138 -0.809794 0.00330281
139 -0.809691 0.00322363
140 -0.809642 0.00336993
141 -0.809813 0.00355835
142 -0.810588 0.00359064
143 -0.810778 0.00364086
144 -0.810601 0.00366101
145 -0.810623 0.00382969
146 -0.812267 0.00362033
147 -0.811175 0.0035125
148 -0.811539 0.00320452
149 -0.809821 0.00320907
150 -0.809216 0.00301167
151 -0.809358 0.00299891
152 -0.808804 0.00283916
153 -0.809289 0.00268553
154 -0.810557 0.003092
155 -0.811813 0.00309043
156 -0.811517 0.00326353
157 -0.812261 0.00363144
158 -0.812129 0.00351538
159 -0.811821 0.00362719
160 -0.812311 0.00326918
161 -0.812597 0.00326951
162 -0.81271 0.00324638
163 -0.811907 0.00336668
164 -0.811067 0.00371114
165 -0.811504 0.00360029
166 -0.812308 0.00366389
167 -0.812339 0.00349254
168 -0.811811 0.00356217
169 -0.813375 0.00388179
170 -0.813724 0.00390248
171 -0.813494 0.00388068
172 -0.814397 0.00406699
173 -0.815379 0.00394849
174 -0.81575 0.00374154
175 -0.815478 0.00364507
176 -0.814969 0.00350121
177 -0.81542 0.00365712
178 -0.815063 0.00381072
179 -0.814942 0.00373672
180 -0.814861 0.00391259
181 -0.81529 0.00384715
182 -0.814274 0.00368381
183 -0.813679 0.00349154
184 -0.811123 0.00332244
185 -0.811088 0.00332997
186 -0.809381 0.00350008
187 -0.808867 0.00380293
188 -0.808439 0.00389054
189 -0.808573 0.00383829
190 -0.808922 0.00384177
191 -0.809266 0.00382887
192 -0.809993 0.00386621
193 -0.809856 0.00373735
194 -0.809226 0.00374907
195 -0.811118 0.0036786
196 -0.811331 0.00398269
197 -0.812095 0.00414355
198 -0.811422 0.00400996
199 -0.810719 0.00400312
200 -0.809846 0.00403219
201 -0.808846 0.00406833
202 -0.80841 0.00388832
203 -0.808758 0.00389956
204 -0.808917 0.00369675
205 -0.809183 0.00373106
206 -0.809035 0.00365626
207 -0.808958 0.00358142
208 -0.808894 0.00359829
209 -0.809344 0.00357192
210 -0.809563 0.0033922
211 -0.809328 0.00341064
212 -0.810147 0.00306829
213 -0.811532 0.00298699
214 -0.811604 0.00293626
215 -0.811175 0.00308874
216 -0.810925 0.00315223
217 -0.811575 0.0028773
218 -0.811876 0.00279514
219 -0.812249 0.00286195
220 -0.810868 0.00297423
221 -0.811794 0.00300752
222 -0.812053 0.0029252
223 -0.812892 0.0027757
224 -0.811428 0.00298792
225 -0.812346 0.00320045
226 -0.812834 0.0035089
227 -0.81354 0.00366276
228 -0.813858 0.00383795
229 -0.814315 0.00344445
230 -0.815453 0.0035047
231 -0.814676 0.00365493
232 -0.815647 0.00366736
233 -0.815751 0.00361565
234 -0.814814 0.00372103
235 -0.81441 0.00356676
236 -0.814328 0.00372407
237 -0.813253 0.00387379
238 -0.813034 0.00360659
239 -0.813495 0.00379539
240 -0.81344 0.00365758
241 -0.813984 0.00365784
242 -0.813762 0.00330996
243 -0.813625 0.00343559
244 -0.814388 0.00348108
245 -0.813427 0.00338205
246 -0.812544 0.00317607
247 -0.81206 0.00335751
248 -0.81191 0.00318891
249 -0.811302 0.00334076
250 -0.810162 0.00339001
251 -0.809904 0.00349308
252 -0.81058 0.00381534
253 -0.810418 0.00375528
254 -0.81018 0.00394279
255 -0.811089 0.00390078
256 -0.811179 0.00397046
257 -0.810966 0.00363021
258 -0.81053 0.00408542
259 -0.81188 0.00413732
260 -0.810941 0.00424167
261 -0.810889 0.00403915
262 -0.810786 0.00401317
263 -0.808955 0.0041413
264 -0.80977 0.0041292
265 -0.811044 0.00387796
266 -0.810945 0.00384591
267 -0.8103 0.00366845
268 -0.811009 0.00354048
269 -0.81111 0.00357029
270 -0.811481 0.00395062
271 -0.811549 0.0039392
272 -0.81115 0.00409811
273 -0.809854 0.00437352
274 -0.811064 0.00403942
275 -0.811299 0.00376235
276 -0.811643 0.00366235
277 -0.810159 0.00359726
278 -0.810412 0.00352084
279 -0.808845 0.00343461
280 -0.808659 0.00363655
281 -0.807664 0.00353384
282 -0.807699 0.00339835
283 -0.808497 0.00343182
284 -0.809305 0.00340022
285 -0.809294 0.0031423
286 -0.810606 0.00331811
287 -0.809612 0.00328161
288 -0.810058 0.00295419
289 -0.810046 0.00307625
290 -0.81084 0.00296174
291 -0.811191 0.0028782
292 -0.812317 0.00317781
293 -0.813066 0.00327816
294 -0.81229 0.00327284
295 -0.812024 0.00323393
296 -0.813128 0.00295467
297 -0.812208 0.00312088
298 -0.81199 0.0028696
299 -0.811746 0.00287146
