0 -0.786883 0.0048166
1 -0.78601 0.00407911
2 -0.78978 0.00340672
3 -0.789607 0.0035553
4 -0.786881 0.00396479
5 -0.785034 0.0034542
6 -0.785138 0.00265457
7 -0.783675 0.003603
8 -0.783895 0.00400798
9 -0.778866 0.00404215
10 -0.781982 0.00460799
11 -0.782828 0.00384305
12 -0.783933 0.00430521
13 -0.783369 0.00373661
14 -0.784632 0.00408594
15 -0.78035 0.00400691
16 -0.780218 0.00316589
17 -0.781423 0.00314343
18 -0.780003 0.00366904
19 -0.781907 0.00393709
20 -0.782491 0.00329789
21 -0.781567 0.00310944
22 -0.78009 0.00334933
23 -0.78121 0.00283059
24 -0.782365 0.0025092
25 -0.781513 0.00264196
26 -0.782558 0.00235392
27 -0.779313 0.00306243
28 -0.781615 0.00320853
29 -0.777965 0.00297229
30 -0.780228 0.00330129
31 -0.780462 0.00359982
32 -0.776364 0.00310407
33 -0.776541 0.00229379
34 -0.773532 0.0024843
35 -0.776826 0.00244499
36 -0.776208 0.00311867
37 -0.780384 0.00332637
38 -0.782288 0.00305898
39 -0.782746 0.00383806
40 -0.783235 0.00345242
41 -0.782237 0.0045125
42 -0.78312 0.00427441
43 -0.782214 0.00432343
44 -0.781336 0.0036379
45 -0.783431 0.00334204
46 -0.783622 0.00330709
47 -0.786021 0.00362308
48 -0.785437 0.00328568
49 -0.783083 0.00341311
50 -0.781274 0.00365591
51 -0.779461 0.00301914
52 -0.778143 0.0029117
53 -0.78083 0.00309366
54 -0.777486 0.00349983
55 -0.780601 0.00287558
56 -0.779261 0.00285219
57 -0.778475 0.00339028
58 -0.778331 0.00297
59 -0.779175 0.00346746
60 -0.780448 0.00336881
61 -0.779487 0.00420551
62 -0.775502 0.00465295
63 -0.775846 0.00397667
64 -0.776392 0.00478065
65 -0.777395 0.00403354
66 -0.778166 0.00457615
67 -0.776308 0.00442423
68 -0.776939 0.00467574
69 -0.776001 0.00499191
70 -0.777641 0.00473597
71 -0.775502 0.00365758
72 -0.779224 0.00334651
73 -0.778801 0.0034423
74 -0.780784 0.00369587
75 -0.775705 0.0035717
76 -0.774276 0.00402022
77 -0.774197 0.00412333
78 -0.774033 0.00391427
79 -0.773118 0.00399228
80 -0.774148 0.00414047
81 -0.772956 0.00444149
82 -0.770301 0.00457471
83 -0.772184 0.00508947
84 -0.774873 0.00421739
85 -0.777746 0.00386347
86 -0.778068 0.00339928
87 -0.77675 0.00286189
88 -0.774315 0.00358482
89 -0.775495 0.00376602
90 -0.7768 0.0029248
91 -0.77442 0.00337496
92 -0.772668 0.00351747
93 -0.769737 0.0037109
94 -0.769284 0.00335463
95 -0.77305 0.00347811
96 -0.775418 0.00475538
97 -0.777555 0.00420514
98 -0.776305 0.00325777
99 -0.777054 0.00288251
100 -0.776368 0.00254008
101 -0.780996 0.00334908
102 -0.782179 0.00392408
103 -0.784611 0.00357318
104 -0.781145 0.00357816
105 -0.783002 0.00381675
106 -0.778509 0.00373438
107 -0.779984 0.00317047
108 -0.779585 0.00302995
109 -0.780844 0.00330345
110 -0.77542 0.00384349
111 -0.778198 0.00379318
112 -0.780752 0.00337567
113 -0.77967 0.00374925
114 -0.779991 0.00350482
115 -0.782667 0.00399733
116 -0.782958 0.00344088
117 -0.784266 0.00359554
118 -0.786893 0.00414353
119 -0.783171 0.00401768
120 -0.782656 0.0034521
121 -0.780388 0.00326486
122 -0.781044 0.00298762
123 -0.785608 0.00340712
124 -0.787246 0.00381746
125 -0.787338 0.00421294
126 -0.78665 0.00429688
127 -0.785214 0.00329457
128 -0.783282 0.00290767
129 -0.783472 0.00231545
130 -0.778877 0.00256504
131 -0.782531 0.00253962
132 -0.785585 0.00224767
133 -0.783256 0.00279475
134 -0.78131 0.00282732
135 -0.78237 0.00349183
136 -0.776452 0.00336905
137 -0.776113 0.00241599
138 -0.776591 0.00216093
139 -0.778357 0.00320753
140 -0.776728 0.00304146
141 -0.774021 0.00375657
142 -0.776054 0.00325451
143 -0.776159 0.00328625
144 -0.776349 0.00362479
145 -0.772346 0.00324256
146 -0.771502 0.00277554
147 -0.772317 0.00334812
148 -0.774784 0.00300003
149 -0.777701 0.00330951
150 -0.776825 0.00391383
151 -0.777332 0.00276023
152 -0.775707 0.00337631
153 -0.77543 0.00361753
154 -0.775952 0.00306921
155 -0.779721 0.00384632
156 -0.77654 0.00396454
157 -0.778069 0.0042079
158 -0.777335 0.00429774
159 -0.780827 0.00301678
160 -0.779518 0.00353726
161 -0.783009 0.00391265
162 -0.779827 0.00424646
163 -0.778003 0.00401999
164 -0.778381 0.00406828
165 -0.774837 0.00384432
166 -0.773413 0.00312705
167 -0.771784 0.00294269
168 -0.771899 0.00210493
169 -0.775853 0.00234388
170 -0.779299 0.00303714
171 -0.782053 0.0030156
172 -0.779804 0.0034813
173 -0.7798 0.00460405
174 -0.785889 0.00421178
175 -0.786046 0.00400375
176 -0.787625 0.00374478
177 -0.790267 0.00355236
178 -0.78747 0.00319111
179 -0.786959 0.00354738
180 -0.786671 0.00367401
181 -0.786809 0.00388302
182 -0.785068 0.00383643
183 -0.786496 0.00391303
184 -0.786568 0.00353362
185 -0.78865 0.00285192
186 -0.787566 0.00238793
187 -0.783251 0.00228818
188 -0.784201 0.00282883
189 -0.781678 0.00213205
190 -0.778439 0.00178818
191 -0.781035 0.00402393
192 -0.783863 0.00427161
193 -0.784854 0.00451282
194 -0.787806 0.00432536
195 -0.783463 0.00462568
196 -0.784733 0.00430516
197 -0.784797 0.00376081
198 -0.78301 0.00416482
199 -0.78118 0.00430229
200 -0.78244 0.00378965
201 -0.780248 0.00374961
202 -0.779951 0.00422948
203 -0.781825 0.00464814
204 -0.779331 0.00441343
205 -0.783199 0.00423972
206 -0.782752 0.00451925
207 -0.782804 0.00394241
208 -0.781559 0.0036888
209 -0.781446 0.00489789
210 -0.780913 0.00421531
211 -0.783512 0.00355721
212 -0.783303 0.00418004
213 -0.784982 0.00372637
214 -0.784132 0.0042234
215 -0.784809 0.00353967
216 -0.784269 0.00280934
217 -0.783333 0.0030885
218 -0.782432 0.00344567
219 -0.778872 0.00342993
220 -0.775546 0.00291719
221 -0.773754 0.00321885
222 -0.774774 0.00343717
223 -0.773923 0.00340085
224 -0.774228 0.00353161
225 -0.776203 0.00431813
226 -0.775799 0.00426516
227 -0.780884 0.0036857
228 -0.781913 0.00351888
229 -0.779612 0.00432027
230 -0.778486 0.00445869
231 -0.777506 0.00398237
232 -0.777166 0.00390993
233 -0.777172 0.00469329
234 -0.775923 0.00526889
235 -0.779331 0.00614098
236 -0.781619 0.00598338
237 -0.781914 0.00628763
238 -0.780528 0.00540017
239 -0.780754 0.00441565
240 -0.782206 0.00386121
241 -0.781998 0.00397636
242 -0.783785 0.00387182
243 -0.784794 0.00320476
244 -0.786712 0.00366057
245 -0.786508 0.00344171
246 -0.784327 0.00382803
247 -0.782987 0.00365867
248 -0.782261 0.0033999
249 -0.780526 0.00376282
250 -0.782378 0.00414862
251 -0.784069 0.0043856
252 -0.781095 0.00371695
253 -0.77935 0.00381596
254 -0.777723 0.00419253
255 -0.781301 0.00365045
256 -0.779154 0.00365032
257 -0.780959 0.00370933
258 -0.78024 0.00357868
259 -0.774703 0.00436313
260 -0.774378 0.00383574
261 -0.770669 0.003529
262 -0.774588 0.00330116
263 -0.770988 0.0032471
264 -0.77301 0.00321371
265 -0.773259 0.00283798
266 -0.77718 0.00321538
267 -0.77693 0.00347819
268 -0.775786 0.00357464
269 -0.777489 0.00461158
270 -0.775184 0.00415298
271 -0.777924 0.00398123
272 -0.778569 0.00398674
273 -0.781 0.00353379
274 -0.782434 0.00382617
275 -0.786535 0.00407244
276 -0.787208 0.00316481
277 -0.781133 0.00364697
278 -0.780986 0.00367025
279 -0.782404 0.00408945
280 -0.782975 0.00410733
281 -0.78155 0.00397673
282 -0.779557 0.00407758
283 -0.772064 0.00307655
284 -0.774954 0.00325456
285 -0.774151 0.00361926
286 -0.776592 0.00373408
287 -0.779079 0.00399221
288 -0.778448 0.00387053
289 -0.781409 0.0039858
290 -0.784331 0.0032417
291 -0.785269 0.00326719
292 -0.785619 0.0038286
293 -0.783449 0.00304663
294 -0.780915 0.00323218
295 -0.780652 0.00220518
296 -0.778554 0.00232803
297 -0.775876 0.00223539
298 -0.769814 0.0035941
299 -0.770929 0.0036391
