0 -0.772395 0.00193279
1 -0.771738 0.00185132
2 -0.771427 0.00183342
3 -0.770749 0.00182642
4 -0.769916 0.00183532
5 -0.769332 0.0018199
6 -0.768384 0.00179076
7 -0.767517 0.00176488
8 -0.766735 0.00175847
9 -0.765737 0.00176894
10 -0.764694 0.00175789
11 -0.763655 0.00174149
12 -0.762517 0.00179095
13 -0.761421 0.00181415
14 -0.760468 0.00179246
15 -0.759294 0.00177243
16 -0.758249 0.00177693
17 -0.757095 0.00178476
18 -0.75582 0.00175594
19 -0.754429 0.00170098
20 -0.753229 0.00169292
21 -0.751642 0.00170222
22 -0.750236 0.00165854
23 -0.748775 0.00167692
24 -0.747275 0.00167232
25 -0.745709 0.00165893
26 -0.744174 0.00164625
27 -0.742483 0.00163545
28 -0.740864 0.00162682
29 -0.73929 0.00160351
30 -0.737437 0.00157434
31 -0.735586 0.00156052
32 -0.73381 0.00155509
33 -0.731963 0.00155498
34 -0.730022 0.00155725
35 -0.728046 0.00154117
36 -0.726487 0.00155297
37 -0.724509 0.00152728
38 -0.722461 0.00156177
39 -0.720515 0.00152686
40 -0.71847 0.00155497
41 -0.716459 0.00156502
42 -0.714498 0.00157456
43 -0.712245 0.00158243
44 -0.710077 0.00161151
45 -0.708039 0.00162755
46 -0.705699 0.0016306
47 -0.703475 0.00161646
48 -0.701261 0.00161072
49 -0.699038 0.00157992
50 -0.696598 0.00156369
51 -0.69407 0.00155253
52 -0.691829 0.00157659
53 -0.689549 0.00156822
54 -0.687011 0.00155453
55 -0.684569 0.0015807
56 -0.68205 0.00159968
57 -0.679472 0.00156006
58 -0.676717 0.00156663
59 -0.674037 0.00155864
60 -0.67165 0.00154287
61 -0.669093 0.00151989
62 -0.66645 0.0015215
63 -0.663614 0.00149595
64 -0.660876 0.00146499
65 -0.657903 0.00144309
66 -0.65532 0.00145563
67 -0.652378 0.0014671
68 -0.649499 0.00144326
69 -0.646844 0.00146325
70 -0.643874 0.00143742
71 -0.640682 0.00141552
72 -0.637754 0.00142068
73 -0.634767 0.00143318
74 -0.631854 0.00142806
75 -0.628818 0.00140181
76 -0.625834 0.00138085
77 -0.622708 0.00136513
78 -0.619463 0.00139171
79 -0.616521 0.00140719
80 -0.613347 0.00139892
81 -0.610204 0.00136608
82 -0.607069 0.00137877
83 -0.604025 0.00141505
84 -0.60089 0.00142492
85 -0.597832 0.00143237
86 -0.594386 0.00139629
87 -0.591207 0.00142549
88 -0.587968 0.0014374
89 -0.584739 0.00141843
90 -0.581671 0.00142438
91 -0.578532 0.00142481
92 -0.575384 0.00142308
93 -0.572108 0.0013951
94 -0.568757 0.00135969
95 -0.565505 0.00133414
96 -0.562211 0.0013585
97 -0.559001 0.00133578
98 -0.555871 0.00132215
99 -0.552476 0.00132463
100 -0.549232 0.00130717
101 -0.545809 0.00131529
102 -0.542567 0.00131434
103 -0.539073 0.00131897
104 -0.535586 0.00132411
105 -0.532145 0.00131998
106 -0.528817 0.00135062
107 -0.525484 0.00136078
108 -0.522077 0.00135052
109 -0.518641 0.00136924
110 -0.51537 0.00134531
111 -0.511749 0.00129556
112 -0.508256 0.00128104
113 -0.504858 0.00125945
114 -0.50134 0.00126363
115 -0.497856 0.00125329
116 -0.494309 0.00122684
117 -0.491041 0.00124474
118 -0.487459 0.00124656
119 -0.483857 0.00122423
120 -0.480295 0.00116618
121 -0.477095 0.00111524
122 -0.473745 0.00109278
123 -0.470309 0.00110981
124 -0.466853 0.00113061
125 -0.463351 0.00110975
126 -0.459695 0.00110608
127 -0.456085 0.00108233
128 -0.452484 0.00107791
129 -0.448994 0.00106795
130 -0.445408 0.00108259
131 -0.441873 0.00106244
132 -0.438168 0.00106097
133 -0.43449 0.00107105
134 -0.430924 0.00107124
135 -0.427462 0.0010564
136 -0.423906 0.00107461
137 -0.420312 0.00103865
138 -0.416813 0.00097149
139 -0.413261 0.00101651
140 -0.40979 0.00102718
141 -0.406257 0.00105163
142 -0.402605 0.00105976
143 -0.39904 0.00106934
144 -0.39561 0.00104412
145 -0.392071 0.00105436
146 -0.388578 0.00109339
147 -0.38512 0.00107879
148 -0.38158 0.00108325
149 -0.378001 0.00110494
150 -0.374671 0.0010987
151 -0.371097 0.00108265
152 -0.367732 0.00107194
153 -0.364095 0.00106785
154 -0.360438 0.00106539
155 -0.356834 0.00104957
156 -0.353323 0.00103295
157 -0.349787 0.00100542
158 -0.346269 0.000971134
159 -0.342819 0.000971223
160 -0.339368 0.00102393
161 -0.336032 0.00100115
162 -0.332542 0.0010121
163 -0.329197 0.00104522
164 -0.325771 0.00101475
165 -0.3224 0.000972519
166 -0.319077 0.00095618
167 -0.315794 0.00091573
168 -0.312441 0.000852073
169 -0.30903 0.000830171
170 -0.305528 0.00080543
171 -0.302226 0.000815917
172 -0.298934 0.00086059
173 -0.295749 0.000840063
174 -0.292339 0.000804045
175 -0.288954 0.000746453
176 -0.28566 0.000707704
177 -0.282279 0.000695941
178 -0.279107 0.000674218
179 -0.275824 0.000699618
180 -0.272488 0.000677185
181 -0.269131 0.000674746
182 -0.265784 0.000673527
183 -0.262433 0.000650876
184 -0.259099 0.000658533
185 -0.255719 0.000661236
186 -0.25259 0.000656419
187 -0.249333 0.000671268
188 -0.246006 0.00068639
189 -0.242893 0.00067974
190 -0.239641 0.000708678
191 -0.236442 0.000730515
192 -0.233281 0.000724345
193 -0.230103 0.000717148
194 -0.226949 0.000722843
195 -0.22393 0.000706789
196 -0.220955 0.000686864
197 -0.217842 0.000697506
198 -0.214716 0.000693002
199 -0.211644 0.00067102
200 -0.208617 0.000645318
201 -0.20569 0.000650631
202 -0.202583 0.00064626
203 -0.199357 0.000648954
204 -0.196183 0.00060962
205 -0.193315 0.000606015
206 -0.190323 0.000575357
207 -0.187235 0.000570162
208 -0.184271 0.00056411
209 -0.181354 0.000539256
210 -0.178526 0.000570827
211 -0.175739 0.000564106
212 -0.172758 0.000557862
213 -0.170062 0.000553576
214 -0.16716 0.00057147
215 -0.164305 0.000573964
216 -0.161498 0.000584775
217 -0.158671 0.000584667
218 -0.155925 0.000577889
219 -0.153198 0.000555303
220 -0.150528 0.000525405
221 -0.147979 0.00051073
222 -0.14516 0.000486862
223 -0.142418 0.000513772
224 -0.139802 0.000522239
225 -0.137086 0.000519758
226 -0.134455 0.000495345
227 -0.13181 0.000487069
228 -0.129101 0.000482435
229 -0.126476 0.000447672
230 -0.123892 0.000488762
231 -0.121309 0.000508118
232 -0.118832 0.000508113
233 -0.116305 0.000503291
234 -0.113891 0.000478048
235 -0.111439 0.000491239
236 -0.109109 0.000452464
237 -0.106662 0.000442723
238 -0.104212 0.000439268
239 -0.10188 0.000415636
240 -0.099525 0.000418267
241 -0.0971802 0.000401906
242 -0.0949672 0.000403726
243 -0.0927221 0.000381435
244 -0.0904328 0.000373504
245 -0.0880705 0.000342964
246 -0.0859298 0.000338563
247 -0.083681 0.000333395
248 -0.0814259 0.000315848
249 -0.0792183 0.000313701
250 -0.0769904 0.000302869
251 -0.0747745 0.000294558
252 -0.0726677 0.000290803
253 -0.0705303 0.000288378
254 -0.0685201 0.000287765
255 -0.066532 0.000280839
256 -0.0646274 0.000272053
257 -0.0625886 0.000263025
258 -0.060671 0.000276986
259 -0.0587697 0.000263722
260 -0.0568386 0.000262335
261 -0.0549096 0.000263888
262 -0.053046 0.000255051
263 -0.0511826 0.000230914
264 -0.0494635 0.00023537
265 -0.0476854 0.000220473
266 -0.0459291 0.000227539
267 -0.044287 0.000214991
268 -0.0425306 0.00021229
269 -0.0408043 0.00020811
270 -0.0391338 0.000202408
271 -0.0374787 0.000190673
272 -0.0358506 0.000194792
273 -0.0342253 0.000187059
274 -0.0326098 0.000178633
275 -0.0310517 0.000167154
276 -0.0294929 0.000160026
277 -0.0279976 0.000144001
278 -0.0265569 0.000129175
279 -0.0250841 0.000125356
280 -0.0236539 0.000123464
281 -0.0222265 0.000111235
282 -0.0208677 0.000105551
283 -0.0195123 9.71477e-05
284 -0.0182018 8.89864e-05
285 -0.0169056 7.37015e-05
286 -0.0156329 6.84727e-05
287 -0.0143875 6.10855e-05
288 -0.0131879 5.50441e-05
289 -0.0120323 5.52392e-05
290 -0.010861 4.95054e-05
291 -0.00974479 4.84384e-05
292 -0.00863462 4.69633e-05
293 -0.00759002 3.20709e-05
294 -0.00654187 3.37514e-05
295 -0.00553434 2.85137e-05
296 -0.00453742 2.25549e-05
297 -0.00356967 1.76299e-05
298 -0.00262638 1.21216e-05
299 -0.00172766 8.90508e-06
