1.2
1.2
1.2
1.2
1.2
1.2
1.2
1.2
1.2
1.2
1.2
1.2
1.2
1.2
1.2
1.2
1.20001
1.20001
1.20001
1.20001
1.20001
1.20001
1.20001
1.20001
1.20001
1.20001
1.20001
1.20001
1.20002
1.20002
1.20002
1.20002
1.20002
1.20002
1.20002
1.20002
1.20003
1.20003
1.20003
1.20003
1.20003
1.20003
1.20004
1.20004
1.20004
1.20004
1.20004
1.20005
1.20005
1.20005
1.20005
1.20005
1.20006
1.20006
1.20006
1.20006
1.20006
1.20007
1.20007
1.20007
1.20007
1.20008
1.20008
1.20008
1.20008
1.20009
1.20009
1.20009
1.20009
1.2001
1.2001
1.2001
1.20011
1.20011
1.20011
1.20012
1.20012
1.20012
1.20013
1.20013
1.20013
1.20013
1.20014
1.20014
1.20015
1.20015
1.20015
1.20016
1.20016
1.20016
1.20017
1.20017
1.20017
1.20018
1.20018
1.20019
1.20019
1.20019
1.2002
1.2002
1.20021
1.20021
1.20022
1.20022
1.20022
1.20023
1.20023
1.20024
1.20024
1.20025
1.20025
1.20026
1.20026
1.20026
1.20027
1.20027
1.20028
1.20028
1.20029
1.20029
1.2003
1.2003
1.20031
1.20031
1.20032
1.20033
1.20033
1.20034
1.20034
1.20035
1.20035
1.20036
1.20036
1.20037
1.20038
1.20038
1.20039
1.20039
1.2004
1.2004
1.20041
1.20042
1.20042
1.20043
1.20043
1.20044
1.20045
1.20045
1.20046
1.20047
1.20047
1.20048
1.20049
1.20049
1.2005
1.20051
1.20051
1.20052
1.20053
1.20053
1.20054
1.20055
1.20055
1.20056
1.20057
1.20058
1.20058
1.20059
1.2006
1.20061
1.20061
1.20062
1.20063
1.20064
1.20064
1.20065
1.20066
1.20067
1.20068
1.20068
1.20069
1.2007
1.20071
1.20072
1.20072
1.20073
1.20074
1.20075
1.20076
1.20077
1.20077
1.20078
1.20079
1.2008
1.20081
1.20082
1.20083
1.20084
1.20084
1.20085
1.20086
1.20087
1.20088
1.20089
1.2009
1.20091
1.20092
1.20093
1.20094
1.20095
1.20096
1.20097
1.20098
1.20099
1.201
1.20101
1.20102
1.20103
1.20104
1.20105
1.20106
1.20107
1.20108
1.20109
1.2011
1.20111
1.20112
1.20113
1.20114
1.20115
1.20116
1.20117
1.20118
1.2012
1.20121
1.20122
1.20123
1.20124
1.20125
1.20126
1.20127
1.20129
1.2013
1.20131
1.20132
1.20133
1.20134
1.20136
1.20137
1.20138
1.20139
1.2014
1.20142
1.20143
1.20144
1.20145
1.20146
1.20148
1.20149
1.2015
1.20152
1.20153
1.20154
1.20155
1.20157
1.20158
1.20159
1.20161
1.20162
1.20163
1.20165
1.20166
1.20167
1.20169
1.2017
1.20171
1.20173
1.20174
1.20175
1.20177
1.20178
1.2018
1.20181
1.20182
1.20184
1.20185
1.20187
1.20188
1.2019
1.20191
1.20192
1.20194
1.20195
1.20197
1.20198
1.202
1.20201
1.20203
1.20204
1.20206
1.20207
1.20209
1.20211
1.20212
1.20214
1.20215
1.20217
1.20218
1.2022
1.20222
1.20223
1.20225
1.20226
1.20228
1.2023
1.20231
1.20233
1.20235
1.20236
1.20238
1.2024
1.20241
1.20243
1.20245
1.20246
1.20248
1.2025
1.20251
1.20253
1.20255
1.20257
1.20258
1.2026
1.20262
1.20264
1.20265
1.20267
1.20269
1.20271
1.20273
1.20274
1.20276
1.20278
1.2028
1.20282
1.20284
1.20286
1.20287
1.20289
1.20291
1.20293
1.20295
1.20297
1.20299
1.20301
1.20303
1.20305
1.20307
1.20309
1.20311
1.20313
1.20315
1.20317
1.20319
1.20321
1.20323
1.20325
1.20327
1.20329
1.20331
1.20333
1.20335
1.20337
1.20339
1.20341
1.20343
1.20345
1.20347
1.2035
1.20352
1.20354
1.20356
1.20358
1.2036
1.20363
1.20365
1.20367
1.20369
1.20371
1.20374
1.20376
1.20378
1.2038
1.20383
1.20385
1.20387
1.20389
1.20392
1.20394
1.20396
1.20399
1.20401
1.20403
1.20406
1.20408
1.2041
1.20413
1.20415
1.20418
1.2042
1.20422
1.20425
1.20427
1.2043
1.20432
1.20435
1.20437
1.2044
1.20442
1.20445
1.20447
1.2045
1.20452
1.20455
1.20457
1.2046
1.20463
1.20465
1.20468
1.2047
1.20473
1.20476
1.20478
1.20481
1.20484
1.20486
1.20489
1.20492
1.20494
1.20497
1.205
1.20502
1.20505
1.20508
1.20511
1.20513
1.20516
1.20519
1.20522
1.20525
1.20527
1.2053
1.20533
1.20536
1.20539
1.20542
1.20545
1.20548
1.20551
1.20553
1.20556
1.20559
1.20562
1.20565
1.20568
1.20571
1.20574
1.20577
1.2058
1.20583
1.20586
1.20589
1.20593
1.20596
1.20599
1.20602
1.20605
1.20608
1.20611
1.20614
1.20618
1.20621
1.20624
1.20627
1.2063
1.20634
1.20637
1.2064
1.20643
1.20647
1.2065
1.20653
1.20657
1.2066
1.20663
1.20667
1.2067
1.20673
1.20677
1.2068
1.20684
1.20687
1.20691
1.20694
1.20698
1.20701
1.20704
1.20708
1.20712
1.20715
1.20719
1.20722
1.20726
1.20729
1.20733
1.20737
1.2074
1.20744
1.20748
1.20751
1.20755
1.20759
1.20762
1.20766
1.2077
1.20774
1.20777
1.20781
1.20785
1.20789
1.20793
1.20797
1.208
1.20804
1.20808
1.20812
1.20816
1.2082
1.20824
1.20828
1.20832
1.20836
1.2084
1.20844
1.20848
1.20852
1.20856
1.2086
1.20864
1.20868
1.20873
1.20877
1.20881
1.20885
1.20889
1.20893
1.20898
1.20902
1.20906
1.20911
1.20915
1.20919
1.20923
1.20928
1.20932
1.20937
1.20941
1.20945
1.2095
1.20954
1.20959
1.20963
1.20968
1.20972
1.20977
1.20981
1.20986
1.20991
1.20995
1.21
1.21004
1.21009
1.21014
1.21018
1.21023
1.21028
1.21033
1.21037
1.21042
1.21047
1.21052
1.21057
1.21062
1.21066
1.21071
1.21076
1.21081
1.21086
1.21091
1.21096
1.21101
1.21106
1.21111
1.21116
1.21121
1.21126
1.21132
1.21137
1.21142
1.21147
1.21152
1.21158
1.21163
1.21168
1.21173
1.21179
1.21184
1.21189
1.21195
1.212
1.21206
1.21211
1.21216
1.21222
1.21227
1.21233
1.21239
1.21244
1.2125
1.21255
1.21261
1.21267
1.21272
1.21278
1.21284
1.21289
1.21295
1.21301
1.21307
1.21313
1.21319
1.21324
1.2133
1.21336
1.21342
1.21348
1.21354
1.2136
1.21366
1.21372
1.21378
1.21385
1.21391
1.21397
1.21403
1.21409
1.21416
1.21422
1.21428
1.21435
1.21441
1.21447
1.21454
1.2146
1.21467
1.21473
1.2148
1.21486
1.21493
1.21499
1.21506
1.21512
1.21519
1.21526
1.21533
1.21539
1.21546
1.21553
1.2156
1.21567
1.21573
1.2158
1.21587
1.21594
1.21601
1.21608
1.21615
1.21622
1.2163
1.21637
1.21644
1.21651
1.21658
1.21666
1.21673
1.2168
1.21688
1.21695
1.21702
1.2171
1.21717
1.21725
1.21732
1.2174
1.21747
1.21755
1.21763
1.21771
1.21778
1.21786
1.21794
1.21802
1.21809
1.21817
1.21825
1.21833
1.21841
1.21849
1.21857
1.21865
1.21874
1.21882
1.2189
1.21898
1.21906
1.21915
1.21923
1.21931
1.2194
1.21948
1.21957
1.21965
1.21974
1.21983
1.21991
1.22
1.22009
1.22017
1.22026
1.22035
1.22044
1.22053
1.22062
1.22071
1.2208
1.22089
1.22098
1.22107
1.22116
1.22125
1.22134
1.22144
1.22153
1.22162
1.22172
1.22181
1.22191
1.222
1.2221
1.22219
1.22229
1.22239
1.22249
1.22258
1.22268
1.22278
1.22288
1.22298
1.22308
1.22318
1.22328
1.22338
1.22348
1.22358
1.22369
1.22379
1.22389
1.224
1.2241
1.22421
1.22431
1.22442
1.22452
1.22463
1.22474
1.22485
1.22495
1.22506
1.22517
1.22528
1.22539
1.2255
1.22561
1.22572
1.22583
1.22595
1.22606
1.22617
1.22629
1.2264
1.22652
1.22663
1.22675
1.22686
1.22698
1.2271
1.22721
1.22733
1.22745
1.22757
1.22769
1.22781
1.22793
1.22805
1.22817
1.2283
1.22842
1.22854
1.22866
1.22879
1.22891
1.22904
1.22916
1.22929
1.22942
1.22954
1.22967
1.2298
1.22993
1.23006
1.23019
1.23032
1.23045
1.23058
1.23071
1.23084
1.23097
1.23111
1.23124
1.23137
1.23151
1.23164
1.23178
1.23191
1.23205
1.23219
1.23232
1.23246
1.2326
1.23274
1.23288
1.23302
1.23316
1.2333
1.23344
1.23358
1.23372
1.23386
1.234
1.23414
1.23429
1.23443
1.23457
1.23472
1.23486
1.235
1.23515
1.23529
1.23544
1.23558
1.23573
1.23587
1.23602
1.23616
1.23631
1.23646
1.2366
1.23675
1.2369
1.23704
1.23719
1.23733
1.23748
1.23763
1.23777
1.23792
1.23807
1.23821
1.23836
1.2385
1.23865
1.23879
1.23894
1.23908
1.23922
1.23937
1.23951
1.23965
1.23979
1.23993
1.24007
1.24021
1.24035
1.24049
1.24063
1.24076
1.2409
1.24103
1.24117
1.2413
1.24143
1.24156
1.24168
1.24181
1.24194
1.24206
1.24218
1.2423
1.24242
1.24253
1.24265
1.24276
1.24287
1.24298
1.24308
1.24318
1.24328
1.24338
1.24347
1.24356
1.24365
1.24374
1.24382
1.2439
1.24397
1.24404
1.24411
1.24417
1.24423
1.24429
1.24434
1.24439
1.24443
1.24446
1.2445
1.24452
1.24455
1.24456
1.24457
1.24458
1.24458
1.24457
1.24456
1.24454
1.24452
1.24449
1.24445
1.24441
1.24435
1.2443
1.24423
1.24416
1.24408
1.24399
1.2439
1.2438
1.24369
1.24357
1.24345
1.24331
1.24317
1.24302
1.24287
1.24271
1.24253
1.24236
1.24217
1.24198
1.24177
1.24157
1.24135
1.24113
1.2409
1.24067
1.24043
1.24018
1.23993
1.23967
1.23941
1.23914
1.23888
1.2386
1.23833
1.23805
1.23777
1.23749
1.23722
1.23694
1.23666
1.23638
1.23611
1.19987
1.19961
1.19935
1.1991
1.19886
1.19863
1.1984
1.19819
1.19798
1.19779
1.19761
1.19745
1.19729
1.19716
1.19703
1.19693
1.19684
1.19677
1.19672
1.19669
1.19668
1.19669
1.19672
1.19677
1.19685
1.19694
1.19706
1.1972
1.19737
1.19755
1.19777
1.198
1.19825
1.19853
1.19883
1.19916
1.1995
1.19987
1.20025
1.20066
1.20109
1.20153
1.20199
1.20247
1.20297
1.20348
1.20401
1.20456
1.20511
1.20568
1.20626
1.20685
1.20746
1.20807
1.20869
1.20931
1.20994
1.21058
1.21123
1.21187
1.21252
1.21317
1.21383
1.21448
1.21514
1.21579
1.21644
1.2171
1.21775
1.21839
1.21903
1.21967
1.22031
1.22094
1.22156
1.22218
1.22279
1.2234
1.224
1.2246
1.22518
1.22576
1.22633
1.2269
1.22746
1.22801
1.22855
1.22908
1.22961
1.23013
1.23064
1.23114
1.23164
1.23213
1.23261
1.23308
1.23354
1.234
1.23445
1.23489
1.23533
1.23575
1.23617
1.23659
1.23699
1.23739
1.23779
1.23817
1.23855
1.23893
1.23929
1.23966
1.24001
1.24036
1.24071
1.24105
1.24138
1.24171
1.24203
1.24235
1.24267
1.24298
1.24328
1.24358
1.24388
1.24417
1.24446
1.24474
1.24502
1.2453
1.24557
1.24584
1.24611
1.24637
1.24663
1.24688
1.24714
1.24739
1.24763
1.24788
1.24812
1.24836
1.2486
1.24883
1.24906
1.24929
1.24952
1.24974
1.24997
1.25019
1.25041
1.25062
1.25084
1.25105
1.25126
1.25147
1.25168
1.25188
1.25209
1.25229
1.25249
1.25269
1.25288
1.25308
1.25327
1.25346
1.25366
1.25384
1.25403
1.25422
1.2544
1.25459
1.25477
1.25495
1.25513
1.2553
1.25548
1.25565
1.25583
1.256
1.25617
1.25634
1.2565
1.25667
1.25683
1.25699
1.25715
1.25731
1.25747
1.25762
1.25778
1.25793
1.25808
1.25823
1.25837
1.25852
1.25866
1.2588
1.25894
1.25908
1.25921
1.25934
1.25947
1.2596
1.25973
1.25985
1.25997
1.26009
1.26021
1.26032
1.26043
1.26054
1.26065
1.26075
1.26085
1.26095
1.26104
1.26114
1.26122
1.26131
1.26139
1.26147
1.26155
1.26162
1.26169
1.26175
1.26182
1.26188
1.26193
1.26198
1.26203
1.26207
1.26211
1.26215
1.26218
1.26221
1.26223
1.26225
1.26227
1.26228
1.26229
1.26229
1.26229
1.26228
1.26227
1.26226
1.26224
1.26221
1.26219
1.26215
1.26212
1.26208
1.26203
1.26198
1.26193
1.26187
1.2618
1.26174
1.26166
1.26159
1.26151
1.26142
1.26133
1.26124
1.26114
1.26104
1.26094
1.26083
1.26072
1.2606
1.26048
1.26036
1.26024
1.26011
1.25998
1.25984
1.25971
1.25957
1.25943
1.25928
1.25914
1.25899
1.25884
1.25869
1.25854
1.25839
1.25824
1.25808
1.25793
1.25778
1.25762
1.25747
1.25732
1.25716
1.25701
1.25686
1.25671
1.25656
1.25642
1.25628
1.25613
1.25599
1.25586
1.25572
1.25559
1.25547
1.25534
1.25522
1.25511
1.25499
1.25488
1.25478
1.25468
1.25459
1.2545
1.25441
1.25433
1.25426
1.25419
1.25412
1.25406
1.25401
1.25396
1.25392
1.25389
1.25386
1.25384
1.25382
1.25381
1.25381
1.25381
1.25382
1.25384
1.25386
1.25389
1.25393
1.25397
1.25402
1.25408
1.25414
1.25421
1.25429
1.25437
1.25447
1.25456
1.25467
1.25478
1.2549
1.25503
1.25516
1.2553
1.25545
1.2556
1.25577
1.25593
1.25611
1.25629
1.25648
1.25668
1.25688
1.25709
1.25731
1.25754
1.25777
1.258
1.25825
1.2585
1.25876
1.25902
1.25929
1.25957
1.25985
1.26014
1.26044
1.26074
1.26105
1.26136
1.26168
1.26201
1.26234
1.26267
1.26301
1.26336
1.26371
1.26406
1.26442
1.26478
1.26515
1.26552
1.2659
1.26627
1.26665
1.26704
1.26742
1.26781
1.2682
1.26859
1.26899
1.26938
1.26978
1.27018
1.27057
1.27097
1.27137
1.27177
1.27216
1.27256
1.27295
1.27335
1.27374
1.27413
1.27452
1.27491
1.27529
1.27568
1.27605
1.27643
1.2768
1.27717
1.27754
1.2779
1.27826
1.27861
1.27896
1.2793
1.27964
1.27998
1.28031
1.28063
1.28095
1.28127
1.28158
1.28188
1.28218
1.28247
1.28276
1.28304
1.28331
1.28358
1.28385
1.2841
1.28436
1.2846
1.28484
1.28508
1.28531
1.28553
1.28575
1.28596
1.28616
1.28636
1.28656
1.28675
1.28693
1.28711
1.28728
1.28745
1.28761
1.28777
1.28793
1.28808
1.28822
1.28836
1.2885
1.28863
1.28876
1.28888
1.28901
1.28913
1.28924
1.28935
1.28946
1.28957
1.28968
1.28978
1.28988
1.28998
1.29008
1.29017
1.29027
1.29036
1.29046
1.29055
1.29064
1.29074
1.29083
1.29092
1.29102
1.29111
1.29121
1.2913
1.2914
1.2915
1.2916
1.29171
1.29181
1.29192
1.29203
1.29214
1.29226
1.29237
1.2925
1.29262
1.29275
1.29288
1.29301
1.29315
1.29329
1.29343
1.29358
1.29373
1.29389
1.29405
1.29421
1.29438
1.29455
1.29472
1.2949
1.29508
1.29527
1.29546
1.29565
1.29585
1.29605
1.29626
1.29647
1.29668
1.29689
1.29711
1.29733
1.29755
1.29778
1.29801
1.29824
1.29848
1.29871
1.29895
1.29919
1.29944
1.29968
1.29993
1.30017
1.30042
1.30067
1.30092
1.30117
1.30143
1.30168
1.30193
1.30219
1.30244
1.30269
1.30294
1.3032
1.30345
1.3037
1.30395
1.3042
1.30445
1.3047
1.30494
1.30519
1.30543
1.30567
1.30591
1.30615
1.30639
1.30663
1.30686
1.3071
1.30733
1.30756
1.30779
1.30801
1.30824
1.30846
1.30868
1.3089
1.30912
1.30934
1.30955
1.30977
1.30998
1.31019
1.3104
1.3106
1.31081
1.31101
1.31122
1.31142
1.31162
1.31182
1.31202
1.31222
1.31242
1.31261
1.31281
1.313
1.31319
1.31339
1.31358
1.31377
1.31396
1.31415
1.31435
1.31454
1.31473
1.31491
1.3151
1.31529
1.31548
1.31567
1.31586
1.31605
1.31623
1.31642
1.31661
1.31679
1.31698
1.31717
1.31735
1.31754
1.31772
1.31791
1.31809
1.31828
1.31846
1.31865
1.31883
1.31901
1.31919
1.31938
1.31956
1.31974
1.31992
1.3201
1.32028
1.32045
1.32063
1.32081
1.32098
1.32116
1.32133
1.3215
1.32167
1.32184
1.32201
1.32218
1.32235
1.32251
1.32268
1.32284
1.32301
1.32317
1.32333
1.32349
1.32364
1.3238
1.32396
1.32411
1.32426
1.32442
1.32457
1.32472
1.32487
1.32501
1.32516
1.32531
1.32545
1.32559
1.32574
1.32588
1.32602
1.32616
1.3263
1.32644
1.32658
1.32671
1.32685
1.32699
1.32712
1.32726
1.32739
1.32753
1.32766
1.32779
1.32793
1.32806
1.32819
1.32833
1.32846
1.32859
1.32872
1.32886
1.32899
1.32912
1.32926
1.32939
1.32952
1.32966
1.32979
1.32992
1.33006
1.33019
1.33033
1.33046
1.3306
1.33073
1.33087
1.331
1.33114
1.33127
1.33141
1.33154
1.33168
1.33181
1.33195
1.33208
1.33222
1.33235
1.33248
1.33262
1.33275
1.33288
1.33301
1.33315
1.33328
1.3334
1.33353
1.33366
1.33379
1.33391
1.33403
1.33415
1.33427
1.33439
1.33451
1.33462
1.33474
1.33485
1.33495
1.33506
1.33516
1.33526
1.33536
1.33545
1.33555
1.33563
1.33572
1.3358
1.33588
1.33595
1.33602
1.33609
1.33615
1.33621
1.33627
1.33632
1.33636
1.33641
1.33644
1.33648
1.3365
1.33653
1.33655
1.33656
1.33657
1.33657
1.33657
1.33656
1.33655
1.33653
1.3365
1.33647
1.33644
1.3364
1.33635
1.3363
1.33624
1.33618
1.33611
1.33604
1.33596
1.33587
1.33578
1.33568
1.33558
1.33547
1.33536
1.33524
1.33511
1.33498
1.33485
1.33471
1.33456
1.33441
1.33425
1.33409
1.33393
1.33376
1.33358
1.33341
1.33322
1.33304
1.33284
1.33265
1.33245
1.33225
1.33205
1.33184
1.33163
1.33141
1.3312
1.33098
1.33076
1.33054
1.33031
1.33009
1.32986
1.32963
1.32941
1.32918
1.32895
1.32872
1.32849
1.32826
1.32804
1.32781
1.32759
1.32736
1.32714
1.32692
1.3267
1.32648
1.32627
1.32606
1.32585
1.32565
1.32545
1.32525
1.32505
1.32486
1.32468
1.32449
1.32432
1.32414
1.32397
1.32381
1.32365
1.32349
1.32335
1.3232
1.32306
1.32293
1.3228
1.32268
1.32256
1.32244
1.32234
1.32223
1.32214
1.32205
1.32196
1.32188
1.3218
1.32173
1.32166
1.3216
1.32154
1.32149
1.32144
1.3214
1.32136
1.32132
1.32129
1.32126
1.32123
1.32121
1.32119
1.32117
1.32116
1.32115
1.32114
1.32113
1.32112
1.32112
1.32111
1.32111
1.32111
1.3211
1.3211
1.3211
1.3211
1.32109
1.32109
1.32108
1.32108
1.32107
1.32106
1.32104
1.32103
1.32101
1.32099
1.32097
1.32094
1.32091
1.32088
1.32085
1.32081
1.32076
1.32071
1.32066
1.32061
1.32055
1.32048
1.32041
1.32034
1.32026
1.32018
1.32009
1.32
1.3199
1.3198
1.31969
1.31958
1.31947
1.31935
1.31923
1.3191
1.31897
1.31884
1.3187
1.31856
1.31842
1.31827
1.31812
1.31797
1.31782
1.31766
1.31751
1.31735
1.3172
1.31704
1.31688
1.31673
1.31657
1.31642
1.31627
1.31611
1.31597
1.31582
1.31568
1.31554
1.3154
1.31527
1.31515
1.31503
1.31491
1.3148
1.31469
1.3146
1.31451
1.31442
1.31434
1.31427
1.31421
1.31416
1.31411
1.31407
1.31404
1.31402
1.314
1.314
1.314
1.31402
1.31404
1.31407
1.31411
1.31416
1.31422
1.31428
1.31436
1.31444
1.31453
1.31463
1.31474
1.31485
1.31498
1.31511
1.31524
1.31539
1.31554
1.3157
1.31586
1.31603
1.31621
1.31639
1.31658
1.31677
1.31697
1.31717
1.2001
1.2003
1.20051
1.20072
1.20093
1.20115
1.20137
1.2016
1.20183
1.20206
1.2023
1.20254
1.20278
1.20302
1.20327
1.20351
1.20376
1.20401
1.20426
1.20451
1.20477
1.20502
1.20527
1.20553
1.20578
1.20603
1.20629
1.20654
1.20679
1.20704
1.20729
1.20754
1.20779
1.20804
1.20829
1.20853
1.20877
1.20902
1.20926
1.20949
1.20973
1.20997
1.2102
1.21043
1.21065
1.21088
1.2111
1.21132
1.21154
1.21175
1.21196
1.21217
1.21237
1.21257
1.21277
1.21296
1.21315
1.21334
1.21352
1.2137
1.21388
1.21405
1.21421
1.21438
1.21454
1.21469
1.21484
1.21498
1.21512
1.21526
1.21539
1.21552
1.21564
1.21575
1.21586
1.21597
1.21607
1.21616
1.21625
1.21634
1.21642
1.21649
1.21656
1.21662
1.21668
1.21673
1.21678
1.21682
1.21686
1.21689
1.21691
1.21693
1.21695
1.21696
1.21696
1.21696
1.21696
1.21695
1.21693
1.21691
1.21689
1.21686
1.21683
1.2168
1.21676
1.21672
1.21667
1.21662
1.21657
1.21652
1.21646
1.21641
1.21635
1.21629
1.21623
1.21616
1.2161
1.21604
1.21598
1.21592
1.21586
1.2158
1.21574
1.21568
1.21563
1.21558
1.21553
1.21549
1.21545
1.21542
1.21539
1.21536
1.21534
1.21533
1.21532
1.21532
1.21532
1.21533
1.21535
1.21538
1.21541
1.21545
1.2155
1.21556
1.21563
1.21571
1.21579
1.21589
1.21599
1.21611
1.21623
1.21636
1.2165
1.21665
1.21681
1.21698
1.21716
1.21735
1.21754
1.21775
1.21796
1.21818
1.21841
1.21865
1.21889
1.21915
1.21941
1.21967
1.21994
1.22022
1.2205
1.22079
1.22108
1.22137
1.22167
1.22197
1.22228
1.22258
1.22289
1.2232
1.22351
1.22382
1.22413
1.22444
1.22474
1.22505
1.22535
1.22565
1.22594
1.22623
1.22652
1.2268
1.22707
1.22734
1.2276
1.22786
1.2281
1.22834
1.22857
1.22879
1.22901
1.22921
1.2294
1.22958
1.22975
1.2299
1.23005
1.23018
1.2303
1.23041
1.2305
1.23058
1.23064
1.23069
1.23073
1.23074
1.23075
1.23074
1.23071
1.23066
1.2306
1.23052
1.23043
1.23031
1.23018
1.23004
1.22987
1.22969
1.22949
1.22927
1.22903
1.22878
1.2285
1.22821
1.22791
1.22758
1.22724
1.22688
1.2265
1.22611
1.2257
1.22528
1.22484
1.22438
1.22391
1.22343
1.22294
1.22243
1.22191
1.22138
1.22084
1.2203
1.21974
1.21918
1.21862
1.21804
1.21747
1.2169
1.21632
1.21575
1.21518
1.21461
1.21404
1.21349
1.21294
1.2124
1.21188
1.21136
1.21086
1.21038
1.20991
1.20946
1.20904
1.20863
1.20824
1.20788
1.20754
1.20723
1.20694
1.20668
1.20645
1.20624
1.20606
1.20591
1.20579
1.2057
1.20564
1.20561
1.2056
1.20562
1.20567
1.20575
1.20585
1.20597
1.20612
1.2063
1.20649
1.20671
1.20694
1.20719
1.20746
1.20774
1.20804
1.20835
1.20866
1.20899
1.20933
1.20967
1.21002
1.21037
1.21072
1.21107
1.21143
1.21178
1.21212
1.21247
1.2128
1.21314
1.21346
1.21378
1.21408
1.21438
1.21467
1.21495
1.21521
1.21547
1.21571
1.21594
1.21615
1.21636
1.21655
1.21672
1.21689
1.21704
1.21718
1.2173
1.21741
1.21751
1.2176
1.21768
1.21774
1.2178
1.21784
1.21787
1.2179
1.21791
1.21791
1.21791
1.2179
1.21788
1.21785
1.21782
1.21778
1.21774
1.21769
1.21764
1.21758
1.21752
1.21745
1.21739
1.21732
1.21724
1.21717
1.2171
1.21702
1.21694
1.21687
1.21679
1.21671
1.21663
1.21656
1.21648
1.2164
1.21633
1.21625
1.21617
1.2161
1.21603
1.21595
1.21588
1.21581
1.21573
1.21566
1.21559
1.21551
1.21544
1.21536
1.21529
1.21521
1.21514
1.21506
1.21498
1.2149
1.21482
1.21473
1.21465
1.21456
1.21447
1.21437
1.21428
1.21418
1.21408
1.21397
1.21387
1.21376
1.21364
1.21352
1.2134
1.21328
1.21315
1.21302
1.21289
1.21275
1.21261
1.21247
1.21232
1.21217
1.21202
1.21186
1.2117
1.21154
1.21138
1.21121
1.21105
1.21088
1.2107
1.21053
1.21035
1.21018
1.21
1.20982
1.20964
1.20946
1.20928
1.2091
1.20891
1.20873
1.20855
1.20837
1.20819
1.208
1.20782
1.20764
1.20746
1.20729
1.20711
1.20693
1.20676
1.20659
1.20641
1.20624
1.20608
1.20591
1.20574
1.20558
1.20542
1.20526
1.2051
1.20494
1.20478
1.20463
1.20448
1.20433
1.20418
1.20403
1.20389
1.20374
1.2036
1.20346
1.20332
1.20318
1.20304
1.2029
1.20277
1.20264
1.2025
1.20237
1.20224
1.20211
1.20198
1.20185
1.20173
1.2016
1.20148
1.20135
1.20123
1.20111
1.20099
1.20087
1.20076
1.20064
1.20053
1.20041
1.2003
1.20019
1.20009
1.19998
1.19988
1.19978
1.19968
1.19959
1.1995
1.19941
1.19932
1.19924
1.19917
1.1991
1.19903
1.19896
1.1989
1.19885
1.1988
1.19876
1.19872
1.19869
1.19866
1.19864
1.19863
1.19862
1.19862
1.19863
1.19865
1.19867
1.1987
1.19873
1.19877
1.19883
1.19888
1.19895
1.19902
1.19911
1.19919
1.19929
1.1994
1.19951
1.19963
1.19976
1.19989
1.20003
1.20018
1.20034
1.2005
1.20067
1.20085
1.20103
1.20122
1.20142
1.20162
1.20183
1.20204
1.20226
1.20248
1.20271
1.20295
1.20319
1.20343
1.20368
1.20393
1.20419
1.20445
1.20471
1.20498
1.20525
1.20552
1.2058
1.20608
1.20636
1.20664
1.20693
1.20722
1.20751
1.2078
1.20809
1.20839
1.20869
1.20899
1.20929
1.20959
1.20989
1.2102
1.21051
1.21082
1.21112
1.21144
1.21175
1.21206
1.21237
1.21269
1.21301
1.21333
1.21364
1.21396
1.21429
1.21461
1.21493
1.21526
1.21558
1.21591
1.21624
1.21656
1.21689
1.21722
1.21755
1.21789
1.21822
1.21855
1.21888
1.21922
1.21955
1.21988
1.22022
1.22055
1.22088
1.22122
1.22155
1.22188
1.22221
1.22254
1.22286
1.22319
1.22351
1.22384
1.22416
1.22447
1.22479
1.2251
1.22541
1.22572
1.22602
1.22632
1.22661
1.2269
1.22719
1.22747
1.22774
1.22801
1.22828
1.22854
1.22879
1.22904
1.22929
1.22952
1.22975
1.22997
1.23019
1.2304
1.2306
1.2308
1.23099
1.23117
1.23134
1.2315
1.23166
1.23181
1.23196
1.23209
1.23222
1.23234
1.23245
1.23255
1.23265
1.23274
1.23282
1.23289
1.23296
1.23302
1.23307
1.23311
1.23315
1.23318
1.2332
1.23322
1.23323
1.23323
1.23323
1.23322
1.23321
1.23319
1.23317
1.23314
1.23311
1.23307
1.23303
1.23299
1.23294
1.23289
1.23283
1.23278
1.23272
1.23265
1.23259
1.23253
1.23246
1.2324
1.23233
1.23226
1.2322
1.23213
1.23207
1.23201
1.23194
1.23188
1.23183
1.23177
1.23172
1.23167
1.23162
1.23158
1.23154
1.2315
1.23147
1.23144
1.23142
1.2314
1.23139
1.23138
1.23138
1.23138
1.23139
1.23141
1.23143
1.23145
1.23149
1.23152
1.23157
1.23162
1.23167
1.23173
1.2318
1.23187
1.23195
1.23204
1.23213
1.23223
1.23233
1.23243
1.23255
1.23266
1.23279
1.23291
1.23305
1.23318
1.23332
1.23347
1.23361
1.23376
1.23392
1.23408
1.23424
1.2344
1.23457
1.23473
1.2349
1.23507
1.23524
1.23542
1.23559
1.23576
1.23594
1.23611
1.23628
1.23646
1.23663
1.2368
1.23697
1.23713
1.2373
1.23746
1.23762
1.23777
1.23793
1.23808
1.23822
1.23836
1.2385
1.23864
1.23876
1.23889
1.23901
1.23912
1.23923
1.23933
1.23942
1.23951
1.23959
1.23967
1.23974
1.2398
1.23985
1.2399
1.23994
1.23997
1.24
1.24001
1.24002
1.24002
1.24001
1.24
1.23997
1.23994
1.23989
1.23984
1.23978
1.23971
1.23963
1.23954
1.23944
1.23934
1.23922
1.2391
1.23896
1.23882
1.23867
1.23851
1.23833
1.23815
1.23796
1.23777
1.23756
1.23734
1.23712
1.23688
1.23664
1.23639
1.23613
1.23587
1.23559
1.23531
1.23502
1.23472
1.23441
1.2341
1.23378
1.23345
1.23312
1.23278
1.23243
1.23208
1.23172
1.23136
1.23099
1.23061
1.23023
1.22985
1.22946
1.22906
1.22867
1.22827
1.22786
1.22745
1.22704
1.22662
1.22621
1.22578
1.22536
1.22494
1.22451
1.22408
1.22365
1.22321
1.22278
1.22234
1.22191
1.22147
1.22103
1.22059
1.22015
1.21971
1.21927
1.21883
1.21838
1.21794
1.2175
1.21706
1.21661
1.21617
1.21573
1.21528
1.21484
1.2144
1.21396
1.21351
1.21307
1.21263
1.21219
1.21175
1.21131
1.21086
1.21042
1.20998
1.20954
1.20911
1.20867
1.20823
1.20779
1.20735
1.20692
1.20648
1.20605
1.20562
1.20518
1.20475
1.20432
1.20389
1.20347
1.20304
1.20262
1.2022
1.20178
1.20136
1.20095
1.20053
1.20012
1.19972
1.19931
1.19891
1.19851
1.19812
1.19773
1.19734
1.19696
1.19659
1.19621
1.19584
1.19548
1.19512
1.19477
1.19442
1.19407
1.19374
1.1934
1.19308
1.19276
1.19244
1.19213
1.19183
1.19153
1.19124
1.19095
1.19067
1.19039
1.19012
1.18985
1.18959
1.18934
1.18909
1.18884
1.1886
1.18836
1.18813
1.1879
1.18767
1.18744
1.18722
1.18701
1.18679
1.18658
1.18637
1.18616
1.18595
1.18574
1.18554
1.18533
1.18513
1.18492
1.18472
1.18452
1.18431
1.18411
1.18391
1.1837
1.1835
1.1833
1.1831
1.18289
1.18269
1.18249
1.18229
1.1821
1.1819
1.1817
1.18151
1.18132
1.18114
1.18095
1.18077
1.1806
1.18043
1.18027
1.18011
1.17996
1.17982
1.17968
1.17956
1.17944
1.17933
1.17924
1.17915
1.17908
1.17902
1.17897
1.19998
1.19996
1.19996
1.19997
1.2
1.20004
1.2001
1.20018
1.20028
1.20039
1.20052
1.20067
1.20084
1.20103
1.20124
1.20147
1.20171
1.20198
1.20226
1.20256
1.20289
1.20323
1.20359
1.20396
1.20436
1.20477
1.2052
1.20564
1.2061
1.20657
1.20706
1.20757
1.20808
1.20861
1.20915
1.2097
1.21027
1.21084
1.21142
1.21201
1.2126
1.2132
1.21381
1.21442
1.21504
1.21566
1.21629
1.21691
1.21754
1.21817
1.2188
1.21942
1.22005
1.22068
1.2213
1.22192
1.22253
1.22315
1.22375
1.22436
1.22495
1.22555
1.22613
1.22671
1.22728
1.22785
1.2284
1.22895
1.22949
1.23003
1.23055
1.23107
1.23157
1.23207
1.23256
1.23304
1.23351
1.23397
1.23442
1.23486
1.23529
1.23571
1.23612
1.23652
1.23692
1.2373
1.23767
1.23803
1.23838
1.23872
1.23906
1.23938
1.23969
1.24
1.24029
1.24057
1.24085
1.24111
1.24137
1.24162
1.24185
1.24208
1.2423
1.24252
1.24272
1.24291
1.2431
1.24328
1.24345
1.24361
1.24376
1.24391
1.24405
1.24418
1.24431
1.24442
1.24454
1.24464
1.24474
1.24483
1.24491
1.24499
1.24507
1.24514
1.2452
1.24526
1.24531
1.24536
1.2454
1.24544
1.24547
1.2455
1.24553
1.24555
1.24557
1.24559
1.2456
1.24561
1.24562
1.24563
1.24563
1.24563
1.24563
1.24563
1.24563
1.24562
1.24562
1.24561
1.2456
1.2456
1.24559
1.24558
1.24558
1.24557
1.24556
1.24556
1.24555
1.24555
1.24554
1.24554
1.24554
1.24554
1.24555
1.24555
1.24556
1.24556
1.24557
1.24559
1.2456
1.24562
1.24564
1.24566
1.24568
1.2457
1.24573
1.24576
1.24579
1.24583
1.24587
1.24591
1.24595
1.24599
1.24604
1.24609
1.24614
1.24619
1.24625
1.2463
1.24636
1.24642
1.24649
1.24655
1.24662
1.24669
1.24676
1.24683
1.2469
1.24698
1.24705
1.24713
1.2472
1.24728
1.24736
1.24744
1.24752
1.2476
1.24768
1.24776
1.24784
1.24792
1.248
1.24808
1.24816
1.24824
1.24832
1.2484
1.24848
1.24856
1.24863
1.24871
1.24879
1.24886
1.24893
1.249
1.24907
1.24914
1.24921
1.24928
1.24934
1.2494
1.24946
1.24952
1.24958
1.24964
1.24969
1.24974
1.24979
1.24984
1.24989
1.24993
1.24998
1.25002
1.25005
1.25009
1.25013
1.25016
1.25019
1.25022
1.25024
1.25027
1.25029
1.25031
1.25033
1.25034
1.25036
1.25037
1.25038
1.25039
1.25039
1.2504
1.2504
1.2504
1.2504
1.25039
1.25039
1.25038
1.25037
1.25036
1.25035
1.25033
1.25031
1.2503
1.25028
1.25025
1.25023
1.25021
1.25018
1.25015
1.25012
1.25009
1.25006
1.25003
1.24999
1.24995
1.24992
1.24988
1.24984
1.2498
1.24975
1.24971
1.24966
1.24962
1.24957
1.24952
1.24947
1.24942
1.24937
1.24932
1.24926
1.24921
1.24915
1.2491
1.24904
1.24898
1.24893
1.24887
1.24881
1.24875
1.24868
1.24862
1.24856
1.2485
1.24843
1.24837
1.2483
1.24824
1.24817
1.2481
1.24803
1.24797
1.2479
1.24783
1.24776
1.24769
1.24762
1.24755
1.24748
1.24741
1.24734
1.24726
1.24719
1.24712
1.24705
1.24697
1.2469
1.24682
1.24675
1.24667
1.2466
1.24652
1.24645
1.24637
1.2463
1.24622
1.24614
1.24607
1.24599
1.24591
1.24584
1.24576
1.24568
1.2456
1.24552
1.24545
1.24537
1.24529
1.24521
1.24513
1.24505
1.24497
1.24489
1.24481
1.24473
1.24465
1.24457
1.24449
1.24441
1.24433
1.24424
1.24416
1.24408
1.244
1.24391
1.24383
1.24375
1.24367
1.24358
1.2435
1.24341
1.24333
1.24324
1.24316
1.24307
1.24299
1.2429
1.24282
1.24273
1.24264
1.24256
1.24247
1.24238
1.2423
1.24221
1.24212
1.24203
1.24194
1.24185
1.24176
1.24167
1.24158
1.24149
1.2414
1.24131
1.24122
1.24112
1.24103
1.24094
1.24085
1.24075
1.24066
1.24056
1.24047
1.24037
1.24028
1.24018
1.24009
1.23999
1.23989
1.2398
1.2397
1.2396
1.2395
1.2394
1.2393
1.2392
1.2391
1.239
1.2389
1.2388
1.2387
1.2386
1.2385
1.23839
1.23829
1.23819
1.23809
1.23798
1.23788
1.23777
1.23767
1.23757
1.23746
1.23736
1.23725
1.23715
1.23704
1.23693
1.23683
1.23672
1.23662
1.23651
1.23641
1.2363
1.23619
1.23609
1.23598
1.23588
1.23577
1.23566
1.23556
1.23545
1.23535
1.23524
1.23514
1.23503
1.23493
1.23483
1.23472
1.23462
1.23452
1.23442
1.23432
1.23422
1.23412
1.23402
1.23392
1.23382
1.23373
1.23363
1.23353
1.23344
1.23335
1.23326
1.23316
1.23307
1.23299
1.2329
1.23281
1.23273
1.23264
1.23256
1.23248
1.2324
1.23233
1.23225
1.23218
1.2321
1.23203
1.23196
1.2319
1.23183
1.23177
1.23171
1.23165
1.23159
1.23154
1.23148
1.23143
1.23138
1.23134
1.23129
1.23125
1.23121
1.23117
1.23114
1.23111
1.23108
1.23105
1.23102
1.231
1.23098
1.23096
1.23095
1.23094
1.23093
1.23092
1.23091
1.23091
1.23091
1.23092
1.23092
1.23093
1.23094
1.23095
1.23097
1.23099
1.23101
1.23103
1.23106
1.23109
1.23112
1.23115
1.23119
1.23123
1.23127
1.23131
1.23135
1.2314
1.23145
1.2315
1.23155
1.23161
1.23167
1.23173
1.23179
1.23185
1.23192
1.23198
1.23205
1.23212
1.23219
1.23227
1.23234
1.23242
1.2325
1.23257
1.23266
1.23274
1.23282
1.2329
1.23299
1.23307
1.23316
1.23325
1.23334
1.23342
1.23351
1.23361
1.2337
1.23379
1.23388
1.23397
1.23407
1.23416
1.23425
1.23435
1.23444
1.23453
1.23463
1.23472
1.23482
1.23491
1.23501
1.2351
1.2352
1.23529
1.23538
1.23548
1.23557
1.23566
1.23576
1.23585
1.23594
1.23603
1.23613
1.23622
1.23631
1.2364
1.23649
1.23658
1.23667
1.23676
1.23684
1.23693
1.23702
1.2371
1.23719
1.23728
1.23736
1.23745
1.23753
1.23761
1.2377
1.23778
1.23786
1.23794
1.23802
1.2381
1.23818
1.23826
1.23834
1.23842
1.2385
1.23858
1.23865
1.23873
1.23881
1.23888
1.23896
1.23904
1.23911
1.23919
1.23926
1.23934
1.23941
1.23948
1.23956
1.23963
1.2397
1.23978
1.23985
1.23992
1.24
1.24007
1.24014
1.24022
1.24029
1.24036
1.24044
1.24051
1.24058
1.24065
1.24073
1.2408
1.24087
1.24094
1.24102
1.24109
1.24116
1.24124
1.24131
1.24138
1.24146
1.24153
1.2416
1.24168
1.24175
1.24183
1.2419
1.24197
1.24205
1.24212
1.2422
1.24227
1.24234
1.24242
1.24249
1.24257
1.24264
1.24272
1.24279
1.24286
1.24294
1.24301
1.24309
1.24316
1.24323
1.24331
1.24338
1.24345
1.24353
1.2436
1.24367
1.24374
1.24381
1.24389
1.24396
1.24403
1.2441
1.24417
1.24423
1.2443
1.24437
1.24444
1.2445
1.24457
1.24463
1.2447
1.24476
1.24483
1.24489
1.24495
1.24501
1.24507
1.24513
1.24518
1.24524
1.24529
1.24535
1.2454
1.24545
1.2455
1.24555
1.2456
1.24565
1.24569
1.24573
1.24578
1.24582
1.24586
1.2459
1.24593
1.24597
1.246
1.24603
1.24606
1.24609
1.24611
1.24614
1.24616
1.24618
1.2462
1.24622
1.24623
1.24625
1.24626
1.24627
1.24627
1.24628
1.24628
1.24628
1.24628
1.24628
1.24627
1.24626
1.24625
1.24624
1.24622
1.2462
1.24618
1.24616
1.24614
1.24611
1.24608
1.24605
1.24601
1.24598
1.24594
1.24589
1.24585
1.2458
1.24575
1.2457
1.24564
1.24559
1.24552
1.24546
1.24539
1.24532
1.24525
1.24518
1.2451
1.24502
1.24494
1.24485
1.24476
1.24467
1.24458
1.24448
1.24438
1.24428
1.24417
1.24406
1.24395
1.24383
1.24372
1.2436
1.24347
1.24335
1.24322
1.24309
1.24295
1.24282
1.24268
1.24253
1.24239
1.24224
1.24209
1.24193
1.24178
1.24162
1.24146
1.24129
1.24112
1.24095
1.24078
1.24061
1.24043
1.24025
1.24007
1.23989
1.2397
1.23951
1.23932
1.23913
1.23894
1.23874
1.23855
1.23835
1.23815
1.23794
1.23774
1.23754
1.23733
1.23712
1.23692
1.23671
1.2365
1.23629
1.23608
1.23587
1.23566
1.23545
1.23523
1.23502
1.23481
1.2346
1.23439
1.23419
1.23398
1.23377
1.23357
1.23336
1.23316
1.23296
1.23276
1.23257
1.23237
1.23218
1.23199
1.23181
1.23163
1.23145
1.23127
1.2311
1.23093
1.23076
1.2306
1.23045
1.2303
1.23015
1.23
1.22987
1.22973
1.22961
1.22948
1.22937
1.22925
1.22915
1.22905
1.22895
1.22887
1.22878
1.22871
1.22864
1.22857
1.22851
1.22846
1.22842
1.22838
1.22835
1.22832
1.2283
1.22829
1.22829
1.22829
1.22829
1.22831
1.22833
1.22835
1.22838
1.22842
1.22846
1.22851
1.22857
1.22863
1.2287
1.22877
1.22884
1.22893
1.22901
1.22911
1.2292
1.2293
1.22941
1.22952
1.22963
1.22975
1.22987
1.22999
1.23012
1.23025
1.23038
1.23052
1.23065
1.23079
1.23094
1.23108
1.23123
1.23137
1.23152
1.23167
1.23182
1.23197
1.23212
1.23227
1.23242
1.23258
1.23273
1.23288
1.23303
1.23318
1.23333
1.23347
1.23362
1.23377
1.23391
1.23405
1.23419
1.23433
1.23447
1.2346
1.23474
1.23487
1.235
1.23512
1.23524
1.23537
1.23548
1.2356
1.23571
1.23582
1.23593
1.23603
1.23613
1.23623
1.23633
1.23642
1.23651
1.23659
1.23667
1.23675
1.23683
1.2369
1.23697
1.23704
1.2371
1.23716
1.23722
1.23727
1.23732
1.23737
1.23741
1.23745
1.23749
1.23753
1.23756
1.23759
1.23761
1.23764
1.23766
1.20001
1.20002
1.20003
1.20004
1.20005
1.20005
1.20005
1.20005
1.20005
1.20004
1.20004
1.20003
1.20001
1.2
1.19998
1.19997
1.19994
1.19992
1.1999
1.19987
1.19984
1.19982
1.19978
1.19975
1.19972
1.19968
1.19964
1.19961
1.19957
1.19952
1.19948
1.19944
1.19939
1.19935
1.1993
1.19925
1.1992
1.19915
1.1991
1.19905
1.199
1.19895
1.19889
1.19884
1.19878
1.19873
1.19867
1.19861
1.19855
1.1985
1.19844
1.19838
1.19832
1.19826
1.1982
1.19814
1.19807
1.19801
1.19795
1.19789
1.19783
1.19776
1.1977
1.19763
1.19757
1.19751
1.19744
1.19738
1.19731
1.19725
1.19718
1.19711
1.19705
1.19698
1.19691
1.19685
1.19678
1.19671
1.19664
1.19657
1.1965
1.19643
1.19636
1.19629
1.19622
1.19615
1.19608
1.19601
1.19593
1.19586
1.19579
1.19571
1.19564
1.19556
1.19548
1.19541
1.19533
1.19525
1.19517
1.19509
1.19501
1.19493
1.19485
1.19476
1.19468
1.1946
1.19451
1.19442
1.19434
1.19425
1.19416
1.19407
1.19398
1.19389
1.1938
1.1937
1.19361
1.19352
1.19342
1.19332
1.19323
1.19313
1.19303
1.19293
1.19283
1.19273
1.19262
1.19252
1.19242
1.19231
1.19221
1.1921
1.192
1.19189
1.19178
1.19168
1.19157
1.19146
1.19135
1.19124
1.19114
1.19103
1.19092
1.19081
1.1907
1.19059
1.19048
1.19038
1.19027
1.19016
1.19006
1.18995
1.18984
1.18974
1.18964
1.18953
1.18943
1.18933
1.18923
1.18914
1.18904
1.18895
1.18885
1.18876
1.18867
1.18858
1.1885
1.18841
1.18833
1.18825
1.18817
1.1881
1.18802
1.18795
1.18789
1.18782
1.18776
1.1877
1.18764
1.18759
1.18753
1.18749
1.18744
1.1874
1.18736
1.18732
1.18729
1.18726
1.18723
1.1872
1.18718
1.18717
1.18715
1.18714
1.18713
1.18713
1.18712
1.18712
1.18713
1.18714
1.18715
1.18716
1.18718
1.18719
1.18722
1.18724
1.18727
1.1873
1.18733
1.18737
1.18741
1.18745
1.18749
1.18753
1.18758
1.18763
1.18768
1.18773
1.18779
1.18785
1.18791
1.18797
1.18803
1.18809
1.18816
1.18822
1.18829
1.18836
1.18843
1.1885
1.18857
1.18864
1.18871
1.18878
1.18885
1.18893
1.189
1.18907
1.18915
1.18922
1.1893
1.18937
1.18944
1.18951
1.18959
1.18966
1.18973
1.1898
1.18987
1.18994
1.19
1.19007
1.19014
1.1902
1.19026
1.19033
1.19039
1.19045
1.1905
1.19056
1.19062
1.19067
1.19072
1.19077
1.19082
1.19087
1.19092
1.19096
1.191
1.19104
1.19108
1.19112
1.19115
1.19118
1.19121
1.19124
1.19127
1.19129
1.19131
1.19133
1.19135
1.19137
1.19138
1.19139
1.1914
1.19141
1.19142
1.19142
1.19142
1.19142
1.19142
1.19141
1.1914
1.19139
1.19138
1.19137
1.19135
1.19133
1.19131
1.19129
1.19126
1.19123
1.19121
1.19117
1.19114
1.19111
1.19107
1.19103
1.19099
1.19094
1.1909
1.19085
1.1908
1.19075
1.1907
1.19064
1.19059
1.19053
1.19047
1.19041
1.19034
1.19028
1.19021
1.19014
1.19007
1.19
1.18993
1.18986
1.18978
1.18971
1.18963
1.18955
1.18947
1.18939
1.18931
1.18922
1.18914
1.18906
1.18897
1.18888
1.1888
1.18871
1.18862
1.18853
1.18844
1.18835
1.18826
1.18817
1.18808
1.18799
1.1879
1.18781
1.18772
1.18763
1.18754
1.18745
1.18736
1.18727
1.18718
1.18709
1.187
1.18692
1.18683
1.18674
1.18666
1.18657
1.18649
1.1864
1.18632
1.18624
1.18616
1.18608
1.186
1.18593
1.18585
1.18578
1.1857
1.18563
1.18556
1.18549
1.18542
1.18535
1.18529
1.18522
1.18516
1.1851
1.18504
1.18498
1.18492
1.18487
1.18481
1.18476
1.18471
1.18465
1.1846
1.18456
1.18451
1.18446
1.18442
1.18437
1.18433
1.18429
1.18425
1.18421
1.18417
1.18413
1.18409
1.18406
1.18402
1.18398
1.18395
1.18391
1.18388
1.18384
1.18381
1.18378
1.18374
1.18371
1.18367
1.18364
1.1836
1.18357
1.18353
1.1835
1.18346
1.18342
1.18338
1.18334
1.1833
1.18326
1.18322
1.18317
1.18313
1.18308
1.18303
1.18298
1.18293
1.18287
1.18282
1.18276
1.1827
1.18264
1.18258
1.18251
1.18244
1.18237
1.1823
1.18223
1.18215
1.18207
1.18199
1.1819
1.18182
1.18173
1.18163
1.18154
1.18144
1.18134
1.18124
1.18113
1.18102
1.18091
1.18079
1.18068
1.18056
1.18043
1.18031
1.18018
1.18005
1.17992
1.17978
1.17964
1.1795
1.17936
1.17922
1.17907
1.17892
1.17877
1.17862
1.17846
1.1783
1.17815
1.17799
1.17782
1.17766
1.1775
1.17733
1.17717
1.177
1.17684
1.17667
1.1765
1.17633
1.17617
1.176
1.17583
1.17567
1.1755
1.17534
1.17518
1.17502
1.17486
1.1747
1.17454
1.17439
1.17424
1.17409
1.17395
1.17381
1.17367
1.17353
1.1734
1.17328
1.17315
1.17304
1.17292
1.17282
1.17271
1.17262
1.17253
1.17244
1.17236
1.17229
1.17222
1.17216
1.1721
1.17206
1.17202
1.17198
1.17196
1.17194
1.17193
1.17192
1.17193
1.17194
1.17196
1.17199
1.17202
1.17207
1.17212
1.17218
1.17224
1.17232
1.1724
1.17249
1.17259
1.1727
1.17281
1.17293
1.17306
1.17319
1.17334
1.17349
1.17365
1.17381
1.17398
1.17416
1.17434
1.17453
1.17472
1.17492
1.17513
1.17534
1.17556
1.17578
1.176
1.17623
1.17647
1.17671
1.17695
1.17719
1.17744
1.17769
1.17795
1.1782
1.17846
1.17872
1.17899
1.17925
1.17952
1.17979
1.18005
1.18032
1.18059
1.18086
1.18113
1.1814
1.18167
1.18194
1.18221
1.18248
1.18275
1.18301
1.18328
1.18354
1.18381
1.18407
1.18433
1.18459
1.18484
1.1851
1.18535
1.1856
1.18585
1.18609
1.18634
1.18658
1.18682
1.18706
1.18729
1.18752
1.18775
1.18797
1.1882
1.18842
1.18864
1.18885
1.18906
1.18927
1.18948
1.18968
1.18988
1.19008
1.19027
1.19047
1.19065
1.19084
1.19102
1.1912
1.19138
1.19156
1.19173
1.1919
1.19206
1.19222
1.19238
1.19254
1.1927
1.19285
1.193
1.19314
1.19329
1.19343
1.19356
1.1937
1.19383
1.19396
1.19408
1.19421
1.19433
1.19445
1.19456
1.19467
1.19478
1.19489
1.19499
1.19509
1.19519
1.19529
1.19538
1.19547
1.19556
1.19564
1.19572
1.1958
1.19588
1.19595
1.19602
1.19608
1.19615
1.19621
1.19626
1.19632
1.19637
1.19641
1.19646
1.1965
1.19654
1.19657
1.1966
1.19663
1.19666
1.19668
1.19669
1.19671
1.19672
1.19672
1.19673
1.19673
1.19672
1.19671
1.1967
1.19669
1.19667
1.19664
1.19662
1.19658
1.19655
1.19651
1.19646
1.19642
1.19636
1.19631
1.19625
1.19618
1.19611
1.19604
1.19596
1.19587
1.19579
1.19569
1.1956
1.1955
1.19539
1.19528
1.19516
1.19504
1.19492
1.19479
1.19466
1.19452
1.19438
1.19423
1.19408
1.19392
1.19376
1.19359
1.19342
1.19324
1.19306
1.19288
1.19269
1.19249
1.1923
1.19209
1.19189
1.19167
1.19146
1.19124
1.19101
1.19079
1.19055
1.19032
1.19008
1.18984
1.18959
1.18934
1.18909
1.18883
1.18857
1.18831
1.18804
1.18777
1.1875
1.18723
1.18695
1.18668
1.1864
1.18611
1.18583
1.18555
1.18526
1.18497
1.18468
1.1844
1.18411
1.18382
1.18353
1.18324
1.18295
1.18266
1.18237
1.18208
1.18179
1.1815
1.18122
1.18093
1.18065
1.18037
1.18009
1.17982
1.17955
1.17928
1.17901
1.17874
1.17848
1.17823
1.17797
1.17772
1.17748
1.17723
1.177
1.17676
1.17654
1.17631
1.17609
1.17588
1.17567
1.17547
1.17527
1.17508
1.17489
1.17471
1.17454
1.17437
1.17421
1.17405
1.17391
1.17376
1.17363
1.1735
1.17338
1.17326
1.17315
1.17305
1.17296
1.17287
1.17279
1.17272
1.17265
1.1726
1.17255
1.1725
1.17247
1.17244
1.17242
1.17241
1.17241
1.17241
1.17243
1.17245
1.17248
1.17252
1.17256
1.17262
1.17268
1.17276
1.17284
1.17293
1.17303
1.17314
1.17326
1.17339
1.17352
1.17367
1.17383
1.17399
1.17417
1.17435
1.17455
1.17476
1.17497
1.1752
1.17543
1.17568
1.17594
1.1762
1.17648
1.17677
1.17706
1.17737
1.17769
1.17802
1.17836
1.1787
1.17906
1.17943
1.17981
1.18019
1.18059
1.18099
1.18141
1.18183
1.18226
1.1827
1.18315
1.18361
1.18407
1.18454
1.18502
1.1855
1.18599
1.18649
1.18699
1.1875
1.18801
1.18853
1.18905
1.18957
1.1901
1.19064
1.19117
1.19171
1.19225
1.19279
1.19333
1.19388
1.19442
1.19496
1.19551
1.19605
1.1966
1.19714
1.19768
1.19822
1.19875
1.19929
1.19982
1.20035
1.20088
1.2014
1.20192
1.20243
1.20294
1.20345
1.20395
1.20445
1.20494
1.20543
1.20591
1.20638
1.20685
1.20732
1.20778
1.20823
1.20867
1.20912
1.20955
1.20998
1.2104
1.21081
1.21122
1.21162
1.21202
1.21241
1.21279
1.21317
1.21354
1.2139
1.21425
1.2146
1.21495
1.21528
1.21561
1.21593
1.21625
1.21656
1.21686
1.21716
1.21745
1.21774
1.21802
1.21829
1.21856
1.21882
1.21907
1.21932
1.21956
1.2198
1.22003
1.22026
1.22048
1.22069
1.2209
1.2211
1.2213
1.2215
1.22168
1.22187
1.22205
1.22222
1.22239
1.22255
1.22271
1.22286
1.22301
1.22316
1.2233
1.22343
1.22357
1.22369
1.22382
1.22394
1.22405
1.22416
1.22427
1.22437
1.22447
1.22456
1.22466
1.22474
1.22483
1.22491
1.22498
1.22506
1.22513
1.22519
1.22525
1.22531
1.22537
1.22542
1.20002
1.20007
1.20011
1.20015
1.20019
1.20022
1.20025
1.20028
1.2003
1.20032
1.20034
1.20036
1.20037
1.20038
1.20039
1.20039
1.20039
1.20039
1.20039
1.20038
1.20037
1.20036
1.20035
1.20033
1.20031
1.20029
1.20027
1.20024
1.20022
1.20018
1.20015
1.20012
1.20008
1.20004
1.2
1.19995
1.1999
1.19986
1.1998
1.19975
1.1997
1.19964
1.19958
1.19952
1.19945
1.19939
1.19932
1.19925
1.19918
1.19911
1.19903
1.19896
1.19888
1.1988
1.19872
1.19864
1.19855
1.19846
1.19838
1.19829
1.1982
1.1981
1.19801
1.19792
1.19782
1.19772
1.19763
1.19753
1.19743
1.19732
1.19722
1.19712
1.19701
1.19691
1.1968
1.1967
1.19659
1.19648
1.19637
1.19626
1.19616
1.19605
1.19594
1.19583
1.19572
1.19561
1.1955
1.19539
1.19528
1.19517
1.19506
1.19495
1.19484
1.19473
1.19462
1.19452
1.19441
1.19431
1.1942
1.1941
1.19399
1.19389
1.19379
1.19369
1.1936
1.1935
1.1934
1.19331
1.19322
1.19313
1.19304
1.19295
1.19287
1.19279
1.19271
1.19263
1.19255
1.19248
1.19241
1.19234
1.19227
1.19221
1.19215
1.19209
1.19203
1.19198
1.19193
1.19188
1.19184
1.19179
1.19176
1.19172
1.19169
1.19166
1.19163
1.19161
1.19159
1.19158
1.19156
1.19156
1.19155
1.19155
1.19155
1.19155
1.19156
1.19158
1.19159
1.19161
1.19163
1.19166
1.19169
1.19172
1.19176
1.1918
1.19184
1.19189
1.19194
1.19199
1.19205
1.19211
1.19217
1.19224
1.19231
1.19238
1.19246
1.19254
1.19262
1.19271
1.19279
1.19288
1.19298
1.19307
1.19317
1.19327
1.19338
1.19348
1.19359
1.1937
1.19381
1.19392
1.19404
1.19416
1.19428
1.1944
1.19452
1.19464
1.19476
1.19489
1.19501
1.19514
1.19527
1.1954
1.19552
1.19565
1.19578
1.19591
1.19604
1.19616
1.19629
1.19642
1.19654
1.19667
1.19679
1.19692
1.19704
1.19716
1.19728
1.19739
1.19751
1.19762
1.19773
1.19784
1.19794
1.19805
1.19815
1.19825
1.19834
1.19843
1.19852
1.1986
1.19868
1.19876
1.19883
1.1989
1.19896
1.19902
1.19908
1.19913
1.19917
1.19921
1.19925
1.19928
1.19931
1.19933
1.19934
1.19935
1.19935
1.19935
1.19934
1.19933
1.19931
1.19928
1.19925
1.19921
1.19917
1.19912
1.19906
1.199
1.19893
1.19885
1.19877
1.19868
1.19859
1.19849
1.19838
1.19827
1.19815
1.19803
1.1979
1.19776
1.19762
1.19747
1.19732
1.19717
1.19701
1.19684
1.19667
1.19649
1.19632
1.19613
1.19595
1.19576
1.19557
1.19537
1.19517
1.19497
1.19477
1.19456
1.19436
1.19415
1.19394
1.19373
1.19352
1.19331
1.1931
1.19288
1.19267
1.19246
1.19225
1.19205
1.19184
1.19163
1.19143
1.19123
1.19103
1.19083
1.19063
1.19044
1.19025
1.19006
1.18987
1.18968
1.1895
1.18932
1.18915
1.18897
1.1888
1.18863
1.18846
1.1883
1.18814
1.18798
1.18782
1.18766
1.18751
1.18735
1.1872
1.18705
1.18691
1.18676
1.18661
1.18647
1.18632
1.18618
1.18604
1.1859
1.18575
1.18561
1.18547
1.18533
1.18519
1.18506
1.18492
1.18478
1.18464
1.1845
1.18437
1.18423
1.1841
1.18397
1.18384
1.1837
1.18358
1.18345
1.18332
1.1832
1.18308
1.18296
1.18285
1.18274
1.18263
1.18253
1.18242
1.18233
1.18224
1.18215
1.18207
1.18199
1.18192
1.18185
1.18179
1.18174
1.18169
1.18165
1.18162
1.18159
1.18157
1.18155
1.18155
1.18155
1.18155
1.18157
1.18159
1.18162
1.18165
1.1817
1.18174
1.1818
1.18186
1.18193
1.18201
1.18209
1.18218
1.18228
1.18238
1.18249
1.1826
1.18272
1.18284
1.18297
1.1831
1.18324
1.18338
1.18353
1.18368
1.18384
1.184
1.18416
1.18432
1.18449
1.18467
1.18484
1.18502
1.1852
1.18539
1.18557
1.18576
1.18595
1.18615
1.18634
1.18654
1.18674
1.18695
1.18715
1.18736
1.18756
1.18778
1.18799
1.1882
1.18842
1.18864
1.18886
1.18908
1.1893
1.18953
1.18975
1.18998
1.19021
1.19045
1.19068
1.19092
1.19116
1.1914
1.19165
1.19189
1.19214
1.19239
1.19264
1.19289
1.19315
1.1934
1.19366
1.19392
1.19419
1.19445
1.19472
1.19499
1.19526
1.19553
1.1958
1.19607
1.19635
1.19663
1.19691
1.19719
1.19747
1.19775
1.19803
1.19832
1.1986
1.19889
1.19918
1.19946
1.19975
1.20004
1.20033
1.20062
1.20091
1.2012
1.20149
1.20178
1.20207
1.20235
1.20264
1.20293
1.20322
1.20351
1.20379
1.20408
1.20437
1.20465
1.20493
1.20522
1.2055
1.20578
1.20606
1.20634
1.20661
1.20689
1.20716
1.20743
1.2077
1.20797
1.20824
1.2085
1.20877
1.20903
1.20929
1.20954
1.2098
1.21005
1.2103
1.21055
1.2108
1.21104
1.21128
1.21152
1.21176
1.21199
1.21223
1.21245
1.21268
1.2129
1.21313
1.21334
1.21356
1.21377
1.21398
1.21419
1.21439
1.2146
1.21479
1.21499
1.21518
1.21537
1.21556
1.21574
1.21592
1.2161
1.21627
1.21644
1.21661
1.21677
1.21693
1.21709
1.21725
1.2174
1.21755
1.21769
1.21783
1.21797
1.2181
1.21824
1.21836
1.21849
1.21861
1.21873
1.21884
1.21895
1.21906
1.21916
1.21927
1.21936
1.21946
1.21955
1.21964
1.21972
1.2198
1.21988
1.21995
1.22002
1.22009
1.22016
1.22022
1.22028
1.22033
1.22038
1.22043
1.22048
1.22052
1.22056
1.2206
1.22063
1.22066
1.22069
1.22071
1.22073
1.22075
1.22077
1.22078
1.22079
1.2208
1.2208
1.22081
1.22081
1.2208
1.2208
1.22079
1.22078
1.22077
1.22075
1.22074
1.22072
1.2207
1.22067
1.22065
1.22062
1.22059
1.22056
1.22053
1.22049
1.22046
1.22042
1.22038
1.22034
1.2203
1.22025
1.22021
1.22016
1.22012
1.22007
1.22002
1.21997
1.21992
1.21987
1.21982
1.21977
1.21971
1.21966
1.21961
1.21955
1.2195
1.21945
1.21939
1.21934
1.21929
1.21923
1.21918
1.21913
1.21908
1.21903
1.21898
1.21893
1.21888
1.21884
1.21879
1.21875
1.2187
1.21866
1.21862
1.21858
1.21855
1.21851
1.21848
1.21845
1.21842
1.21839
1.21837
1.21835
1.21832
1.21831
1.21829
1.21828
1.21827
1.21826
1.21825
1.21825
1.21825
1.21825
1.21825
1.21826
1.21827
1.21828
1.2183
1.21831
1.21833
1.21836
1.21838
1.21841
1.21844
1.21848
1.21851
1.21855
1.21859
1.21863
1.21868
1.21873
1.21878
1.21883
1.21888
1.21894
1.219
1.21906
1.21912
1.21918
1.21925
1.21932
1.21938
1.21945
1.21952
1.2196
1.21967
1.21974
1.21982
1.21989
1.21997
1.22004
1.22012
1.2202
1.22027
1.22035
1.22043
1.2205
1.22058
1.22066
1.22073
1.22081
1.22088
1.22095
1.22103
1.2211
1.22117
1.22124
1.22131
1.22138
1.22145
1.22151
1.22158
1.22164
1.2217
1.22176
1.22182
1.22188
1.22194
1.22199
1.22204
1.22209
1.22214
1.22219
1.22224
1.22228
1.22232
1.22237
1.22241
1.22244
1.22248
1.22252
1.22255
1.22258
1.22261
1.22264
1.22267
1.22269
1.22272
1.22274
1.22276
1.22278
1.2228
1.22282
1.22284
1.22285
1.22287
1.22288
1.2229
1.22291
1.22292
1.22293
1.22294
1.22295
1.22296
1.22296
1.22297
1.22298
1.22298
1.22299
1.22299
1.223
1.223
1.223
1.22301
1.22301
1.22301
1.22301
1.22302
1.22302
1.22302
1.22302
1.22302
1.22302
1.22303
1.22303
1.22303
1.22303
1.22303
1.22303
1.22303
1.22303
1.22303
1.22303
1.22303
1.22303
1.22303
1.22304
1.22304
1.22304
1.22304
1.22304
1.22304
1.22304
1.22304
1.22304
1.22304
1.22304
1.22304
1.22304
1.22304
1.22304
1.22304
1.22304
1.22303
1.22303
1.22303
1.22303
1.22303
1.22303
1.22303
1.22302
1.22302
1.22302
1.22301
1.22301
1.22301
1.223
1.223
1.22299
1.22299
1.22298
1.22297
1.22296
1.22296
1.22295
1.22294
1.22293
1.22292
1.2229
1.22289
1.22288
1.22286
1.22284
1.22283
1.22281
1.22279
1.22277
1.22274
1.22272
1.22269
1.22266
1.22263
1.2226
1.22256
1.22253
1.22249
1.22245
1.2224
1.22236
1.22231
1.22225
1.2222
1.22214
1.22208
1.22201
1.22194
1.22187
1.22179
1.22171
1.22162
1.22153
1.22144
1.22134
1.22124
1.22113
1.22101
1.22089
1.22077
1.22064
1.2205
1.22036
1.22021
1.22006
1.2199
1.21973
1.21956
1.21938
1.21919
1.219
1.2188
1.21859
1.21837
1.21815
1.21792
1.21768
1.21744
1.21719
1.21693
1.21666
1.21638
1.2161
1.21581
1.21551
1.2152
1.21489
1.21457
1.21424
1.2139
1.21356
1.2132
1.21284
1.21248
1.21211
1.21173
1.21134
1.21095
1.21055
1.21014
1.20973
1.20932
1.2089
1.20847
1.20804
1.20761
1.20717
1.20673
1.20628
1.20584
1.20539
1.20494
1.20449
1.20403
1.20358
1.20313
1.20268
1.20223
1.20178
1.20134
1.2009
1.20046
1.20002
1.19959
1.19917
1.19875
1.19834
1.19794
1.19755
1.19716
1.19678
1.19641
1.19606
1.19571
1.19537
1.19505
1.19474
1.19444
1.19416
1.19389
1.19363
1.19339
1.19316
1.19295
1.19275
1.19257
1.19241
1.19226
1.19213
1.19202
1.19192
1.19184
1.19178
1.19173
1.1917
1.19168
1.19169
1.19171
1.19174
1.19179
1.19185
1.19193
1.19203
1.19213
1.19225
1.19239
1.19253
1.19269
1.19286
1.19303
1.19322
1.19342
1.19362
1.19383
1.19404
1.19426
1.19449
1.19472
1.19494
1.19518
1.19541
1.19564
1.19586
1.19609
1.19631
1.19653
1.19674
1.25493
1.25275
1.25006
1.24709
1.24413
1.24144
1.23916
1.23735
1.23592
1.23479
1.23384
1.23303
1.23235
1.23179
1.23136
1.23113
1.2312
1.23171
1.23276
1.23435
1.23636
1.23858
1.24077
1.24276
1.24442
1.24571
1.24661
1.24716
1.24741
1.24741
1.24723
1.24692
1.24651
1.24604
1.24552
1.24497
1.24438
1.24375
1.24307
1.24231
1.24147
1.24054
1.23951
1.23839
1.23718
1.23591
1.23461
1.23329
1.23201
1.23078
1.22965
1.22863
1.22775
1.22698
1.22633
1.22578
1.22531
1.2249
1.22457
1.22431
1.22415
1.2241
1.22416
1.2243
1.22445
1.22453
1.22442
1.22399
1.22316
1.22187
1.22015
1.21811
1.21592
1.21386
1.21221
1.21123
1.21108
1.21182
1.21336
1.21551
1.21805
1.22073
1.22336
1.22578
1.2279
1.22968
1.2311
1.23219
1.23296
1.23345
1.23369
1.2337
1.2335
1.23312
1.23257
1.23184
1.23095
1.22988
1.22862
1.22713
1.22541
1.22341
1.22111
1.21849
1.21556
1.21235
1.20895
1.20546
1.20205
1.19883
1.19593
1.19337
1.19117
1.18934
1.18797
1.18729
1.18755
1.18897
1.19153
1.195
1.19893
1.20284
1.20629
1.20901
1.21087
1.21187
1.21211
1.21173
1.2109
1.2098
1.20859
1.20741
1.20638
1.20554
1.20491
1.20447
1.20415
1.20388
1.2036
1.20323
1.20273
1.20205
1.20118
1.20009
1.19878
1.19728
1.19559
1.19377
1.19185
1.18993
1.18808
1.18643
1.1851
1.18421
1.18388
1.18417
1.1851
1.1866
1.18854
1.19073
1.19293
1.19492
1.19646
1.19733
1.19734
1.19632
1.1942
1.19096
1.18679
1.18208
1.17742
1.17353
1.17103
1.17023
1.17109
1.17319
1.17601
1.17902
1.18181
1.18416
1.186
1.18737
1.18844
1.18935
1.19028
1.1913
1.19246
1.19373
1.19507
1.19639
1.19765
1.19879
1.19981
1.2007
1.20145
1.20209
1.20263
1.20308
1.20347
1.20379
1.20406
1.20428
1.20446
1.20459
1.20468
1.20472
1.20471
1.20464
1.20451
1.20432
1.20405
1.20371
1.20326
1.20271
1.20203
1.20121
1.20025
1.19915
1.19791
1.19657
1.19515
1.19368
1.19221
1.19075
1.18936
1.1881
1.1871
1.18654
1.1866
1.18741
1.18898
1.19111
1.19347
1.1956
1.19703
1.19732
1.19618
1.19362
1.19013
1.18673
1.18482
1.1856
1.18935
1.19528
1.20201
1.20827
1.21328
1.21678
1.21886
1.21978
1.21986
1.21939
1.21865
1.21783
1.21704
1.21632
1.21567
1.21506
1.21448
1.21398
1.2136
1.21339
1.21338
1.21359
1.21407
1.21494
1.21633
1.21834
1.22088
1.22373
1.22654
1.22898
1.23076
1.23175
1.23191
1.2313
1.23007
1.22843
1.22661
1.22487
1.22339
1.22231
1.2216
1.22118
1.22095
1.22086
1.22096
1.22141
1.22236
1.22385
1.22577
1.22783
1.22968
1.231
1.23155
1.23124
1.23005
1.22809
1.22551
1.22253
1.2194
1.21642
1.21387
1.212
1.21096
1.2108
1.21146
1.21277
1.21449
1.21639
1.21825
1.21988
1.22113
1.22187
1.22198
1.22134
1.21992
1.21772
1.21489
1.21168
1.20843
1.20547
1.20302
1.20112
1.19957
1.19806
1.19632
1.19423
1.19202
1.1902
1.18944
1.19029
1.19285
1.1968
1.20153
1.2064
1.21095
1.2149
1.21815
1.22068
1.22253
1.2238
1.22457
1.22493
1.22498
1.2248
1.22444
1.22397
1.22342
1.22281
1.22215
1.22142
1.22062
1.2197
1.21866
1.21748
1.21617
1.21476
1.21332
1.21193
1.21069
1.20971
1.20904
1.20868
1.20858
1.20865
1.20879
1.2089
1.20897
1.20902
1.20915
1.20949
1.21017
1.21128
1.21282
1.21472
1.21686
1.21908
1.22119
1.22307
1.22459
1.22568
1.22628
1.22635
1.22586
1.22481
1.22321
1.22111
1.21862
1.21589
1.21315
1.21067
1.20872
1.20757
1.20738
1.20817
1.20987
1.21227
1.21511
1.21813
1.22111
1.22388
1.22632
1.2284
1.23007
1.23136
1.23228
1.23288
1.23321
1.23331
1.23327
1.23313
1.23297
1.23283
1.23278
1.23285
1.23307
1.23345
1.23402
1.23476
1.23566
1.2367
1.23784
1.23903
1.24022
1.24134
1.24236
1.24324
1.24396
1.24452
1.24494
1.24525
1.24547
1.24563
1.24573
1.24578
1.24574
1.2456
1.24529
1.24477
1.24404
1.2431
1.24201
1.24086
1.23979
1.23895
1.23847
1.23845
1.23892
1.23987
1.24122
1.24288
1.24474
1.24666
1.24853
1.25024
1.25174
1.25298
1.25397
1.25472
1.25529
1.25572
1.25608
1.25642
1.25676
1.25714
1.25758
1.25808
1.25865
1.25929
1.25997
1.26064
1.26124
1.26166
1.26177
1.26143
1.26049
1.2589
1.25671
1.25413
1.25156
1.24952
1.24847
1.24867
1.25009
1.25239
1.25512
1.25787
1.26033
1.26234
1.26383
1.26482
1.26533
1.26542
1.26513
1.26451
1.26362
1.26248
1.26114
1.25963
1.25797
1.2562
1.25436
1.25248
1.2506
1.24875
1.24699
1.24535
1.24389
1.24267
1.24177
1.24127
1.24126
1.24178
1.24289
1.24458
1.24681
1.24947
1.25242
1.25544
1.25833
1.26091
1.26302
1.26456
1.26546
1.26568
1.26521
1.26403
1.26215
1.25956
1.25629
1.25244
1.24818
1.24385
1.23992
1.23691
1.2352
1.2349
1.23575
1.23727
1.23896
1.24044
1.24155
1.24233
1.24291
1.24349
1.24426
1.24533
1.24674
1.24843
1.25026
1.25208
1.25372
1.25504
1.25596
1.25645
1.2565
1.25614
1.25542
1.2544
1.25316
1.25176
1.25028
1.24876
1.24724
1.24574
1.24426
1.2428
1.24138
1.24005
1.23892
1.23812
1.2378
1.23807
1.23898
1.24048
1.24242
1.24462
1.24686
1.24893
1.25066
1.25191
1.25258
1.2526
1.25194
1.25064
1.24876
1.24646
1.24395
1.24149
1.23941
1.23798
1.23739
1.23769
1.23871
1.24018
1.24178
1.24324
1.24449
1.24554
1.24651
1.2475
1.24853
1.24954
1.25037
1.25085
1.25081
1.25012
1.24869
1.24645
1.24343
1.23972
1.23554
1.23129
1.22748
1.22471
1.22346
1.22394
1.22604
1.22935
1.23336
1.23756
1.2416
1.24523
1.24829
1.25071
1.25242
1.2534
1.25364
1.25315
1.25196
1.25013
1.24775
1.24492
1.24176
1.23841
1.23506
1.23198
1.22948
1.22791
1.22752
1.22844
1.23056
1.23363
1.23728
1.24114
1.24488
1.24828
1.2512
1.25357
1.25536
1.25663
1.2574
1.25775
1.25774
1.25743
1.25686
1.25607
1.25509
1.25394
1.2526
1.25105
1.24928
1.24723
1.24486
1.24213
1.23899
1.23543
1.23146
1.22711
1.22246
1.21764
1.21279
1.2081
1.20373
1.19985
1.19657
1.19393
1.1919
1.19039
1.18932
1.18869
1.18863
1.18938
1.19119
1.19414
1.19807
1.20259
1.20724
1.2116
1.21537
1.21842
1.22072
1.22233
1.22334
1.22388
1.22404
1.22393
1.22364
1.22322
1.22272
1.22215
1.22153
1.22085
1.22008
1.21921
1.21822
1.2171
1.21583
1.21442
1.21286
1.21119
1.20942
1.20759
1.20575
1.20398
1.20238
1.20103
1.20005
1.19949
1.19937
1.19967
1.20029
1.20111
1.202
1.20283
1.20352
1.20402
1.20434
1.20453
1.20468
1.2049
1.20531
1.206
1.207
1.20831
1.20983
1.21137
1.21272
1.2136
1.21371
1.21274
1.21046
1.20681
1.20204
1.19689
1.19258
1.19041
1.19119
1.19473
1.19999
1.20567
1.21073
1.21459
1.21711
1.21839
1.21868
1.21832
1.21769
1.21711
1.21676
1.21658
1.2163
1.21555
1.21407
1.21198
1.20982
1.20843
1.20855
1.21042
1.21359
1.21724
1.22054
1.22299
1.22444
1.22503
1.22499
1.22462
1.22411
1.22356
1.22297
1.22225
1.22132
1.22008
1.2185
1.2166
1.2145
1.21239
1.21051
1.20907
1.20824
1.20803
1.20833
1.20894
1.20962
1.21016
1.21045
1.2104
1.21005
1.20946
1.20876
1.20811
1.20763
1.20746
1.20766
1.20824
1.20917
1.21035
1.2117
1.21308
1.2144
1.21559
1.21659
1.21737
1.21793
1.21828
1.21845
1.21846
1.21835
1.21816
1.21791
1.21764
1.21737
1.2171
1.21686
1.21665
1.21647
1.21631
1.21616
1.21602
1.21587
1.2157
1.21549
1.21522
1.21489
1.21448
1.21401
1.21348
1.21292
1.21237
1.21186
1.21144
1.21116
1.21105
1.21112
1.21135
1.21169
1.21209
1.21247
1.21277
1.2129
1.21285
1.2126
1.21217
1.21163
1.21105
1.21056
1.21027
1.21027
1.21063
1.21137
1.21247
1.21384
1.2154
1.21706
1.21869
1.2202
1.22148
1.22242
1.22295
1.22298
1.22246
1.22136
1.2197
1.21749
1.2147
1.21126
1.2071
1.20223
1.19709
1.19276
1.19081
1.19261
1.19835
1.20675
1.21588
1.22408
1.23044
1.23473
1.2371
1.23787
1.23738
1.23594
1.23387
1.23143
1.22891
1.22656
1.2246
1.22321
1.22247
1.2224
1.22293
1.22396
1.22535
1.227
1.2288
1.23068
1.23258
1.23447
1.23629
1.23802
1.23959
1.24098
1.24213
1.24301
1.24357
1.24377
1.24359
1.24298
1.24192
1.24037
1.23834
1.23586
1.23301
1.22996
1.22695
1.22428
1.22227
1.22118
1.22114
1.22212
1.22393
1.2263
1.22893
1.23157
1.234
1.23613
1.23787
1.23921
1.24018
1.24081
1.24117
1.24132
1.24134
1.24129
1.24123
1.2412
1.24121
1.24124
1.24127
1.24124
1.24108
1.24076
1.24024
1.23951
1.2386
1.23758
1.2365
1.23544
1.23446
1.23358
1.23275
1.23194
1.23107
1.23004
1.2288
1.2273
1.22551
1.22348
1.22132
1.21926
1.21765
1.21691
1.2174
1.21928
1.22244
1.22649
1.23096
1.23538
1.23942
1.24289
1.24573
1.24796
1.24964
1.25083
1.2516
1.252
1.25206
1.2518
1.25124
1.2504
1.24927
1.24788
1.24626
1.24442
1.24241
1.24028
1.23807
1.23582
1.23354
1.23128
1.22906
1.22694
1.22499
1.22333
1.22206
1.2213
1.22111
1.22154
1.22254
1.22402
1.22585
1.22789
1.22998
1.23198
1.2338
1.23536
1.23662
1.23761
1.23834
1.23887
1.23929
1.23966
1.24004
1.24049
1.24103
1.24166
1.24237
1.24314
1.24392
1.24471
1.24546
1.24618
1.24683
1.24742
1.24791
1.24829
1.24852
1.24858
1.24844
1.2481
1.24756
1.24687
1.2461
1.24536
1.24475
1.24437
1.24424
1.24432
1.24444
1.24434
1.24365
1.24198
1.23899
1.23454
1.229
1.22343
1.21951
1.21888
1.22217
1.22853
1.23617
1.24335
1.24895
1.25254
1.2541
1.25384
1.25207
1.24912
1.24539
1.2413
1.2372
1.23336
1.22986
1.22662
1.2235
1.22043
1.21742
1.21466
1.21241
1.211
1.21068
1.21163
1.21388
1.21724
1.22136
1.22577
1.23004
1.23383
1.23696
1.23939
1.24117
1.24239
1.24316
1.24356
1.24366
1.2435
1.24309
1.24244
1.24153
1.24036
1.23892
1.23724
1.23537
1.2334
1.23145
1.22967
1.22823
1.22724
1.22677
1.22677
1.22711
1.22756
1.22784
1.22771
1.22702
1.22578
1.22421
1.22266
1.22158
1.22128
1.22181
1.22297
1.22434
1.22551
1.22613
1.22605
1.22528
1.22394
1.22228
1.22056
1.21904
1.21796
1.21745
1.21754
1.21816
1.21913
1.22024
1.22129
1.22209
1.22257
1.22269
1.22253
1.22222
1.22193
1.22181
1.22196
1.22243
1.22319
1.22417
1.22528
1.2264
1.22743
1.2283
1.22891
1.22921
1.22911
1.22854
1.2274
1.2256
1.22303
1.2196
1.21524
1.21
1.20408
1.19798
1.19253
1.18875
1.18757
1.18936
1.19378
1.1999
1.20666
1.21323
1.21912
1.22415
1.22832
1.23175
1.2346
1.237
1.23907
1.24091
1.24258
1.24407
1.24537
1.24639
1.24698
1.24697
1.24611
1.24416
1.24089
1.23623
1.23037
1.22386
1.21756
1.21232
1.20864
1.2064
1.20509
1.20422
1.20364
1.20361
1.20454
1.20674
1.21026
1.21477
1.21972
1.22442
1.22824
1.23072
1.23179
1.23185
1.23175
1.2325
1.23472
1.23828
1.24234
1.24586
1.24806
1.24871
1.24796
1.24614
1.24352
1.24008
1.23551
1.22934
1.22121
1.21126
1.20039
1.1903
1.18271
1.17848
1.17764
1.18006
1.18579
1.19433
1.20417
1.21335
1.22055
1.22542
1.2284
1.23029
1.23181
1.23346
1.23541
1.23761
1.23987
1.24202
1.24393
1.24554
1.24681
1.24778
1.24845
1.24886
1.24904
1.24903
1.24885
1.24852
1.2481
1.24761
1.24713
1.24672
1.24642
1.24629
1.24631
1.24647
1.2467
1.2469
1.24699
1.24688
1.24651
1.24585
1.2449
1.2437
1.24232
1.24083
1.23931
1.23782
1.23638
1.23494
1.23344
1.23176
1.22981
1.22757
1.22512
1.22266
1.22055
1.21922
1.21911
1.2205
1.22346
1.22772
1.23281
1.23807
1.24283
1.24651
1.24867
1.24906
1.24768
1.24485
1.24127
1.23786
1.2355
1.23469
1.23539
1.23716
1.23948
1.24197
1.24445
1.24683
1.24906
1.25101
1.25257
1.25356
1.25384
1.25332
1.25196
1.24984
1.24713
1.24413
1.24118
1.2386
1.23666
1.2355
1.23515
1.23553
1.23639
1.23742
1.23822
1.23846
1.23794
1.23663
1.23464
1.23224
1.22976
1.22758
1.22605
1.22541
1.22576
1.22702
1.22897
1.23132
1.23377
1.2361
1.23816
1.23992
1.24138
1.24263
1.24371
1.24465
1.24544
1.24602
1.24628
1.24613
1.24551
1.24442
1.24299
1.24142
1.24003
1.23914
1.23903
1.23978
1.24128
1.24328
1.24544
1.24746
1.2491
1.25022
1.25077
1.25076
1.25023
1.24928
1.24799
1.24651
1.24497
1.24352
1.24228
1.24135
1.24076
1.24047
1.2404
1.24043
1.24044
1.24031
1.23995
1.23932
1.23839
1.23721
1.23584
1.23441
1.23305
1.23193
1.23119
1.23094
1.23121
1.23192
1.23297
1.23421
1.23547
1.23664
1.23761
1.23833
1.23878
1.23896
1.23889
1.23858
1.23808
1.23742
1.23659
1.23556
1.23424
1.23243
1.2299
1.22639
1.22184
1.21665
1.21185
1.20901
1.20952
1.21371
1.22054
1.22822
1.23515
1.24036
1.24357
1.24492
1.24478
1.24365
1.24203
1.24047
1.23937
1.23901
1.23944
1.24051
1.24195
1.24348
1.24484
1.24587
1.2465
1.2467
1.2465
1.24593
1.24507
1.24397
1.24272
1.24141
1.24011
1.23892
1.23791
1.23714
1.23665
1.23647
1.23661
1.23705
1.23777
1.23871
1.23981
1.24101
1.24223
1.24342
1.24453
1.24552
1.24638
1.24709
1.24763
1.24796
1.24803
1.24772
1.24688
1.24533
1.24287
1.2394
1.23492
1.22972
1.22434
1.21952
1.21583
1.21344
1.21199
1.21079
1.20925
1.2071
1.2045
1.20197
1.20016
1.19968
1.20089
1.20383
1.20822
1.21358
1.21936
1.22505
1.23021
1.23457
1.23799
1.24044
1.24198
1.24271
1.24273
1.24217
1.24113
1.23969
1.23793
1.23592
1.23372
1.23141
1.22906
1.22674
1.22456
1.2226
1.22093
1.21963
1.21872
1.21822
1.2181
1.21832
1.21882
1.21953
1.22037
1.22127
1.22216
1.22298
1.22368
1.22419
1.22449
1.22452
1.22428
1.22375
1.22296
1.22194
1.22076
1.21951
1.21829
1.2172
1.21631
1.21569
1.21536
1.21531
1.21554
1.21598
1.21658
1.21728
1.21798
1.21862
1.21915
1.21953
1.21977
1.21989
1.21994
1.22
1.22013
1.22041
1.22086
1.22149
1.2223
1.22326
1.22432
1.22544
1.22656
1.22764
1.22862
1.22946
1.2301
1.23053
1.23074
1.23074
1.23059
1.23034
1.23007
1.22987
1.22979
1.22989
1.23018
1.23066
1.23134
1.2322
1.23328
1.23459
1.23615
1.23795
1.23992
1.24199
1.24402
1.24587
1.24739
1.24843
1.24887
1.2486
1.24757
1.24577
1.24327
1.24021
1.23682
1.23333
1.22989
1.2266
1.2235
1.22072
1.21856
1.21738
1.21739
1.21838
1.21974
1.22082
1.22138
1.22184
1.22311
1.22594
1.2304
1.23576
1.24089
1.24485
1.2471
1.24752
1.24623
1.24344
1.23944
1.23459
1.22941
1.22455
1.22071
1.21845
1.21803
1.21933
1.22199
1.22556
1.22963
1.23391
1.23823
1.24243
1.24641
1.25007
1.25336
1.25628
1.25891
1.26136
1.26372
1.266
1.26812
1.26991
1.2712
1.27178
1.2715
1.27028
1.26808
1.26494
1.26095
1.25631
1.25127
1.24614
1.24123
1.23684
1.23319
1.23043
1.22861
1.22773
1.22774
1.22857
1.23013
1.23229
1.23496
1.23803
1.2414
1.24499
1.24873
1.25254
1.25636
1.26009
1.26365
1.26694
1.26987
1.27237
1.27438
1.27585
1.27674
1.27702
1.27666
1.27566
1.274
1.27173
1.2689
1.26563
1.2621
1.25855
1.25529
1.25268
1.25104
1.25066
1.25166
1.254
1.25748
1.26174
1.26643
1.2712
1.2758
1.28009
1.28399
1.28746
1.29047
1.29296
1.29487
1.29611
1.29663
1.29636
1.29533
1.2936
1.29132
1.28871
1.28599
1.2834
1.28114
1.2793
1.2779
1.27684
1.27597
1.2751
1.27406
1.27285
1.27162
1.27068
1.27037
1.27086
1.2721
1.27377
1.27549
1.27692
1.27789
1.27837
1.27844
1.27822
1.27782
1.27728
1.27663
1.27586
1.27495
1.27391
1.27274
1.27149
1.27022
1.269
1.2679
1.26699
1.2663
1.26587
1.26571
1.26581
1.26613
1.26661
1.26716
1.26766
1.26796
1.26788
1.26724
1.26579
1.2633
1.25957
1.25451
1.24831
1.24162
1.23569
1.2321
1.2321
1.23591
1.24254
1.25039
1.25804
1.26462
1.26978
1.2735
1.27593
1.27719
1.27744
1.27676
1.27524
1.27295
1.26998
1.26644
1.26248
1.25828
1.25402
1.24989
1.24604
1.24263
1.23977
1.23756
1.23605
1.2353
1.2353
1.23599
1.23729
1.23903
1.24104
1.24313
1.24511
1.24686
1.24831
1.24947
1.25042
1.2513
1.25222
1.25327
1.25443
1.25558
1.25652
1.25703
1.2569
1.25598
1.25421
1.25163
1.24842
1.24493
1.24161
1.23898
1.23748
1.23736
1.23858
1.24091
1.24394
1.24729
1.2506
1.25365
1.25632
1.25856
1.26039
1.26184
1.26296
1.26379
1.26437
1.26472
1.26487
1.26482
1.26456
1.26408
1.26334
1.26231
1.26095
1.25921
1.25706
1.25447
1.25144
1.24801
1.24428
1.24041
1.23663
1.23321
1.23044
1.22856
1.2277
1.22789
1.22903
1.23091
1.23332
1.23603
1.23888
1.24174
1.24457
1.24734
1.25003
1.25264
1.25513
1.25745
1.25953
1.26128
1.26263
1.26349
1.26381
1.26357
1.26275
1.26139
1.25957
1.25737
1.25492
1.25234
1.24975
1.24725
1.24489
1.24275
1.24087
1.23929
1.23804
1.23712
1.23657
1.2364
1.23665
1.23731
1.23831
1.23949
1.24061
1.24141
1.24163
1.24105
1.23963
1.23757
1.23541
1.23394
1.2339
1.23564
1.23883
1.24273
1.24649
1.24948
1.25144
1.25234
1.25233
1.25158
1.25025
1.24848
1.24633
1.24383
1.24104
1.238
1.23483
1.2317
1.22884
1.2265
1.22486
1.22399
1.22375
1.22389
1.22407
1.22399
1.22344
1.22234
1.2207
1.21865
1.21645
1.21452
1.21349
1.21401
1.21639
1.22042
1.22538
1.23037
1.23461
1.23767
1.23941
1.23992
1.23942
1.23816
1.23642
1.23444
1.23247
1.23068
1.22921
1.22813
1.22745
1.22713
1.22712
1.22733
1.22771
1.22824
1.22888
1.22963
1.23048
1.23141
1.23238
1.23335
1.23428
1.2351
1.23579
1.23631
1.23665
1.23681
1.23683
1.23672
1.23654
1.23631
1.23603
1.23568
1.23522
1.23459
1.23371
1.23253
1.23101
1.22913
1.22696
1.2246
1.22223
1.2201
1.21846
1.21751
1.21733
1.21784
1.21883
1.22004
1.22126
1.22237
1.22337
1.22436
1.22545
1.22674
1.22827
1.23
1.23186
1.23377
1.23562
1.23735
1.23887
1.24013
1.24107
1.24168
1.24196
1.24193
1.24164
1.24113
1.2404
1.2394
1.23799
1.23596
1.23302
1.22893
1.22352
1.21695
1.20976
1.20303
1.19813
1.19634
1.19823
1.20337
1.21055
1.2184
1.22587
1.23239
1.23787
1.24243
1.24634
1.24983
1.25307
1.25617
1.25912
1.26189
1.2644
1.26657
1.26833
1.26962
1.2704
1.27065
1.27037
1.26958
1.26834
1.2668
1.26518
1.2638
1.26303
1.26319
1.26441
1.26659
1.26937
1.27221
1.2746
1.27608
1.27638
1.27536
1.27311
1.26986
1.26597
1.26191
1.25808
1.25475
1.25205
1.24992
1.24825
1.24696
1.24601
1.24541
1.24519
1.24534
1.24572
1.24607
1.24602
1.24523
1.24357
1.24135
1.23938
1.23885
1.24084
1.24577
1.25322
1.26215
1.27139
1.28
1.2874
1.29329
1.29758
1.30024
1.30127
1.30063
1.29827
1.29412
1.28819
1.28065
1.27202
1.26318
1.25526
1.24929
1.24572
1.24437
1.24462
1.24584
1.24756
1.24952
1.25158
1.25367
1.25575
1.25781
1.25986
1.26191
1.26396
1.26601
1.26804
1.27
1.27186
1.27358
1.27511
1.27642
1.27749
1.27829
1.27882
1.27908
1.27907
1.27881
1.27828
1.27751
1.27648
1.27521
1.27368
1.2719
1.26989
1.26765
1.26523
1.26269
1.26013
1.25765
1.25539
1.25347
1.25201
1.25107
1.25066
1.25071
1.25113
1.25177
1.25249
1.25314
1.25362
1.25387
1.25382
1.25347
1.2528
1.25183
1.25056
1.24901
1.24722
1.24525
1.2432
1.24119
1.23939
1.23792
1.23691
1.23639
1.23633
1.23666
1.23729
1.23814
1.23917
1.24038
1.24179
1.24344
1.24533
1.24747
1.24981
1.25228
1.25479
1.25726
1.25959
1.26171
1.26357
1.26513
1.26638
1.26729
1.26789
1.26817
1.26816
1.26786
1.26731
1.26652
1.26552
1.26436
1.26309
1.26175
1.26041
1.25915
1.25802
1.25707
1.25629
1.25568
1.25518
1.25475
1.25437
1.25406
1.2539
1.25401
1.25449
1.25537
1.25659
1.25797
1.25925
1.26012
1.26033
1.25973
1.25837
1.2565
1.25456
1.25308
1.25257
1.25329
1.25518
1.25792
1.26104
1.26408
1.2667
1.26871
1.27004
1.27071
1.27081
1.27045
1.26978
1.26897
1.26823
1.26774
1.26771
1.26826
1.26942
1.27113
1.27323
1.27552
1.27778
1.27984
1.28153
1.28276
1.2834
1.28337
1.28254
1.28087
1.27841
1.27542
1.27247
1.27029
1.26956
1.27053
1.27287
1.27583
1.27857
1.28043
1.28108
1.28043
1.27855
1.27558
1.27172
1.26718
1.26228
1.25739
1.25292
1.24922
1.24647
1.24457
1.24322
1.24201
1.24062
1.23888
1.2368
1.23451
1.2322
1.23009
1.22841
1.22735
1.22707
1.22761
1.22896
1.23098
1.23348
1.23628
1.2392
1.2421
1.24486
1.24736
1.24949
1.25114
1.25221
1.25265
1.25242
1.25149
1.24991
1.2477
1.24497
1.24184
1.23851
1.23524
1.23232
1.23001
1.22852
1.22792
1.22815
1.22902
1.23029
1.23173
1.23317
1.23446
1.23556
1.23642
1.23706
1.23749
1.23773
1.23778
1.23767
1.23739
1.23695
1.23633
1.23552
1.23453
1.23337
1.23205
1.23063
1.22917
1.22776
1.22649
1.22547
1.22475
1.22435
1.22425
1.22438
1.22464
1.22494
1.22518
1.22531
1.2253
1.22514
1.22484
1.22444
1.22398
1.22351
1.22311
1.22282
1.2227
1.22277
1.22301
1.22335
1.22371
1.22395
1.22395
1.22357
1.22271
1.22132
1.21942
1.21718
1.2149
1.21296
1.21181
1.21181
1.21314
1.21577
1.21946
1.22383
1.22849
1.2331
1.23742
1.24132
1.24472
1.24763
1.25004
1.25198
1.25344
1.25443
1.25489
1.25481
1.25414
1.25284
1.25091
1.2484
1.24543
1.24223
1.23909
1.23639
1.23445
1.23353
1.2337
1.23488
1.23688
1.23947
1.24241
1.24549
1.24852
1.25134
1.2538
1.25578
1.25715
1.25783
1.25777
1.25697
1.25547
1.25337
1.25082
1.24803
1.24526
1.24279
1.24096
1.24009
1.24038
1.24186
1.24432
1.2474
1.25064
1.25368
1.25626
1.25826
1.25966
1.26051
1.26089
1.26089
1.26061
1.26011
1.25947
1.25876
1.25805
1.2574
1.25692
1.25668
1.25676
1.25723
1.2581
1.25937
1.26099
1.26287
1.26489
1.26695
1.26893
1.27072
1.27223
1.2734
1.27419
1.27458
1.27457
1.27423
1.27365
1.27297
1.27235
1.27198
1.27199
1.27247
1.27339
1.27466
1.27614
1.27767
1.27909
1.2803
1.28123
1.28185
1.28218
1.28224
1.28207
1.28171
1.2812
1.28054
1.27973
1.27871
1.27738
1.2756
1.27322
1.27012
1.26625
1.2617
1.25688
1.25244
1.24922
1.24793
1.24884
1.25164
1.25562
1.26005
1.26438
1.26837
1.27202
1.27539
1.27859
1.28167
1.28465
1.2875
1.29016
1.29257
1.29466
1.29636
1.29762
1.29835
1.29848
1.2979
1.29647
1.29402
1.29037
1.28541
1.27916
1.27198
1.26468
1.25851
1.25478
1.25429
1.25688
1.26159
1.26718
1.2727
1.27759
1.28169
1.285
1.28764
1.2897
1.29128
1.29244
1.29323
1.29366
1.29377
1.29355
1.29302
1.29217
1.291
1.28952
1.28775
1.28571
1.28347
1.28111
1.27877
1.27663
1.27491
1.27378
1.27339
1.27375
1.2748
1.27637
1.27822
1.28015
1.28197
1.28352
1.28471
1.28547
1.28576
1.28553
1.28477
1.28343
1.28152
1.27905
1.27611
1.27283
1.26948
1.26635
1.26382
1.26216
1.26152
1.26182
1.26281
1.26412
1.2654
1.26639
1.26697
1.26712
1.26686
1.26628
1.26542
1.26427
1.26277
1.26087
1.2586
1.25626
1.25444
1.25392
1.2553
1.25868
1.26354
1.26901
1.27429
1.27886
1.28252
1.28529
1.28727
1.28859
1.28934
1.28954
1.28919
1.28827
1.28675
1.28466
1.28206
1.2791
1.27603
1.27318
1.27089
1.26943
1.26892
1.26927
1.27028
1.27164
1.27311
1.27448
1.27568
1.27667
1.27746
1.27808
1.27854
1.27882
1.27886
1.27861
1.278
1.27694
1.27542
1.27343
1.27109
1.2686
1.26625
1.26437
1.26327
1.2631
1.26383
1.26526
1.26707
1.26895
1.27066
1.27203
1.27299
1.27352
1.27364
1.27339
1.2728
1.2719
1.27071
1.26926
1.26759
1.26575
1.26379
1.26182
1.25995
1.25829
1.25694
1.25595
1.25531
1.25491
1.25463
1.2543
1.25378
1.25295
1.25179
1.25031
1.24861
1.24683
1.24516
1.2438
1.24296
1.24279
1.24341
1.24483
1.24695
1.24958
1.25246
1.25536
1.25805
1.26036
1.26222
1.26354
1.26432
1.26452
1.26412
1.26311
1.26145
1.25912
1.25617
1.25269
1.2489
1.24514
1.24181
1.2393
1.2379
1.23764
1.23836
1.23976
1.2415
1.24333
1.24511
1.24679
1.24839
1.24994
1.25144
1.25286
1.25413
1.25513
1.25576
1.2559
1.25548
1.25448
1.25298
1.25115
1.24925
1.24752
1.24616
1.24516
1.24429
1.2432
1.24157
1.23931
1.23676
1.23464
1.23384
1.2349
1.23776
1.24171
1.24579
1.24917
1.25142
1.25244
1.25246
1.25187
1.25114
1.25071
1.25088
1.25173
1.25316
1.25492
1.25674
1.2584
1.25978
1.26088
1.26176
1.26256
1.26339
1.26437
1.26552
1.26685
1.26828
1.2697
1.271
1.27205
1.27276
1.27306
1.27289
1.27224
1.27115
1.26967
1.26793
1.26607
1.26425
1.26265
1.2614
1.26059
1.26024
1.26031
1.26071
1.26137
1.26221
1.2632
1.26437
1.2658
1.26757
1.26976
1.27238
1.27537
1.27863
1.282
1.28536
1.28857
1.29156
1.29425
1.29661
1.29858
1.30011
1.30109
1.30138
1.30076
1.29886
1.29515
1.28888
1.27921
1.2657
1.24937
1.23393
1.22509
1.22653
1.23633
1.2489
1.25958
1.26663
1.27037
1.27188
1.2723
1.2725
1.27303
1.27417
1.27592
1.2781
1.28038
1.28235
1.28362
1.28395
1.28335
1.28219
1.28115
1.28102
1.28235
1.28515
1.28897
1.29312
1.29697
1.30019
1.30266
1.30449
1.3058
1.30675
1.30745
1.30794
1.30824
1.30835
1.30824
1.3079
1.30731
1.30651
1.30555
1.30453
1.30359
1.30289
1.30261
1.30285
1.30366
1.305
1.30672
1.30864
1.31054
1.3122
1.31344
1.3141
1.31404
1.31318
1.31149
1.30905
1.30603
1.30279
1.29976
1.29743
1.29613
1.29596
1.29675
1.29813
1.29973
1.30123
1.30245
1.30332
1.30386
1.30412
1.30415
1.30402
1.30377
1.30344
1.30307
1.30268
1.30231
1.302
1.30177
1.30166
1.30169
1.30189
1.30225
1.30276
1.30333
1.30387
1.30425
1.30439
1.30425
1.30396
1.30375
1.30394
1.3048
1.30641
1.30867
1.3113
1.314
1.31656
1.31888
1.32094
1.32277
1.32442
1.32589
1.32716
1.3282
1.32897
1.32945
1.32962
1.32952
1.32915
1.32854
1.32774
1.32675
1.32558
1.32422
1.32265
1.32087
1.31884
1.31658
1.31406
1.31131
1.30835
1.30528
1.30229
1.29965
1.2977
1.29672
1.29685
1.29807
1.3002
1.30303
1.30631
1.30982
1.31337
1.31679
1.31995
1.32273
1.32511
1.32706
1.32862
1.3298
1.33065
1.33119
1.33142
1.33133
1.3309
1.33007
1.32881
1.32706
1.32484
1.32223
1.31945
1.31688
1.31503
1.31443
1.31542
1.31802
1.32189
1.32645
1.33106
1.33515
1.33835
1.3404
1.3412
1.34075
1.33915
1.33655
1.33315
1.32903
1.32414
1.31824
1.31111
1.30287
1.29439
1.2873
1.2836
1.28466
1.2903
1.29882
1.30792
1.31577
1.3215
1.32509
1.32709
1.32824
1.3292
1.3304
1.33197
1.33377
1.33554
1.33702
1.338
1.33836
1.33802
1.33685
1.33465
1.33116
1.32605
1.3192
1.31091
1.30216
1.29461
1.29002
1.28939
1.29251
1.29832
1.30568
1.3137
1.32174
1.3293
1.33596
1.34145
1.34561
1.34838
1.34978
1.34985
1.34861
1.34608
1.34231
1.33737
1.33142
1.32471
1.31763
1.31074
1.30468
1.30018
1.29791
1.2983
1.30136
1.30668
1.31348
1.32089
1.3281
1.33453
1.33987
1.34398
1.3469
1.34873
1.3496
1.34967
1.3491
1.34803
1.3466
1.34496
1.34321
1.34145
1.33973
1.33809
1.33651
1.33496
1.33338
1.33171
1.3299
1.3279
1.32571
1.32337
1.32097
1.31865
1.31663
1.31509
1.31421
1.31408
1.31467
1.31581
1.3173
1.31887
1.32032
1.32152
1.32242
1.32303
1.32341
1.32364
1.32378
1.3239
1.32405
1.32424
1.3245
1.32482
1.32519
1.32557
1.32592
1.32622
1.3264
1.32645
1.32632
1.326
1.32549
1.32479
1.32389
1.32283
1.32161
1.32025
1.31876
1.31718
1.31554
1.31388
1.31228
1.31081
1.30953
1.3085
1.30769
1.30702
1.30629
1.30524
1.30352
1.30086
1.29717
1.2928
1.28862
1.28593
1.28591
1.28889
1.29418
1.30042
1.30635
1.31121
1.31479
1.31722
1.31881
1.31987
1.32062
1.32119
1.32158
1.32174
1.32158
1.32103
1.32002
1.31856
1.3167
1.31453
1.31214
1.30964
1.30716
1.30483
1.3028
1.30129
1.30049
1.30059
1.30163
1.30354
1.30608
1.30889
1.31161
1.31388
1.31549
1.31629
1.31628
1.31552
1.3142
1.31255
1.31086
1.30945
1.30859
1.30852
1.3093
1.31091
1.31317
1.31584
1.31865
1.32135
1.32373
1.32561
1.32686
1.32735
1.32697
1.3256
1.32313
1.31948
1.31469
1.30899
1.30293
1.29736
1.29325
1.29137
1.29191
1.29442
1.29808
1.30207
1.30582
1.30902
1.31159
1.31352
1.31484
1.31558
1.31575
1.31537
1.31447
1.31313
1.31147
1.30965
1.30785
1.30627
1.30506
1.30432
1.30413
1.30454
1.30556
1.3072
1.30942
1.31209
1.31503
1.31801
1.32076
1.32302
1.32458
1.32525
1.32492
1.32351
1.32105
1.31774
1.31391
1.31012
1.30698
1.305
1.30438
1.30495
1.30626
1.30783
1.30927
1.3104
1.3112
1.31173
1.31208
1.31231
1.31245
1.31252
1.31252
1.31249
1.31244
1.31239
1.31234
1.31229
1.31221
1.31206
1.31181
1.31142
1.31088
1.3102
1.30943
1.30863
1.30792
1.30747
1.30745
1.30803
1.30937
1.31154
1.31451
1.31819
1.32238
1.32688
1.33146
1.33595
1.3402
1.34411
1.34761
1.35064
1.35318
1.35519
1.35664
1.3575
1.35774
1.35734
1.35629
1.35464
1.35245
1.34985
1.34701
1.34415
1.34151
1.33935
1.33787
1.3372
1.33738
1.33835
1.33994
1.34193
1.34405
1.34603
1.34764
1.3487
1.3491
1.34878
1.34772
1.34596
1.34356
1.34061
1.33723
1.33355
1.32981
1.32639
1.32381
1.32263
1.32319
1.32547
1.32913
1.33375
1.339
1.34453
1.34989
1.35447
1.3577
1.35919
1.35891
1.35722
1.35484
1.35265
1.35143
1.35158
1.35297
1.35505
1.35716
1.35872
1.3593
1.35869
1.35678
1.35352
1.34895
1.34319
1.33655
1.32953
1.32285
1.3173
1.31357
1.31201
1.3125
1.31451
1.31728
1.32007
1.32232
1.32372
1.32417
1.3237
1.32244
1.32054
1.31813
1.31536
1.31234
1.30918
1.30599
1.30282
1.29969
1.29652
1.29317
1.28945
1.28527
1.28083
1.27674
1.27388
1.27306
1.27457
1.2781
1.28299
1.28859
1.29449
1.30042
1.3062
1.31162
1.3165
1.32063
1.32392
1.3263
1.32779
1.32842
1.32824
1.32731
1.32564
1.32327
1.32021
1.31648
1.31214
1.30732
1.30221
1.29709
1.29226
1.28801
1.28453
1.2819
1.28014
1.27925
1.27924
1.28011
1.2818
1.28414
1.28685
1.28956
1.29196
1.29379
1.2949
1.29524
1.29487
1.29388
1.2924
1.29059
1.28861
1.2866
1.28472
1.28309
1.28181
1.28096
1.28057
1.28063
1.28112
1.28195
1.28303
1.28425
1.28549
1.28665
1.28766
1.28846
1.28899
1.28923
1.28917
1.28877
1.28805
1.287
1.28564
1.28401
1.28215
1.28016
1.27813
1.27618
1.27441
1.27292
1.27176
1.27096
1.27054
1.27048
1.27078
1.2714
1.27232
1.27347
1.27476
1.27612
1.27745
1.27866
1.27971
1.28054
1.28115
1.28152
1.28166
1.2816
1.28134
1.28092
1.28035
1.27966
1.27888
1.27803
1.27713
1.27618
1.27519
1.27415
1.27303
1.27177
1.27028
1.26843
1.26601
1.26273
1.25824
1.25215
1.24426
1.23476
1.22464
1.21573
1.21031
1.21008
1.21528
1.22453
1.23555
1.24619
1.25506
1.26164
1.26617
1.26933
1.27188
1.27442
1.27719
1.28008
1.28276
1.28489
1.28625
1.2868
1.28669
1.28615
1.28549
1.28498
1.28483
1.28513
1.28588
1.28698
1.28832
1.28976
1.29117
1.29244
1.2934
1.29388
1.29363
1.29232
1.2896
1.28514
1.27875
1.27054
1.26107
1.25144
1.24314
1.23767
1.23592
1.23781
1.24236
1.24816
1.25387
1.25862
1.26208
1.26453
1.26669
1.26949
1.27365
1.27934
1.28609
1.2931
1.29962
1.30517
1.30953
1.31269
1.31473
1.31577
1.31594
1.31534
1.31409
1.3123
1.31007
1.30754
1.30485
1.30215
1.29954
1.29707
1.29475
1.29249
1.29018
1.28772
1.28504
1.28213
1.27907
1.27596
1.27297
1.27032
1.26822
1.26691
1.26654
1.26713
1.26851
1.27034
1.27221
1.27372
1.27459
1.27472
1.2742
1.27325
1.27221
1.27145
1.27129
1.27194
1.27347
1.27576
1.2786
1.28171
1.28481
1.28771
1.29028
1.29245
1.29423
1.29562
1.29666
1.29739
1.29781
1.29795
1.29779
1.2973
1.29647
1.29524
1.29361
1.29156
1.28912
1.28635
1.28336
1.28031
1.27737
1.27472
1.27253
1.27095
1.27008
1.26999
1.27067
1.27207
1.27404
1.27641
1.27896
1.28149
1.2838
1.28574
1.28721
1.28811
1.28842
1.28811
1.28723
1.28581
1.28393
1.28172
1.27933
1.2769
1.27461
1.27256
1.27082
1.26936
1.2681
1.26696
1.26588
1.26498
1.26445
1.26461
1.2657
1.26782
1.27081
1.27437
1.2781
1.28164
1.28475
1.2873
1.28928
1.2907
1.29164
1.29216
1.29234
1.29222
1.29185
1.29125
1.29044
1.28941
1.28815
1.28665
1.28488
1.28282
1.28049
1.27792
1.27521
1.27252
1.27005
1.26804
1.26671
1.26619
1.26656
1.26773
1.26956
1.27184
1.27433
1.27681
1.27909
1.28102
1.28251
1.28352
1.28407
1.28424
1.28413
1.28391
1.28374
1.28377
1.28413
1.2849
1.28609
1.28767
1.28954
1.29158
1.29369
1.29574
1.29764
1.29935
1.30083
1.30206
1.30306
1.30384
1.3044
1.30476
1.30491
1.30484
1.30454
1.30399
1.30315
1.302
1.3005
1.29862
1.29635
1.29371
1.29075
1.28764
1.28463
1.28206
1.28029
1.27959
1.28003
1.28146
1.28351
1.28573
1.28766
1.28893
1.28933
1.28875
1.28727
1.28514
1.2828
1.28078
1.27959
1.27955
1.28072
1.28289
1.28573
1.28891
1.29219
1.29542
1.29852
1.30141
1.30406
1.30643
1.3085
1.31027
1.31177
1.31302
1.31405
1.31485
1.31543
1.31576
1.31581
1.31556
1.31497
1.314
1.31264
1.31087
1.30867
1.30602
1.30289
1.29925
1.29507
1.2904
1.28539
1.28031
1.27556
1.27156
1.26859
1.2667
1.26568
1.26514
1.26469
1.26405
1.26319
1.26229
1.26167
1.26169
1.26261
1.26452
1.26733
1.27082
1.27471
1.27867
1.28239
1.28558
1.28801
1.28955
1.29012
1.28973
1.28849
1.28662
1.28446
1.28241
1.28088
1.28013
1.28015
1.2806
1.2809
1.28026
1.27787
1.273
1.26529
1.25516
1.24444
1.23624
1.23359
1.23728
1.24526
1.25437
1.26233
1.2683
1.27247
1.27541
1.27765
1.27959
1.28144
1.28326
1.28502
1.28667
1.28817
1.28947
1.29056
1.29145
1.29214
1.29267
1.29304
1.29327
1.29338
1.29337
1.29326
1.29306
1.29278
1.29245
1.29205
1.29158
1.29103
1.29036
1.28955
1.28856
1.28735
1.28595
1.28439
1.28276
1.2812
1.27987
1.27891
1.27845
1.27855
1.27923
1.2805
1.28234
1.28474
1.28756
1.29059
1.29351
1.29603
1.2979
1.29905
1.29956
1.29967
1.29969
1.29992
1.30057
1.30169
1.30318
1.30482
1.30634
1.30754
1.30827
1.30847
1.30817
1.30747
1.30649
1.30543
1.30445
1.30375
1.30345
1.30365
1.30437
1.30557
1.30714
1.30895
1.31083
1.31267
1.31435
1.3158
1.31699
1.31791
1.31858
1.31901
1.31926
1.31938
1.31942
1.31944
1.31949
1.31962
1.31986
1.32023
1.32071
1.32125
1.3218
1.32224
1.32244
1.32225
1.32151
1.32006
1.31779
1.31464
1.31061
1.30579
1.30028
1.29411
1.2873
1.27982
1.27184
1.26384
1.25663
1.25126
1.24854
1.24881
1.25175
1.25659
1.2624
1.26833
1.27376
1.27834
1.28198
1.28483
1.28713
1.2892
1.29126
1.29336
1.29542
1.2972
1.29848
1.29905
1.29882
1.29781
1.29617
1.29412
1.29195
1.28995
1.28836
1.28736
1.28703
1.28733
1.28816
1.28934
1.2907
1.29206
1.29331
1.29434
1.29512
1.29561
1.29584
1.29583
1.29561
1.2952
1.29466
1.294
1.29326
1.29246
1.29162
1.29075
1.28986
1.28896
1.28806
1.28716
1.28629
1.28543
1.28458
1.28369
1.28265
1.28133
1.27958
1.27726
1.27437
1.27106
1.26778
1.26519
1.26402
1.26474
1.26734
1.27134
1.27601
1.28066
1.28481
1.28824
1.29092
1.29293
1.29439
1.29543
1.29616
1.29667
1.29702
1.29726
1.29738
1.2974
1.29731
1.29711
1.29687
1.29668
1.29669
1.2971
1.2981
1.2998
1.3022
1.30513
1.30834
1.3115
1.31426
1.31629
1.31726
1.31687
1.31481
1.31089
1.30515
1.29814
1.29105
1.28552
1.2829
1.28342
1.28602
1.2891
1.29134
1.29226
1.29209
1.29148
1.29115
1.29163
1.29311
1.29548
1.29844
1.30167
1.3049
1.30796
1.31073
1.31317
1.31527
1.31701
1.31838
1.31936
