1.8
1.8
1.8
1.8
1.8
1.8
1.8
1.8
1.8
1.8
1.8
1.8
1.8
1.80001
1.80001
1.80001
1.80001
1.80001
1.80001
1.80001
1.80001
1.80001
1.80001
1.80002
1.80002
1.80002
1.80002
1.80002
1.80002
1.80003
1.80003
1.80003
1.80003
1.80003
1.80004
1.80004
1.80004
1.80004
1.80004
1.80005
1.80005
1.80005
1.80005
1.80006
1.80006
1.80006
1.80006
1.80007
1.80007
1.80007
1.80008
1.80008
1.80008
1.80009
1.80009
1.80009
1.8001
1.8001
1.8001
1.80011
1.80011
1.80011
1.80012
1.80012
1.80013
1.80013
1.80013
1.80014
1.80014
1.80015
1.80015
1.80016
1.80016
1.80016
1.80017
1.80017
1.80018
1.80018
1.80019
1.80019
1.8002
1.8002
1.80021
1.80021
1.80022
1.80022
1.80023
1.80023
1.80024
1.80024
1.80025
1.80026
1.80026
1.80027
1.80027
1.80028
1.80029
1.80029
1.8003
1.8003
1.80031
1.80032
1.80032
1.80033
1.80034
1.80034
1.80035
1.80036
1.80036
1.80037
1.80038
1.80038
1.80039
1.8004
1.8004
1.80041
1.80042
1.80043
1.80043
1.80044
1.80045
1.80046
1.80046
1.80047
1.80048
1.80049
1.8005
1.8005
1.80051
1.80052
1.80053
1.80054
1.80055
1.80055
1.80056
1.80057
1.80058
1.80059
1.8006
1.80061
1.80062
1.80062
1.80063
1.80064
1.80065
1.80066
1.80067
1.80068
1.80069
1.8007
1.80071
1.80072
1.80073
1.80074
1.80075
1.80076
1.80077
1.80078
1.80079
1.8008
1.80081
1.80082
1.80083
1.80084
1.80085
1.80086
1.80088
1.80089
1.8009
1.80091
1.80092
1.80093
1.80094
1.80095
1.80097
1.80098
1.80099
1.801
1.80101
1.80102
1.80104
1.80105
1.80106
1.80107
1.80109
1.8011
1.80111
1.80112
1.80114
1.80115
1.80116
1.80117
1.80119
1.8012
1.80121
1.80123
1.80124
1.80125
1.80127
1.80128
1.80129
1.80131
1.80132
1.80134
1.80135
1.80136
1.80138
1.80139
1.80141
1.80142
1.80144
1.80145
1.80146
1.80148
1.80149
1.80151
1.80152
1.80154
1.80155
1.80157
1.80159
1.8016
1.80162
1.80163
1.80165
1.80166
1.80168
1.8017
1.80171
1.80173
1.80174
1.80176
1.80178
1.80179
1.80181
1.80183
1.80184
1.80186
1.80188
1.80189
1.80191
1.80193
1.80195
1.80196
1.80198
1.802
1.80202
1.80203
1.80205
1.80207
1.80209
1.80211
1.80212
1.80214
1.80216
1.80218
1.8022
1.80222
1.80223
1.80225
1.80227
1.80229
1.80231
1.80233
1.80235
1.80237
1.80239
1.80241
1.80243
1.80245
1.80247
1.80249
1.80251
1.80253
1.80255
1.80257
1.80259
1.80261
1.80263
1.80265
1.80267
1.80269
1.80271
1.80274
1.80276
1.80278
1.8028
1.80282
1.80284
1.80286
1.80289
1.80291
1.80293
1.80295
1.80298
1.803
1.80302
1.80304
1.80307
1.80309
1.80311
1.80313
1.80316
1.80318
1.8032
1.80323
1.80325
1.80328
1.8033
1.80332
1.80335
1.80337
1.8034
1.80342
1.80344
1.80347
1.80349
1.80352
1.80354
1.80357
1.80359
1.80362
1.80364
1.80367
1.80369
1.80372
1.80375
1.80377
1.8038
1.80382
1.80385
1.80388
1.8039
1.80393
1.80396
1.80398
1.80401
1.80404
1.80406
1.80409
1.80412
1.80414
1.80417
1.8042
1.80423
1.80426
1.80428
1.80431
1.80434
1.80437
1.8044
1.80443
1.80445
1.80448
1.80451
1.80454
1.80457
1.8046
1.80463
1.80466
1.80469
1.80472
1.80475
1.80478
1.80481
1.80484
1.80487
1.8049
1.80493
1.80496
1.80499
1.80502
1.80505
1.80509
1.80512
1.80515
1.80518
1.80521
1.80524
1.80528
1.80531
1.80534
1.80537
1.80541
1.80544
1.80547
1.8055
1.80554
1.80557
1.8056
1.80564
1.80567
1.80571
1.80574
1.80577
1.80581
1.80584
1.80588
1.80591
1.80595
1.80598
1.80602
1.80605
1.80609
1.80612
1.80616
1.80619
1.80623
1.80626
1.8063
1.80634
1.80637
1.80641
1.80645
1.80648
1.80652
1.80656
1.8066
1.80663
1.80667
1.80671
1.80675
1.80678
1.80682
1.80686
1.8069
1.80694
1.80698
1.80702
1.80705
1.80709
1.80713
1.80717
1.80721
1.80725
1.80729
1.80733
1.80737
1.80741
1.80745
1.8075
1.80754
1.80758
1.80762
1.80766
1.8077
1.80774
1.80779
1.80783
1.80787
1.80791
1.80795
1.808
1.80804
1.80808
1.80813
1.80817
1.80821
1.80826
1.8083
1.80835
1.80839
1.80843
1.80848
1.80852
1.80857
1.80861
1.80866
1.8087
1.80875
1.8088
1.80884
1.80889
1.80893
1.80898
1.80903
1.80907
1.80912
1.80917
1.80922
1.80926
1.80931
1.80936
1.80941
1.80946
1.8095
1.80955
1.8096
1.80965
1.8097
1.80975
1.8098
1.80985
1.8099
1.80995
1.81
1.81005
1.8101
1.81015
1.8102
1.81026
1.81031
1.81036
1.81041
1.81046
1.81051
1.81057
1.81062
1.81067
1.81073
1.81078
1.81083
1.81089
1.81094
1.811
1.81105
1.8111
1.81116
1.81121
1.81127
1.81132
1.81138
1.81144
1.81149
1.81155
1.8116
1.81166
1.81172
1.81178
1.81183
1.81189
1.81195
1.81201
1.81206
1.81212
1.81218
1.81224
1.8123
1.81236
1.81242
1.81248
1.81254
1.8126
1.81266
1.81272
1.81278
1.81284
1.8129
1.81296
1.81303
1.81309
1.81315
1.81321
1.81328
1.81334
1.8134
1.81347
1.81353
1.81359
1.81366
1.81372
1.81379
1.81385
1.81392
1.81398
1.81405
1.81411
1.81418
1.81425
1.81431
1.81438
1.81445
1.81452
1.81458
1.81465
1.81472
1.81479
1.81486
1.81493
1.815
1.81507
1.81514
1.81521
1.81528
1.81535
1.81542
1.81549
1.81556
1.81563
1.8157
1.81578
1.81585
1.81592
1.816
1.81607
1.81614
1.81622
1.81629
1.81637
1.81644
1.81652
1.81659
1.81667
1.81674
1.81682
1.8169
1.81697
1.81705
1.81713
1.81721
1.81728
1.81736
1.81744
1.81752
1.8176
1.81768
1.81776
1.81784
1.81792
1.818
1.81808
1.81817
1.81825
1.81833
1.81841
1.8185
1.81858
1.81866
1.81875
1.81883
1.81891
1.819
1.81908
1.81917
1.81926
1.81934
1.81943
1.81952
1.8196
1.81969
1.81978
1.81987
1.81996
1.82004
1.82013
1.82022
1.82031
1.8204
1.82049
1.82059
1.82068
1.82077
1.82086
1.82095
1.82105
1.82114
1.82123
1.82133
1.82142
1.82152
1.82161
1.82171
1.8218
1.8219
1.822
1.8221
1.82219
1.82229
1.82239
1.82249
1.82259
1.82269
1.82279
1.82289
1.82299
1.82309
1.82319
1.82329
1.8234
1.8235
1.8236
1.82371
1.82381
1.82391
1.82402
1.82412
1.82423
1.82434
1.82444
1.82455
1.82466
1.82477
1.82487
1.82498
1.82509
1.8252
1.82531
1.82542
1.82554
1.82565
1.82576
1.82587
1.82598
1.8261
1.82621
1.82633
1.82644
1.82656
1.82667
1.82679
1.82691
1.82702
1.82714
1.82726
1.82738
1.8275
1.82762
1.82774
1.82786
1.82798
1.8281
1.82823
1.82835
1.82847
1.8286
1.82872
1.82885
1.82897
1.8291
1.82923
1.82935
1.82948
1.82961
1.82974
1.82987
1.83
1.83013
1.83026
1.83039
1.83052
1.83066
1.83079
1.83092
1.83106
1.83119
1.83133
1.83147
1.8316
1.83174
1.83188
1.83202
1.83216
1.8323
1.83244
1.83258
1.83272
1.83286
1.833
1.83315
1.83329
1.83344
1.83358
1.83373
1.83387
1.83402
1.83417
1.83432
1.83447
1.83462
1.83477
1.83492
1.83507
1.83522
1.83538
1.83553
1.83569
1.83584
1.836
1.83615
1.83631
1.83647
1.83663
1.83679
1.83695
1.83711
1.83727
1.83743
1.83759
1.83776
1.83792
1.83809
1.83825
1.83842
1.83858
1.83875
1.83892
1.83909
1.83926
1.83943
1.8396
1.83977
1.83995
1.84012
1.84029
1.84047
1.84064
1.84082
1.841
1.84118
1.84136
1.84153
1.84172
1.8419
1.84208
1.84226
1.84244
1.84263
1.84281
1.843
1.84318
1.84337
1.84356
1.84375
1.84394
1.84413
1.84432
1.84451
1.8447
1.84489
1.84509
1.84528
1.84548
1.84567
1.84587
1.84607
1.84626
1.84646
1.84666
1.84686
1.84706
1.84726
1.84747
1.84767
1.84787
1.84808
1.84828
1.84849
1.84869
1.8489
1.84911
1.84932
1.84952
1.84973
1.84994
1.85015
1.85037
1.85058
1.85079
1.851
1.85122
1.85143
1.85164
1.85186
1.85207
1.85229
1.85251
1.85272
1.85294
1.85316
1.85337
1.85359
1.85381
1.85403
1.85425
1.85447
1.85468
1.8549
1.85512
1.85534
1.85556
1.85578
1.856
1.85622
1.85644
1.85666
1.85688
1.8571
1.85732
1.85753
1.85775
1.85797
1.85819
1.8584
1.85862
1.85884
1.85905
1.85926
1.85948
1.85969
1.8599
1.86011
1.86032
1.86053
1.86074
1.86094
1.86115
1.86135
1.86155
1.86175
1.86195
1.86214
1.86234
1.86253
1.86272
1.8629
1.86309
1.86327
1.86345
1.86363
1.8638
1.86397
1.86414
1.8643
1.86446
1.86462
1.86477
1.86492
1.86507
1.86521
1.86535
1.86548
1.86561
1.86573
1.86585
1.86596
1.86606
1.86617
1.86626
1.86635
1.86643
1.86651
1.86658
1.86664
1.8667
1.86674
1.86679
1.86682
1.86684
1.86686
1.86687
1.86687
1.86686
1.86684
1.86681
1.86678
1.86673
1.86667
1.86661
1.86653
1.86644
1.86635
1.86624
1.86612
1.86599
1.86585
1.8657
1.86553
1.86536
1.86517
1.86497
1.86476
1.86454
1.8643
1.86406
1.8638
1.86353
1.86325
1.86296
1.86266
1.86235
1.86203
1.86169
1.86135
1.861
1.86064
1.86027
1.85989
1.85951
1.85911
1.85872
1.85831
1.8579
1.85749
1.85708
1.85666
1.85624
1.85582
1.85541
1.85499
1.85458
1.85417
1.7998
1.79941
1.79903
1.79865
1.79829
1.79794
1.7976
1.79728
1.79698
1.79669
1.79642
1.79617
1.79594
1.79573
1.79555
1.79539
1.79526
1.79516
1.79508
1.79504
1.79502
1.79503
1.79508
1.79516
1.79527
1.79541
1.79559
1.7958
1.79605
1.79633
1.79665
1.797
1.79738
1.7978
1.79825
1.79873
1.79925
1.7998
1.80038
1.80099
1.80163
1.8023
1.80299
1.80371
1.80446
1.80523
1.80602
1.80683
1.80767
1.80852
1.80939
1.81028
1.81118
1.8121
1.81303
1.81397
1.81492
1.81587
1.81684
1.81781
1.81878
1.81976
1.82074
1.82172
1.82271
1.82369
1.82467
1.82564
1.82662
1.82759
1.82855
1.82951
1.83046
1.83141
1.83234
1.83327
1.83419
1.8351
1.836
1.83689
1.83777
1.83864
1.8395
1.84035
1.84119
1.84201
1.84283
1.84363
1.84442
1.8452
1.84596
1.84672
1.84746
1.84819
1.84891
1.84962
1.85032
1.851
1.85167
1.85234
1.85299
1.85363
1.85426
1.85488
1.85549
1.85609
1.85668
1.85726
1.85783
1.85839
1.85894
1.85948
1.86002
1.86054
1.86106
1.86157
1.86207
1.86256
1.86305
1.86353
1.864
1.86446
1.86492
1.86537
1.86582
1.86625
1.86669
1.86711
1.86753
1.86795
1.86836
1.86876
1.86916
1.86955
1.86994
1.87033
1.87071
1.87108
1.87145
1.87182
1.87218
1.87254
1.8729
1.87325
1.87359
1.87394
1.87428
1.87462
1.87495
1.87528
1.87561
1.87593
1.87626
1.87657
1.87689
1.8772
1.87752
1.87782
1.87813
1.87843
1.87873
1.87903
1.87932
1.87962
1.87991
1.8802
1.88048
1.88077
1.88105
1.88133
1.8816
1.88188
1.88215
1.88242
1.88269
1.88296
1.88322
1.88348
1.88374
1.884
1.88425
1.8845
1.88475
1.885
1.88525
1.88549
1.88573
1.88597
1.8862
1.88644
1.88667
1.88689
1.88712
1.88734
1.88756
1.88778
1.88799
1.8882
1.88841
1.88862
1.88882
1.88902
1.88921
1.8894
1.88959
1.88978
1.88996
1.89014
1.89031
1.89048
1.89065
1.89081
1.89097
1.89113
1.89128
1.89142
1.89157
1.8917
1.89184
1.89196
1.89209
1.89221
1.89232
1.89243
1.89253
1.89263
1.89273
1.89281
1.8929
1.89297
1.89304
1.89311
1.89317
1.89322
1.89327
1.89331
1.89335
1.89338
1.8934
1.89342
1.89343
1.89343
1.89343
1.89342
1.89341
1.89339
1.89336
1.89332
1.89328
1.89323
1.89318
1.89311
1.89305
1.89297
1.89289
1.8928
1.8927
1.8926
1.8925
1.89238
1.89226
1.89213
1.892
1.89186
1.89171
1.89156
1.89141
1.89124
1.89108
1.8909
1.89073
1.89054
1.89035
1.89016
1.88997
1.88976
1.88956
1.88935
1.88914
1.88893
1.88871
1.88849
1.88826
1.88804
1.88781
1.88759
1.88736
1.88713
1.8869
1.88666
1.88643
1.8862
1.88597
1.88575
1.88552
1.88529
1.88507
1.88485
1.88463
1.88441
1.8842
1.88399
1.88379
1.88359
1.88339
1.8832
1.88301
1.88283
1.88266
1.88249
1.88233
1.88217
1.88202
1.88188
1.88174
1.88162
1.8815
1.88138
1.88128
1.88118
1.8811
1.88102
1.88095
1.88089
1.88083
1.88079
1.88076
1.88073
1.88072
1.88071
1.88072
1.88073
1.88076
1.88079
1.88084
1.88089
1.88095
1.88103
1.88112
1.88121
1.88132
1.88143
1.88156
1.8817
1.88185
1.882
1.88217
1.88235
1.88254
1.88274
1.88295
1.88317
1.88341
1.88365
1.8839
1.88417
1.88444
1.88472
1.88502
1.88533
1.88564
1.88597
1.8863
1.88665
1.88701
1.88737
1.88775
1.88814
1.88853
1.88894
1.88936
1.88978
1.89022
1.89066
1.89111
1.89158
1.89205
1.89252
1.89301
1.89351
1.89401
1.89452
1.89504
1.89556
1.89609
1.89663
1.89718
1.89773
1.89828
1.89884
1.89941
1.89998
1.90056
1.90113
1.90172
1.9023
1.90289
1.90348
1.90407
1.90467
1.90526
1.90586
1.90646
1.90705
1.90765
1.90824
1.90884
1.90943
1.91002
1.91061
1.9112
1.91178
1.91236
1.91294
1.91351
1.91408
1.91465
1.9152
1.91576
1.91631
1.91685
1.91739
1.91792
1.91844
1.91896
1.91946
1.91997
1.92046
1.92095
1.92143
1.9219
1.92236
1.92282
1.92327
1.92371
1.92414
1.92456
1.92497
1.92537
1.92577
1.92616
1.92653
1.9269
1.92726
1.92762
1.92796
1.92829
1.92862
1.92893
1.92924
1.92954
1.92984
1.93012
1.93039
1.93066
1.93092
1.93117
1.93142
1.93166
1.93189
1.93211
1.93233
1.93254
1.93275
1.93295
1.93314
1.93333
1.93351
1.93369
1.93386
1.93403
1.9342
1.93436
1.93451
1.93467
1.93482
1.93497
1.93512
1.93526
1.9354
1.93555
1.93569
1.93583
1.93597
1.93611
1.93625
1.93639
1.93653
1.93667
1.93681
1.93696
1.9371
1.93725
1.93741
1.93756
1.93772
1.93788
1.93804
1.93821
1.93839
1.93856
1.93874
1.93893
1.93912
1.93931
1.93952
1.93972
1.93993
1.94015
1.94037
1.9406
1.94083
1.94107
1.94131
1.94156
1.94182
1.94208
1.94235
1.94263
1.9429
1.94319
1.94348
1.94378
1.94408
1.94439
1.9447
1.94502
1.94534
1.94566
1.946
1.94633
1.94667
1.94702
1.94736
1.94772
1.94807
1.94843
1.94879
1.94916
1.94952
1.94989
1.95026
1.95063
1.95101
1.95139
1.95176
1.95214
1.95252
1.9529
1.95328
1.95366
1.95404
1.95442
1.95479
1.95517
1.95555
1.95592
1.9563
1.95667
1.95704
1.95741
1.95778
1.95815
1.95851
1.95887
1.95923
1.95959
1.95994
1.9603
1.96065
1.96099
1.96134
1.96168
1.96202
1.96236
1.96269
1.96303
1.96335
1.96368
1.96401
1.96433
1.96465
1.96497
1.96528
1.96559
1.96591
1.96621
1.96652
1.96683
1.96713
1.96743
1.96773
1.96803
1.96833
1.96862
1.96892
1.96921
1.9695
1.96979
1.97008
1.97037
1.97066
1.97095
1.97123
1.97152
1.9718
1.97209
1.97237
1.97266
1.97294
1.97322
1.9735
1.97379
1.97407
1.97435
1.97463
1.97491
1.97519
1.97547
1.97575
1.97603
1.97631
1.97659
1.97686
1.97714
1.97742
1.97769
1.97797
1.97824
1.97852
1.97879
1.97906
1.97934
1.97961
1.97988
1.98015
1.98041
1.98068
1.98095
1.98121
1.98147
1.98173
1.98199
1.98225
1.98251
1.98277
1.98302
1.98327
1.98352
1.98377
1.98402
1.98426
1.98451
1.98475
1.98499
1.98523
1.98547
1.9857
1.98593
1.98617
1.9864
1.98662
1.98685
1.98708
1.9873
1.98752
1.98774
1.98796
1.98817
1.98839
1.9886
1.98882
1.98903
1.98924
1.98945
1.98966
1.98986
1.99007
1.99027
1.99048
1.99068
1.99088
1.99109
1.99129
1.99149
1.99169
1.99189
1.99209
1.99229
1.99249
1.99269
1.99289
1.99309
1.99329
1.99348
1.99368
1.99388
1.99408
1.99428
1.99448
1.99468
1.99489
1.99509
1.99529
1.99549
1.99569
1.99589
1.9961
1.9963
1.9965
1.9967
1.99691
1.99711
1.99731
1.99751
1.99772
1.99792
1.99812
1.99832
1.99853
1.99873
1.99893
1.99913
1.99932
1.99952
1.99972
1.99991
2.00011
2.0003
2.00049
2.00068
2.00087
2.00105
2.00123
2.00141
2.00159
2.00176
2.00194
2.0021
2.00227
2.00243
2.00259
2.00274
2.00289
2.00304
2.00318
2.00332
2.00345
2.00358
2.0037
2.00382
2.00393
2.00404
2.00414
2.00423
2.00432
2.0044
2.00448
2.00455
2.00461
2.00467
2.00471
2.00476
2.00479
2.00482
2.00484
2.00485
2.00485
2.00485
2.00484
2.00482
2.00479
2.00476
2.00471
2.00466
2.0046
2.00453
2.00445
2.00437
2.00427
2.00417
2.00406
2.00394
2.00381
2.00367
2.00352
2.00337
2.00321
2.00304
2.00286
2.00267
2.00247
2.00227
2.00206
2.00184
2.00162
2.00138
2.00114
2.00089
2.00064
2.00038
2.00011
1.99983
1.99955
1.99927
1.99898
1.99868
1.99838
1.99807
1.99776
1.99744
1.99712
1.9968
1.99647
1.99614
1.9958
1.99547
1.99513
1.99479
1.99445
1.99411
1.99377
1.99342
1.99308
1.99274
1.9924
1.99206
1.99172
1.99138
1.99104
1.99071
1.99038
1.99005
1.98973
1.98941
1.98909
1.98878
1.98847
1.98817
1.98787
1.98758
1.98729
1.98701
1.98674
1.98647
1.98621
1.98596
1.98571
1.98547
1.98524
1.98502
1.9848
1.98459
1.98439
1.9842
1.98401
1.98384
1.98367
1.9835
1.98335
1.98321
1.98307
1.98294
1.98282
1.9827
1.98259
1.98249
1.9824
1.98231
1.98223
1.98216
1.9821
1.98204
1.98198
1.98193
1.98189
1.98185
1.98182
1.98179
1.98176
1.98174
1.98172
1.98171
1.98169
1.98168
1.98168
1.98167
1.98166
1.98166
1.98166
1.98165
1.98165
1.98164
1.98164
1.98163
1.98162
1.98161
1.9816
1.98158
1.98157
1.98154
1.98152
1.98149
1.98145
1.98142
1.98137
1.98132
1.98127
1.98121
1.98114
1.98107
1.98099
1.98091
1.98082
1.98072
1.98062
1.98051
1.98039
1.98026
1.98013
1.97999
1.97985
1.9797
1.97954
1.97937
1.9792
1.97902
1.97884
1.97865
1.97845
1.97825
1.97805
1.97784
1.97762
1.9774
1.97718
1.97696
1.97673
1.9765
1.97626
1.97603
1.9758
1.97556
1.97533
1.97509
1.97486
1.97463
1.9744
1.97417
1.97395
1.97373
1.97352
1.97331
1.97311
1.97291
1.97272
1.97254
1.97236
1.9722
1.97204
1.97189
1.97176
1.97163
1.97151
1.97141
1.97131
1.97123
1.97116
1.9711
1.97106
1.97103
1.97101
1.971
1.97101
1.97103
1.97106
1.97111
1.97117
1.97124
1.97132
1.97142
1.97153
1.97166
1.9718
1.97194
1.97211
1.97228
1.97246
1.97266
1.97287
1.97308
1.97331
1.97355
1.9738
1.97405
1.97432
1.97459
1.97487
1.97516
1.97546
1.97576
1.80015
1.80045
1.80076
1.80108
1.8014
1.80173
1.80206
1.8024
1.80275
1.8031
1.80345
1.80381
1.80417
1.80453
1.8049
1.80527
1.80564
1.80602
1.80639
1.80677
1.80715
1.80753
1.80791
1.80829
1.80867
1.80905
1.80943
1.80981
1.81019
1.81056
1.81094
1.81132
1.81169
1.81206
1.81243
1.8128
1.81316
1.81353
1.81389
1.81424
1.8146
1.81495
1.8153
1.81564
1.81598
1.81632
1.81665
1.81698
1.8173
1.81762
1.81794
1.81825
1.81856
1.81886
1.81915
1.81944
1.81973
1.82001
1.82028
1.82055
1.82082
1.82107
1.82132
1.82157
1.8218
1.82203
1.82226
1.82248
1.82269
1.82289
1.82308
1.82327
1.82345
1.82363
1.82379
1.82395
1.8241
1.82425
1.82438
1.82451
1.82463
1.82474
1.82484
1.82493
1.82502
1.8251
1.82517
1.82523
1.82528
1.82533
1.82537
1.8254
1.82542
1.82544
1.82544
1.82544
1.82543
1.82542
1.8254
1.82537
1.82534
1.8253
1.82525
1.8252
1.82514
1.82508
1.82501
1.82494
1.82486
1.82478
1.8247
1.82461
1.82452
1.82443
1.82434
1.82425
1.82415
1.82406
1.82397
1.82387
1.82378
1.82369
1.82361
1.82353
1.82345
1.82337
1.8233
1.82324
1.82318
1.82312
1.82308
1.82304
1.82301
1.82299
1.82298
1.82297
1.82298
1.823
1.82303
1.82307
1.82312
1.82318
1.82326
1.82335
1.82345
1.82356
1.82369
1.82383
1.82399
1.82416
1.82434
1.82454
1.82475
1.82498
1.82522
1.82547
1.82574
1.82602
1.82632
1.82662
1.82694
1.82727
1.82762
1.82797
1.82834
1.82872
1.82911
1.82951
1.82991
1.83033
1.83075
1.83118
1.83162
1.83206
1.83251
1.83296
1.83342
1.83388
1.83434
1.8348
1.83527
1.83573
1.83619
1.83665
1.83711
1.83757
1.83802
1.83847
1.83891
1.83935
1.83978
1.8402
1.84061
1.84101
1.8414
1.84179
1.84216
1.84251
1.84286
1.84319
1.84351
1.84381
1.8441
1.84437
1.84462
1.84486
1.84507
1.84527
1.84545
1.84561
1.84575
1.84587
1.84596
1.84604
1.84609
1.84612
1.84612
1.8461
1.84606
1.84599
1.8459
1.84578
1.84564
1.84547
1.84528
1.84505
1.84481
1.84453
1.84423
1.8439
1.84355
1.84317
1.84276
1.84232
1.84186
1.84137
1.84086
1.84032
1.83975
1.83917
1.83855
1.83791
1.83726
1.83657
1.83587
1.83515
1.8344
1.83364
1.83287
1.83207
1.83127
1.83045
1.82961
1.82877
1.82792
1.82707
1.82621
1.82534
1.82448
1.82362
1.82276
1.82191
1.82107
1.82023
1.81941
1.81861
1.81782
1.81705
1.8163
1.81557
1.81487
1.8142
1.81355
1.81294
1.81236
1.81182
1.81131
1.81084
1.81041
1.81002
1.80967
1.80936
1.80909
1.80887
1.80869
1.80856
1.80846
1.80841
1.8084
1.80843
1.80851
1.80862
1.80877
1.80896
1.80919
1.80944
1.80974
1.81006
1.81041
1.81079
1.81119
1.81161
1.81206
1.81252
1.813
1.81349
1.81399
1.81451
1.81503
1.81555
1.81608
1.81661
1.81714
1.81766
1.81818
1.8187
1.81921
1.8197
1.82019
1.82066
1.82113
1.82157
1.822
1.82242
1.82282
1.8232
1.82356
1.8239
1.82423
1.82453
1.82482
1.82508
1.82533
1.82556
1.82576
1.82595
1.82612
1.82627
1.8264
1.82652
1.82662
1.8267
1.82676
1.82681
1.82684
1.82686
1.82687
1.82687
1.82685
1.82682
1.82678
1.82673
1.82667
1.82661
1.82653
1.82645
1.82637
1.82628
1.82618
1.82608
1.82597
1.82587
1.82576
1.82564
1.82553
1.82542
1.8253
1.82518
1.82507
1.82495
1.82483
1.82472
1.8246
1.82449
1.82438
1.82426
1.82415
1.82404
1.82393
1.82382
1.82371
1.8236
1.82349
1.82338
1.82327
1.82316
1.82305
1.82294
1.82282
1.82271
1.82259
1.82247
1.82235
1.82223
1.8221
1.82197
1.82184
1.8217
1.82156
1.82142
1.82127
1.82112
1.82096
1.8208
1.82063
1.82046
1.82029
1.82011
1.81992
1.81973
1.81953
1.81933
1.81913
1.81892
1.8187
1.81848
1.81826
1.81803
1.81779
1.81756
1.81731
1.81707
1.81682
1.81657
1.81631
1.81605
1.81579
1.81553
1.81527
1.815
1.81473
1.81446
1.81419
1.81392
1.81364
1.81337
1.8131
1.81282
1.81255
1.81228
1.81201
1.81174
1.81147
1.8112
1.81093
1.81066
1.8104
1.81014
1.80988
1.80962
1.80937
1.80911
1.80886
1.80861
1.80837
1.80812
1.80788
1.80765
1.80741
1.80718
1.80695
1.80672
1.80649
1.80627
1.80605
1.80583
1.80561
1.8054
1.80519
1.80498
1.80477
1.80456
1.80436
1.80415
1.80395
1.80375
1.80356
1.80336
1.80317
1.80297
1.80278
1.80259
1.8024
1.80222
1.80203
1.80185
1.80167
1.80149
1.80131
1.80113
1.80096
1.80079
1.80062
1.80045
1.80029
1.80013
1.79997
1.79982
1.79967
1.79952
1.79938
1.79925
1.79911
1.79899
1.79887
1.79875
1.79864
1.79854
1.79844
1.79836
1.79828
1.7982
1.79814
1.79808
1.79803
1.79799
1.79797
1.79795
1.79794
1.79794
1.79795
1.79797
1.798
1.79804
1.7981
1.79816
1.79824
1.79833
1.79842
1.79854
1.79866
1.79879
1.79894
1.79909
1.79926
1.79944
1.79963
1.79983
1.80005
1.80027
1.80051
1.80075
1.80101
1.80127
1.80155
1.80183
1.80213
1.80243
1.80274
1.80306
1.80339
1.80373
1.80407
1.80442
1.80478
1.80515
1.80552
1.8059
1.80628
1.80667
1.80707
1.80747
1.80787
1.80828
1.8087
1.80911
1.80954
1.80996
1.81039
1.81082
1.81126
1.8117
1.81214
1.81258
1.81303
1.81348
1.81393
1.81439
1.81484
1.8153
1.81576
1.81622
1.81669
1.81715
1.81762
1.81809
1.81856
1.81904
1.81951
1.81999
1.82047
1.82095
1.82143
1.82191
1.8224
1.82288
1.82337
1.82386
1.82435
1.82485
1.82534
1.82584
1.82633
1.82683
1.82733
1.82783
1.82832
1.82882
1.82933
1.82983
1.83033
1.83083
1.83133
1.83182
1.83232
1.83282
1.83331
1.83381
1.8343
1.83479
1.83527
1.83576
1.83624
1.83671
1.83718
1.83765
1.83812
1.83857
1.83903
1.83947
1.83992
1.84035
1.84078
1.8412
1.84161
1.84202
1.84242
1.84281
1.84319
1.84356
1.84393
1.84428
1.84463
1.84496
1.84529
1.8456
1.8459
1.8462
1.84648
1.84675
1.84701
1.84726
1.84749
1.84772
1.84793
1.84814
1.84833
1.84851
1.84867
1.84883
1.84897
1.84911
1.84923
1.84934
1.84943
1.84952
1.8496
1.84967
1.84972
1.84977
1.8498
1.84983
1.84984
1.84985
1.84985
1.84984
1.84982
1.84979
1.84975
1.84971
1.84966
1.84961
1.84955
1.84948
1.84941
1.84933
1.84925
1.84916
1.84907
1.84898
1.84889
1.84879
1.84869
1.8486
1.8485
1.8484
1.8483
1.8482
1.8481
1.84801
1.84792
1.84783
1.84774
1.84766
1.84758
1.8475
1.84743
1.84737
1.84731
1.84725
1.84721
1.84717
1.84713
1.84711
1.84709
1.84708
1.84707
1.84708
1.84709
1.84711
1.84714
1.84718
1.84723
1.84728
1.84735
1.84742
1.84751
1.8476
1.8477
1.84781
1.84793
1.84806
1.84819
1.84834
1.84849
1.84865
1.84882
1.849
1.84918
1.84937
1.84957
1.84977
1.84998
1.8502
1.85042
1.85065
1.85088
1.85112
1.85136
1.8516
1.85185
1.8521
1.85235
1.85261
1.85287
1.85313
1.85339
1.85365
1.85391
1.85417
1.85443
1.85468
1.85494
1.8552
1.85545
1.8557
1.85595
1.85619
1.85643
1.85666
1.85689
1.85712
1.85733
1.85755
1.85775
1.85795
1.85815
1.85833
1.85851
1.85868
1.85884
1.85899
1.85913
1.85927
1.85939
1.8595
1.85961
1.8597
1.85978
1.85985
1.85991
1.85996
1.86
1.86002
1.86003
1.86003
1.86002
1.85999
1.85996
1.8599
1.85984
1.85976
1.85967
1.85956
1.85945
1.85931
1.85917
1.85901
1.85883
1.85865
1.85844
1.85823
1.858
1.85776
1.8575
1.85723
1.85695
1.85665
1.85634
1.85601
1.85568
1.85533
1.85496
1.85459
1.8542
1.8538
1.85339
1.85296
1.85253
1.85208
1.85162
1.85115
1.85067
1.85018
1.84968
1.84917
1.84865
1.84812
1.84758
1.84704
1.84648
1.84592
1.84535
1.84477
1.84419
1.8436
1.843
1.8424
1.84179
1.84118
1.84056
1.83994
1.83931
1.83868
1.83804
1.8374
1.83676
1.83612
1.83547
1.83482
1.83417
1.83352
1.83286
1.8322
1.83155
1.83089
1.83023
1.82956
1.8289
1.82824
1.82758
1.82691
1.82625
1.82558
1.82492
1.82425
1.82359
1.82293
1.82226
1.8216
1.82093
1.82027
1.81961
1.81894
1.81828
1.81762
1.81696
1.8163
1.81564
1.81498
1.81432
1.81366
1.813
1.81234
1.81169
1.81103
1.81038
1.80973
1.80907
1.80842
1.80778
1.80713
1.80648
1.80584
1.8052
1.80456
1.80393
1.8033
1.80267
1.80204
1.80142
1.8008
1.80018
1.79957
1.79897
1.79837
1.79777
1.79718
1.7966
1.79602
1.79544
1.79488
1.79432
1.79376
1.79322
1.79268
1.79215
1.79163
1.79111
1.79061
1.79011
1.78962
1.78913
1.78866
1.7882
1.78774
1.78729
1.78685
1.78642
1.786
1.78558
1.78518
1.78478
1.78439
1.78401
1.78363
1.78326
1.7829
1.78254
1.78219
1.78184
1.7815
1.78117
1.78084
1.78051
1.78019
1.77987
1.77955
1.77923
1.77892
1.77861
1.7783
1.778
1.77769
1.77738
1.77708
1.77677
1.77647
1.77616
1.77586
1.77556
1.77525
1.77495
1.77464
1.77434
1.77404
1.77374
1.77344
1.77314
1.77285
1.77256
1.77227
1.77198
1.7717
1.77143
1.77116
1.7709
1.77065
1.7704
1.77017
1.76994
1.76973
1.76952
1.76933
1.76916
1.769
1.76886
1.76873
1.76862
1.76853
1.76846
1.79997
1.79995
1.79994
1.79996
1.8
1.80007
1.80016
1.80027
1.80042
1.80059
1.80079
1.80101
1.80127
1.80155
1.80186
1.8022
1.80257
1.80297
1.80339
1.80385
1.80433
1.80484
1.80538
1.80594
1.80653
1.80715
1.80779
1.80846
1.80915
1.80986
1.81059
1.81135
1.81212
1.81292
1.81373
1.81455
1.8154
1.81625
1.81713
1.81801
1.8189
1.81981
1.82072
1.82164
1.82256
1.8235
1.82443
1.82537
1.82631
1.82725
1.8282
1.82914
1.83008
1.83101
1.83195
1.83288
1.8338
1.83472
1.83563
1.83653
1.83743
1.83832
1.8392
1.84006
1.84092
1.84177
1.8426
1.84343
1.84424
1.84504
1.84583
1.8466
1.84736
1.84811
1.84884
1.84956
1.85026
1.85095
1.85163
1.85229
1.85294
1.85357
1.85418
1.85479
1.85537
1.85595
1.8565
1.85705
1.85757
1.85809
1.85859
1.85907
1.85954
1.85999
1.86043
1.86086
1.86127
1.86167
1.86205
1.86242
1.86278
1.86313
1.86346
1.86377
1.86408
1.86437
1.86465
1.86492
1.86517
1.86541
1.86565
1.86587
1.86608
1.86627
1.86646
1.86664
1.8668
1.86696
1.86711
1.86724
1.86737
1.86749
1.8676
1.8677
1.8678
1.86788
1.86796
1.86803
1.8681
1.86816
1.86821
1.86825
1.86829
1.86833
1.86836
1.86838
1.8684
1.86842
1.86843
1.86844
1.86844
1.86845
1.86845
1.86844
1.86844
1.86843
1.86842
1.86842
1.86841
1.86839
1.86838
1.86837
1.86836
1.86835
1.86834
1.86833
1.86833
1.86832
1.86832
1.86831
1.86831
1.86832
1.86832
1.86833
1.86834
1.86835
1.86836
1.86838
1.8684
1.86843
1.86845
1.86848
1.86852
1.86856
1.8686
1.86864
1.86869
1.86874
1.8688
1.86886
1.86892
1.86899
1.86906
1.86913
1.86921
1.86929
1.86937
1.86946
1.86954
1.86964
1.86973
1.86983
1.86993
1.87003
1.87014
1.87024
1.87035
1.87046
1.87058
1.87069
1.87081
1.87092
1.87104
1.87116
1.87128
1.8714
1.87152
1.87164
1.87176
1.87188
1.872
1.87213
1.87225
1.87237
1.87248
1.8726
1.87272
1.87284
1.87295
1.87307
1.87318
1.87329
1.8734
1.8735
1.87361
1.87371
1.87381
1.87391
1.87401
1.8741
1.8742
1.87428
1.87437
1.87445
1.87454
1.87461
1.87469
1.87476
1.87483
1.8749
1.87496
1.87502
1.87508
1.87514
1.87519
1.87524
1.87528
1.87533
1.87536
1.8754
1.87543
1.87546
1.87549
1.87551
1.87554
1.87555
1.87557
1.87558
1.87559
1.87559
1.8756
1.8756
1.87559
1.87559
1.87558
1.87557
1.87555
1.87554
1.87552
1.8755
1.87547
1.87544
1.87541
1.87538
1.87535
1.87531
1.87527
1.87523
1.87518
1.87514
1.87509
1.87504
1.87499
1.87493
1.87488
1.87482
1.87476
1.87469
1.87463
1.87456
1.8745
1.87443
1.87436
1.87428
1.87421
1.87413
1.87406
1.87398
1.8739
1.87381
1.87373
1.87365
1.87356
1.87348
1.87339
1.8733
1.87321
1.87312
1.87303
1.87293
1.87284
1.87274
1.87265
1.87255
1.87245
1.87235
1.87225
1.87215
1.87205
1.87195
1.87185
1.87174
1.87164
1.87154
1.87143
1.87132
1.87122
1.87111
1.871
1.8709
1.87079
1.87068
1.87057
1.87046
1.87035
1.87024
1.87012
1.87001
1.8699
1.86979
1.86967
1.86956
1.86945
1.86933
1.86922
1.8691
1.86899
1.86887
1.86876
1.86864
1.86852
1.8684
1.86829
1.86817
1.86805
1.86793
1.86781
1.8677
1.86758
1.86746
1.86734
1.86722
1.8671
1.86697
1.86685
1.86673
1.86661
1.86649
1.86637
1.86624
1.86612
1.866
1.86587
1.86575
1.86562
1.8655
1.86537
1.86525
1.86512
1.86499
1.86487
1.86474
1.86461
1.86448
1.86436
1.86423
1.8641
1.86397
1.86384
1.86371
1.86357
1.86344
1.86331
1.86318
1.86305
1.86291
1.86278
1.86264
1.86251
1.86237
1.86224
1.8621
1.86196
1.86183
1.86169
1.86155
1.86141
1.86127
1.86113
1.86099
1.86085
1.8607
1.86056
1.86042
1.86027
1.86013
1.85999
1.85984
1.85969
1.85955
1.8594
1.85925
1.8591
1.85896
1.85881
1.85866
1.85851
1.85835
1.8582
1.85805
1.8579
1.85775
1.85759
1.85744
1.85728
1.85713
1.85697
1.85682
1.85666
1.85651
1.85635
1.85619
1.85603
1.85588
1.85572
1.85556
1.8554
1.85524
1.85509
1.85493
1.85477
1.85461
1.85445
1.85429
1.85413
1.85397
1.85381
1.85365
1.8535
1.85334
1.85318
1.85302
1.85286
1.85271
1.85255
1.8524
1.85224
1.85209
1.85193
1.85178
1.85163
1.85148
1.85132
1.85117
1.85103
1.85088
1.85073
1.85059
1.85044
1.8503
1.85016
1.85002
1.84988
1.84975
1.84961
1.84948
1.84935
1.84922
1.84909
1.84897
1.84884
1.84872
1.84861
1.84849
1.84838
1.84826
1.84816
1.84805
1.84795
1.84785
1.84775
1.84765
1.84756
1.84747
1.84739
1.8473
1.84722
1.84715
1.84707
1.847
1.84694
1.84687
1.84682
1.84676
1.84671
1.84666
1.84661
1.84657
1.84653
1.8465
1.84647
1.84644
1.84642
1.8464
1.84639
1.84638
1.84637
1.84637
1.84637
1.84637
1.84638
1.84639
1.84641
1.84643
1.84645
1.84648
1.84651
1.84655
1.84659
1.84663
1.84668
1.84673
1.84678
1.84684
1.8469
1.84696
1.84703
1.8471
1.84717
1.84725
1.84733
1.84741
1.8475
1.84759
1.84768
1.84778
1.84787
1.84798
1.84808
1.84818
1.84829
1.8484
1.84851
1.84863
1.84874
1.84886
1.84898
1.8491
1.84923
1.84935
1.84948
1.84961
1.84974
1.84987
1.85
1.85014
1.85027
1.85041
1.85054
1.85068
1.85082
1.85096
1.8511
1.85124
1.85138
1.85152
1.85166
1.8518
1.85194
1.85209
1.85223
1.85237
1.85251
1.85265
1.85279
1.85294
1.85308
1.85322
1.85336
1.8535
1.85364
1.85378
1.85391
1.85405
1.85419
1.85433
1.85446
1.8546
1.85473
1.85487
1.855
1.85513
1.85527
1.8554
1.85553
1.85566
1.85579
1.85591
1.85604
1.85617
1.85629
1.85642
1.85654
1.85667
1.85679
1.85691
1.85703
1.85715
1.85727
1.85739
1.85751
1.85763
1.85775
1.85786
1.85798
1.8581
1.85821
1.85832
1.85844
1.85855
1.85867
1.85878
1.85889
1.859
1.85911
1.85923
1.85934
1.85945
1.85956
1.85967
1.85978
1.85989
1.86
1.86011
1.86022
1.86033
1.86043
1.86054
1.86065
1.86076
1.86087
1.86098
1.86109
1.8612
1.86131
1.86142
1.86153
1.86164
1.86175
1.86186
1.86197
1.86208
1.86219
1.8623
1.86241
1.86252
1.86263
1.86274
1.86285
1.86296
1.86307
1.86318
1.86329
1.86341
1.86352
1.86363
1.86374
1.86385
1.86396
1.86407
1.86419
1.8643
1.86441
1.86452
1.86463
1.86474
1.86485
1.86496
1.86507
1.86518
1.86529
1.8654
1.86551
1.86561
1.86572
1.86583
1.86593
1.86604
1.86614
1.86625
1.86635
1.86645
1.86656
1.86666
1.86676
1.86685
1.86695
1.86705
1.86714
1.86724
1.86733
1.86742
1.86751
1.8676
1.86769
1.86777
1.86786
1.86794
1.86802
1.8681
1.86818
1.86825
1.86833
1.8684
1.86847
1.86854
1.8686
1.86867
1.86873
1.86879
1.86884
1.8689
1.86895
1.869
1.86905
1.86909
1.86913
1.86917
1.86921
1.86924
1.86927
1.8693
1.86933
1.86935
1.86937
1.86939
1.8694
1.86941
1.86942
1.86942
1.86942
1.86942
1.86941
1.8694
1.86939
1.86938
1.86936
1.86933
1.86931
1.86928
1.86924
1.86921
1.86917
1.86912
1.86907
1.86902
1.86897
1.86891
1.86884
1.86877
1.8687
1.86863
1.86855
1.86847
1.86838
1.86829
1.86819
1.86809
1.86799
1.86788
1.86777
1.86765
1.86753
1.86741
1.86728
1.86714
1.86701
1.86686
1.86672
1.86657
1.86641
1.86625
1.86609
1.86592
1.86575
1.86558
1.8654
1.86521
1.86502
1.86483
1.86463
1.86443
1.86422
1.86401
1.8638
1.86358
1.86336
1.86313
1.8629
1.86266
1.86243
1.86218
1.86194
1.86169
1.86143
1.86117
1.86091
1.86065
1.86038
1.86011
1.85983
1.85955
1.85927
1.85899
1.8587
1.85841
1.85811
1.85782
1.85752
1.85722
1.85692
1.85661
1.85631
1.856
1.85569
1.85537
1.85506
1.85475
1.85443
1.85412
1.8538
1.85348
1.85317
1.85285
1.85254
1.85222
1.85191
1.85159
1.85128
1.85097
1.85066
1.85035
1.85005
1.84974
1.84944
1.84915
1.84885
1.84856
1.84827
1.84799
1.84771
1.84744
1.84717
1.84691
1.84665
1.84639
1.84615
1.84591
1.84567
1.84544
1.84522
1.84501
1.8448
1.8446
1.84441
1.84422
1.84405
1.84388
1.84372
1.84357
1.84343
1.8433
1.84317
1.84306
1.84295
1.84286
1.84277
1.8427
1.84263
1.84257
1.84252
1.84249
1.84246
1.84244
1.84243
1.84243
1.84244
1.84246
1.84249
1.84253
1.84257
1.84263
1.8427
1.84277
1.84285
1.84294
1.84304
1.84315
1.84327
1.84339
1.84352
1.84366
1.8438
1.84395
1.84411
1.84428
1.84444
1.84462
1.8448
1.84499
1.84518
1.84537
1.84557
1.84577
1.84598
1.84619
1.8464
1.84662
1.84684
1.84706
1.84728
1.8475
1.84773
1.84795
1.84818
1.84841
1.84864
1.84886
1.84909
1.84932
1.84954
1.84977
1.84999
1.85021
1.85043
1.85065
1.85086
1.85108
1.85129
1.8515
1.8517
1.85191
1.8521
1.8523
1.85249
1.85268
1.85287
1.85305
1.85323
1.8534
1.85357
1.85373
1.85389
1.85405
1.8542
1.85435
1.85449
1.85463
1.85476
1.85489
1.85501
1.85513
1.85524
1.85535
1.85546
1.85556
1.85565
1.85574
1.85583
1.85591
1.85598
1.85605
1.85612
1.85618
1.85624
1.85629
1.85634
1.85638
1.85642
1.85645
1.85648
1.80001
1.80003
1.80005
1.80006
1.80007
1.80008
1.80008
1.80008
1.80008
1.80007
1.80006
1.80004
1.80002
1.8
1.79998
1.79995
1.79992
1.79988
1.79985
1.79981
1.79977
1.79972
1.79968
1.79963
1.79958
1.79952
1.79947
1.79941
1.79935
1.79929
1.79922
1.79916
1.79909
1.79902
1.79895
1.79888
1.79881
1.79873
1.79866
1.79858
1.7985
1.79842
1.79834
1.79826
1.79817
1.79809
1.798
1.79792
1.79783
1.79774
1.79766
1.79757
1.79748
1.79739
1.7973
1.7972
1.79711
1.79702
1.79693
1.79683
1.79674
1.79664
1.79655
1.79645
1.79636
1.79626
1.79616
1.79606
1.79597
1.79587
1.79577
1.79567
1.79557
1.79547
1.79537
1.79527
1.79517
1.79507
1.79496
1.79486
1.79476
1.79465
1.79455
1.79444
1.79433
1.79423
1.79412
1.79401
1.7939
1.79379
1.79368
1.79357
1.79345
1.79334
1.79323
1.79311
1.79299
1.79288
1.79276
1.79264
1.79252
1.79239
1.79227
1.79215
1.79202
1.79189
1.79177
1.79164
1.79151
1.79137
1.79124
1.79111
1.79097
1.79083
1.7907
1.79056
1.79042
1.79027
1.79013
1.78998
1.78984
1.78969
1.78954
1.78939
1.78924
1.78909
1.78894
1.78878
1.78863
1.78847
1.78831
1.78815
1.788
1.78784
1.78768
1.78751
1.78735
1.78719
1.78703
1.78687
1.7867
1.78654
1.78638
1.78621
1.78605
1.78589
1.78573
1.78556
1.7854
1.78524
1.78508
1.78492
1.78477
1.78461
1.78446
1.7843
1.78415
1.784
1.78385
1.78371
1.78356
1.78342
1.78328
1.78314
1.78301
1.78287
1.78275
1.78262
1.7825
1.78238
1.78226
1.78215
1.78204
1.78193
1.78183
1.78173
1.78164
1.78155
1.78146
1.78138
1.7813
1.78123
1.78116
1.78109
1.78104
1.78098
1.78093
1.78088
1.78084
1.78081
1.78077
1.78075
1.78073
1.78071
1.7807
1.78069
1.78068
1.78069
1.78069
1.7807
1.78072
1.78074
1.78076
1.78079
1.78082
1.78086
1.7809
1.78095
1.781
1.78105
1.78111
1.78117
1.78123
1.7813
1.78137
1.78144
1.78152
1.7816
1.78168
1.78177
1.78186
1.78195
1.78204
1.78214
1.78223
1.78233
1.78243
1.78254
1.78264
1.78274
1.78285
1.78296
1.78306
1.78317
1.78328
1.78339
1.7835
1.78361
1.78372
1.78383
1.78394
1.78405
1.78416
1.78427
1.78438
1.78449
1.78459
1.7847
1.7848
1.7849
1.78501
1.78511
1.7852
1.7853
1.7854
1.78549
1.78558
1.78567
1.78576
1.78584
1.78593
1.78601
1.78608
1.78616
1.78623
1.7863
1.78637
1.78644
1.7865
1.78656
1.78662
1.78667
1.78672
1.78677
1.78682
1.78686
1.7869
1.78694
1.78697
1.787
1.78703
1.78705
1.78707
1.78709
1.78711
1.78712
1.78712
1.78713
1.78713
1.78713
1.78712
1.78711
1.7871
1.78709
1.78707
1.78705
1.78702
1.787
1.78696
1.78693
1.78689
1.78685
1.78681
1.78676
1.78671
1.78666
1.7866
1.78654
1.78648
1.78641
1.78635
1.78628
1.7862
1.78613
1.78605
1.78596
1.78588
1.78579
1.7857
1.78561
1.78551
1.78542
1.78532
1.78522
1.78511
1.785
1.7849
1.78479
1.78467
1.78456
1.78444
1.78432
1.7842
1.78408
1.78396
1.78384
1.78371
1.78358
1.78346
1.78333
1.7832
1.78306
1.78293
1.7828
1.78266
1.78253
1.7824
1.78226
1.78212
1.78199
1.78185
1.78172
1.78158
1.78145
1.78131
1.78117
1.78104
1.78091
1.78077
1.78064
1.78051
1.78037
1.78024
1.78011
1.77999
1.77986
1.77973
1.77961
1.77948
1.77936
1.77924
1.77912
1.779
1.77889
1.77878
1.77866
1.77855
1.77844
1.77834
1.77823
1.77813
1.77803
1.77793
1.77784
1.77774
1.77765
1.77756
1.77747
1.77738
1.7773
1.77722
1.77714
1.77706
1.77698
1.77691
1.77683
1.77676
1.77669
1.77663
1.77656
1.7765
1.77643
1.77637
1.77631
1.77625
1.7762
1.77614
1.77608
1.77603
1.77598
1.77592
1.77587
1.77582
1.77577
1.77572
1.77566
1.77561
1.77556
1.77551
1.77546
1.77541
1.77535
1.7753
1.77524
1.77519
1.77513
1.77507
1.77501
1.77495
1.77489
1.77482
1.77476
1.77469
1.77462
1.77455
1.77447
1.77439
1.77431
1.77423
1.77414
1.77405
1.77396
1.77387
1.77377
1.77367
1.77356
1.77345
1.77334
1.77323
1.77311
1.77298
1.77286
1.77272
1.77259
1.77245
1.77231
1.77216
1.77201
1.77185
1.77169
1.77153
1.77136
1.77119
1.77102
1.77084
1.77065
1.77046
1.77027
1.77008
1.76988
1.76967
1.76947
1.76926
1.76904
1.76882
1.7686
1.76838
1.76815
1.76792
1.76769
1.76746
1.76722
1.76698
1.76674
1.76649
1.76625
1.766
1.76575
1.7655
1.76525
1.765
1.76475
1.7645
1.76425
1.764
1.76375
1.7635
1.76325
1.76301
1.76276
1.76252
1.76228
1.76205
1.76181
1.76159
1.76136
1.76114
1.76092
1.76071
1.7605
1.7603
1.7601
1.75991
1.75973
1.75956
1.75939
1.75923
1.75907
1.75893
1.75879
1.75866
1.75854
1.75843
1.75833
1.75824
1.75816
1.75809
1.75802
1.75797
1.75794
1.75791
1.75789
1.75789
1.75789
1.75791
1.75794
1.75798
1.75803
1.7581
1.75817
1.75826
1.75836
1.75848
1.7586
1.75874
1.75888
1.75904
1.75921
1.7594
1.75959
1.75979
1.76001
1.76023
1.76047
1.76071
1.76097
1.76123
1.76151
1.76179
1.76208
1.76239
1.76269
1.76301
1.76334
1.76367
1.76401
1.76435
1.7647
1.76506
1.76542
1.76579
1.76616
1.76654
1.76692
1.76731
1.7677
1.76809
1.76848
1.76888
1.76928
1.76968
1.77008
1.77048
1.77089
1.77129
1.7717
1.7721
1.77251
1.77291
1.77332
1.77372
1.77412
1.77452
1.77492
1.77532
1.77571
1.7761
1.77649
1.77688
1.77726
1.77765
1.77803
1.7784
1.77877
1.77914
1.77951
1.77987
1.78023
1.78058
1.78093
1.78128
1.78162
1.78196
1.7823
1.78263
1.78295
1.78328
1.78359
1.78391
1.78422
1.78452
1.78482
1.78512
1.78541
1.7857
1.78598
1.78626
1.78654
1.78681
1.78707
1.78733
1.78759
1.78784
1.78809
1.78834
1.78858
1.78881
1.78904
1.78927
1.78949
1.78971
1.78993
1.79014
1.79034
1.79055
1.79074
1.79094
1.79113
1.79131
1.79149
1.79167
1.79184
1.79201
1.79217
1.79233
1.79249
1.79264
1.79279
1.79293
1.79307
1.79321
1.79334
1.79346
1.79358
1.7937
1.79381
1.79392
1.79402
1.79412
1.79422
1.79431
1.79439
1.79447
1.79455
1.79462
1.79469
1.79475
1.79481
1.79486
1.79491
1.79495
1.79498
1.79501
1.79504
1.79506
1.79508
1.79509
1.79509
1.79509
1.79508
1.79507
1.79505
1.79503
1.795
1.79496
1.79492
1.79488
1.79482
1.79476
1.7947
1.79462
1.79454
1.79446
1.79437
1.79427
1.79416
1.79405
1.79394
1.79381
1.79368
1.79354
1.7934
1.79324
1.79309
1.79292
1.79275
1.79257
1.79238
1.79219
1.79199
1.79178
1.79156
1.79134
1.79111
1.79088
1.79063
1.79038
1.79013
1.78986
1.78959
1.78932
1.78903
1.78874
1.78844
1.78814
1.78783
1.78751
1.78719
1.78686
1.78652
1.78618
1.78583
1.78548
1.78512
1.78476
1.78439
1.78401
1.78363
1.78324
1.78286
1.78246
1.78206
1.78166
1.78125
1.78084
1.78043
1.78001
1.77959
1.77917
1.77875
1.77832
1.77789
1.77746
1.77703
1.77659
1.77616
1.77572
1.77529
1.77485
1.77442
1.77398
1.77355
1.77312
1.77268
1.77225
1.77183
1.7714
1.77098
1.77056
1.77014
1.76973
1.76932
1.76891
1.76851
1.76812
1.76773
1.76734
1.76696
1.76658
1.76621
1.76585
1.76549
1.76515
1.7648
1.76447
1.76414
1.76382
1.76351
1.7632
1.76291
1.76262
1.76234
1.76207
1.76181
1.76156
1.76132
1.76108
1.76086
1.76065
1.76044
1.76025
1.76006
1.75989
1.75973
1.75958
1.75944
1.75931
1.75919
1.75908
1.75898
1.75889
1.75882
1.75876
1.7587
1.75866
1.75863
1.75862
1.75861
1.75862
1.75864
1.75867
1.75872
1.75878
1.75885
1.75893
1.75903
1.75914
1.75926
1.7594
1.75955
1.75971
1.75989
1.76008
1.76028
1.7605
1.76074
1.76099
1.76125
1.76153
1.76182
1.76213
1.76246
1.7628
1.76315
1.76352
1.7639
1.7643
1.76472
1.76515
1.7656
1.76606
1.76654
1.76703
1.76753
1.76806
1.76859
1.76914
1.76971
1.77029
1.77088
1.77149
1.77211
1.77275
1.77339
1.77405
1.77473
1.77541
1.7761
1.77681
1.77753
1.77825
1.77899
1.77973
1.78048
1.78125
1.78202
1.78279
1.78357
1.78436
1.78515
1.78595
1.78676
1.78756
1.78837
1.78918
1.79
1.79081
1.79163
1.79245
1.79326
1.79408
1.79489
1.79571
1.79652
1.79733
1.79813
1.79893
1.79973
1.80053
1.80131
1.8021
1.80288
1.80365
1.80441
1.80517
1.80593
1.80667
1.80741
1.80814
1.80886
1.80957
1.81028
1.81098
1.81166
1.81234
1.81301
1.81367
1.81432
1.81497
1.8156
1.81622
1.81683
1.81744
1.81803
1.81861
1.81919
1.81975
1.8203
1.82085
1.82138
1.8219
1.82242
1.82292
1.82342
1.8239
1.82438
1.82484
1.8253
1.82574
1.82618
1.82661
1.82702
1.82743
1.82783
1.82822
1.82861
1.82898
1.82934
1.8297
1.83005
1.83038
1.83071
1.83104
1.83135
1.83166
1.83195
1.83224
1.83253
1.8328
1.83307
1.83333
1.83358
1.83383
1.83406
1.8343
1.83452
1.83474
1.83495
1.83515
1.83535
1.83554
1.83572
1.8359
1.83608
1.83624
1.8364
1.83656
1.8367
1.83685
1.83698
1.83711
1.83724
1.83736
1.83747
1.83758
1.83769
1.83779
1.83788
1.83797
1.83805
1.83813
1.80004
1.8001
1.80017
1.80023
1.80028
1.80033
1.80037
1.80042
1.80045
1.80048
1.80051
1.80053
1.80055
1.80057
1.80058
1.80059
1.80059
1.80059
1.80058
1.80057
1.80056
1.80054
1.80052
1.8005
1.80047
1.80044
1.8004
1.80037
1.80032
1.80028
1.80023
1.80017
1.80012
1.80006
1.79999
1.79993
1.79986
1.79978
1.79971
1.79963
1.79954
1.79946
1.79937
1.79928
1.79918
1.79908
1.79898
1.79888
1.79877
1.79866
1.79855
1.79844
1.79832
1.7982
1.79808
1.79795
1.79783
1.7977
1.79757
1.79743
1.7973
1.79716
1.79702
1.79688
1.79673
1.79659
1.79644
1.79629
1.79614
1.79599
1.79583
1.79568
1.79552
1.79536
1.7952
1.79504
1.79488
1.79472
1.79456
1.7944
1.79423
1.79407
1.79391
1.79374
1.79358
1.79341
1.79325
1.79308
1.79292
1.79275
1.79259
1.79242
1.79226
1.7921
1.79194
1.79178
1.79162
1.79146
1.7913
1.79115
1.79099
1.79084
1.79069
1.79054
1.79039
1.79025
1.79011
1.78997
1.78983
1.78969
1.78956
1.78943
1.7893
1.78918
1.78906
1.78894
1.78883
1.78872
1.78861
1.78851
1.78841
1.78831
1.78822
1.78813
1.78805
1.78797
1.78789
1.78782
1.78775
1.78769
1.78763
1.78758
1.78753
1.78749
1.78745
1.78742
1.78739
1.78737
1.78735
1.78733
1.78733
1.78732
1.78732
1.78733
1.78734
1.78736
1.78739
1.78741
1.78745
1.78749
1.78753
1.78758
1.78764
1.7877
1.78776
1.78783
1.78791
1.78799
1.78807
1.78816
1.78826
1.78836
1.78847
1.78857
1.78869
1.78881
1.78893
1.78906
1.78919
1.78933
1.78947
1.78961
1.78976
1.78991
1.79006
1.79022
1.79038
1.79055
1.79072
1.79089
1.79106
1.79124
1.79141
1.79159
1.79178
1.79196
1.79215
1.79233
1.79252
1.79271
1.7929
1.79309
1.79329
1.79348
1.79367
1.79386
1.79405
1.79425
1.79444
1.79463
1.79482
1.795
1.79519
1.79537
1.79556
1.79574
1.79591
1.79609
1.79626
1.79643
1.7966
1.79676
1.79692
1.79707
1.79722
1.79737
1.79751
1.79765
1.79778
1.7979
1.79802
1.79814
1.79825
1.79835
1.79844
1.79853
1.79862
1.79869
1.79876
1.79882
1.79888
1.79892
1.79896
1.79899
1.79901
1.79903
1.79903
1.79903
1.79901
1.79899
1.79896
1.79892
1.79887
1.79882
1.79875
1.79867
1.79859
1.79849
1.79839
1.79828
1.79815
1.79802
1.79788
1.79773
1.79757
1.7974
1.79722
1.79704
1.79684
1.79664
1.79643
1.79621
1.79598
1.79575
1.79551
1.79526
1.795
1.79474
1.79447
1.7942
1.79392
1.79364
1.79335
1.79305
1.79276
1.79246
1.79215
1.79184
1.79153
1.79122
1.79091
1.79059
1.79028
1.78996
1.78964
1.78933
1.78901
1.7887
1.78838
1.78807
1.78776
1.78745
1.78714
1.78684
1.78654
1.78624
1.78595
1.78566
1.78537
1.78508
1.7848
1.78453
1.78425
1.78399
1.78372
1.78346
1.7832
1.78295
1.7827
1.78245
1.78221
1.78196
1.78173
1.78149
1.78126
1.78103
1.7808
1.78058
1.78036
1.78014
1.77992
1.7797
1.77948
1.77927
1.77906
1.77884
1.77863
1.77842
1.77821
1.778
1.77779
1.77758
1.77738
1.77717
1.77696
1.77676
1.77655
1.77635
1.77615
1.77595
1.77575
1.77556
1.77536
1.77517
1.77499
1.7748
1.77462
1.77445
1.77427
1.77411
1.77394
1.77379
1.77364
1.77349
1.77336
1.77323
1.7731
1.77299
1.77288
1.77278
1.77269
1.77261
1.77254
1.77248
1.77243
1.77238
1.77235
1.77233
1.77232
1.77232
1.77233
1.77235
1.77238
1.77243
1.77248
1.77254
1.77262
1.7727
1.7728
1.7729
1.77301
1.77314
1.77327
1.77342
1.77357
1.77373
1.7739
1.77407
1.77426
1.77445
1.77465
1.77486
1.77507
1.7753
1.77552
1.77575
1.77599
1.77624
1.77649
1.77674
1.777
1.77726
1.77753
1.7778
1.77808
1.77836
1.77864
1.77893
1.77922
1.77952
1.77981
1.78011
1.78042
1.78072
1.78103
1.78135
1.78166
1.78198
1.7823
1.78263
1.78295
1.78328
1.78362
1.78395
1.78429
1.78463
1.78498
1.78532
1.78567
1.78603
1.78638
1.78674
1.7871
1.78747
1.78784
1.78821
1.78858
1.78896
1.78934
1.78972
1.79011
1.79049
1.79089
1.79128
1.79168
1.79208
1.79248
1.79288
1.79329
1.7937
1.79411
1.79453
1.79494
1.79536
1.79578
1.7962
1.79663
1.79705
1.79748
1.7979
1.79833
1.79876
1.79919
1.79963
1.80006
1.80049
1.80093
1.80136
1.80179
1.80223
1.80266
1.8031
1.80353
1.80396
1.8044
1.80483
1.80526
1.80569
1.80612
1.80655
1.80698
1.8074
1.80782
1.80825
1.80867
1.80909
1.8095
1.80992
1.81033
1.81074
1.81115
1.81155
1.81196
1.81236
1.81275
1.81315
1.81354
1.81393
1.81432
1.8147
1.81508
1.81545
1.81583
1.8162
1.81656
1.81693
1.81728
1.81764
1.81799
1.81834
1.81868
1.81902
1.81936
1.81969
1.82002
1.82034
1.82066
1.82097
1.82129
1.82159
1.82189
1.82219
1.82248
1.82277
1.82306
1.82334
1.82361
1.82388
1.82415
1.82441
1.82466
1.82491
1.82516
1.8254
1.82564
1.82587
1.8261
1.82632
1.82654
1.82675
1.82695
1.82716
1.82735
1.82755
1.82773
1.82791
1.82809
1.82826
1.82843
1.82859
1.82875
1.8289
1.82904
1.82919
1.82932
1.82945
1.82958
1.8297
1.82982
1.82993
1.83004
1.83014
1.83024
1.83033
1.83042
1.8305
1.83058
1.83065
1.83072
1.83078
1.83084
1.83089
1.83094
1.83099
1.83103
1.83107
1.8311
1.83113
1.83115
1.83117
1.83119
1.8312
1.83121
1.83121
1.83121
1.83121
1.8312
1.83119
1.83117
1.83115
1.83113
1.83111
1.83108
1.83105
1.83101
1.83097
1.83093
1.83089
1.83084
1.83079
1.83074
1.83069
1.83063
1.83057
1.83051
1.83045
1.83038
1.83031
1.83025
1.83018
1.8301
1.83003
1.82996
1.82988
1.8298
1.82973
1.82965
1.82957
1.82949
1.82941
1.82933
1.82925
1.82917
1.82909
1.82901
1.82893
1.82885
1.82877
1.82869
1.82862
1.82854
1.82847
1.8284
1.82832
1.82825
1.82819
1.82812
1.82806
1.82799
1.82793
1.82788
1.82782
1.82777
1.82772
1.82767
1.82763
1.82759
1.82755
1.82752
1.82749
1.82746
1.82744
1.82742
1.8274
1.82739
1.82738
1.82737
1.82737
1.82737
1.82738
1.82739
1.8274
1.82742
1.82745
1.82747
1.8275
1.82754
1.82758
1.82762
1.82766
1.82771
1.82777
1.82783
1.82789
1.82795
1.82802
1.82809
1.82817
1.82825
1.82833
1.82841
1.8285
1.82859
1.82868
1.82878
1.82887
1.82897
1.82908
1.82918
1.82929
1.82939
1.8295
1.82961
1.82972
1.82984
1.82995
1.83006
1.83018
1.83029
1.83041
1.83052
1.83064
1.83075
1.83087
1.83098
1.8311
1.83121
1.83132
1.83143
1.83154
1.83165
1.83176
1.83186
1.83197
1.83207
1.83217
1.83227
1.83237
1.83246
1.83255
1.83264
1.83273
1.83282
1.8329
1.83298
1.83306
1.83314
1.83321
1.83329
1.83336
1.83342
1.83349
1.83355
1.83361
1.83367
1.83372
1.83377
1.83382
1.83387
1.83392
1.83396
1.834
1.83404
1.83408
1.83411
1.83414
1.83418
1.83421
1.83423
1.83426
1.83428
1.8343
1.83433
1.83435
1.83436
1.83438
1.8344
1.83441
1.83442
1.83443
1.83445
1.83446
1.83447
1.83447
1.83448
1.83449
1.83449
1.8345
1.83451
1.83451
1.83451
1.83452
1.83452
1.83453
1.83453
1.83453
1.83453
1.83453
1.83454
1.83454
1.83454
1.83454
1.83454
1.83454
1.83455
1.83455
1.83455
1.83455
1.83455
1.83455
1.83455
1.83455
1.83455
1.83455
1.83455
1.83455
1.83456
1.83456
1.83456
1.83456
1.83456
1.83456
1.83456
1.83456
1.83456
1.83456
1.83456
1.83455
1.83455
1.83455
1.83455
1.83455
1.83455
1.83454
1.83454
1.83454
1.83453
1.83453
1.83453
1.83452
1.83452
1.83451
1.8345
1.8345
1.83449
1.83448
1.83447
1.83446
1.83445
1.83443
1.83442
1.83441
1.83439
1.83437
1.83436
1.83434
1.83431
1.83429
1.83427
1.83424
1.83421
1.83418
1.83415
1.83411
1.83408
1.83404
1.83399
1.83395
1.8339
1.83385
1.83379
1.83373
1.83367
1.8336
1.83353
1.83346
1.83338
1.8333
1.83321
1.83312
1.83302
1.83291
1.8328
1.83269
1.83256
1.83244
1.8323
1.83216
1.83201
1.83186
1.83169
1.83152
1.83134
1.83116
1.83096
1.83076
1.83054
1.83032
1.83009
1.82985
1.8296
1.82934
1.82907
1.82879
1.8285
1.8282
1.82788
1.82756
1.82723
1.82688
1.82653
1.82616
1.82578
1.82539
1.82499
1.82457
1.82415
1.82371
1.82326
1.8228
1.82233
1.82185
1.82136
1.82085
1.82033
1.81981
1.81927
1.81872
1.81816
1.81759
1.81701
1.81642
1.81582
1.81521
1.8146
1.81398
1.81334
1.81271
1.81206
1.81141
1.81075
1.81009
1.80942
1.80875
1.80808
1.80741
1.80673
1.80605
1.80537
1.8047
1.80402
1.80334
1.80267
1.80201
1.80134
1.80069
1.80004
1.79939
1.79876
1.79813
1.79752
1.79691
1.79632
1.79574
1.79517
1.79462
1.79408
1.79356
1.79306
1.79258
1.79211
1.79166
1.79123
1.79083
1.79044
1.79008
1.78974
1.78942
1.78913
1.78886
1.78861
1.78839
1.7882
1.78803
1.78788
1.78776
1.78766
1.78759
1.78755
1.78753
1.78753
1.78756
1.78761
1.78768
1.78778
1.7879
1.78804
1.7882
1.78838
1.78858
1.7888
1.78904
1.78929
1.78955
1.78983
1.79012
1.79043
1.79074
1.79106
1.7914
1.79173
1.79207
1.79242
1.79276
1.79311
1.79345
1.7938
1.79414
1.79447
1.79479
1.79511
1.8824
1.87913
1.87509
1.87064
1.8662
1.86215
1.85874
1.85602
1.85389
1.85218
1.85076
1.84955
1.84853
1.84768
1.84705
1.8467
1.8468
1.84757
1.84914
1.85153
1.85454
1.85787
1.86116
1.86414
1.86664
1.86856
1.86991
1.87074
1.87111
1.87112
1.87085
1.87038
1.86977
1.86906
1.86828
1.86746
1.86658
1.86563
1.8646
1.86347
1.86221
1.86081
1.85927
1.85759
1.85578
1.85387
1.85191
1.84994
1.84801
1.84617
1.84448
1.84295
1.84162
1.84047
1.8395
1.83867
1.83796
1.83736
1.83685
1.83646
1.83622
1.83615
1.83624
1.83645
1.83668
1.8368
1.83663
1.83599
1.83474
1.83281
1.83023
1.82716
1.82389
1.8208
1.81832
1.81684
1.81662
1.81773
1.82003
1.82327
1.82708
1.8311
1.83504
1.83867
1.84185
1.84452
1.84666
1.84829
1.84945
1.85018
1.85053
1.85054
1.85025
1.84968
1.84885
1.84777
1.84643
1.84482
1.84292
1.8407
1.83811
1.83512
1.83167
1.82774
1.82334
1.81853
1.81342
1.80819
1.80307
1.79825
1.79389
1.79006
1.78675
1.784
1.78196
1.78094
1.78133
1.78345
1.7873
1.7925
1.7984
1.80426
1.80944
1.81351
1.8163
1.8178
1.81816
1.81759
1.81635
1.81469
1.81288
1.81112
1.80957
1.80831
1.80737
1.8067
1.80622
1.80582
1.8054
1.80485
1.8041
1.80308
1.80176
1.80013
1.79817
1.79591
1.79339
1.79065
1.78778
1.78489
1.78212
1.77965
1.77765
1.77631
1.77582
1.77626
1.77765
1.7799
1.78281
1.78609
1.7894
1.79238
1.79469
1.79599
1.796
1.79449
1.79129
1.78644
1.78018
1.77311
1.76613
1.7603
1.75654
1.75535
1.75663
1.75979
1.76402
1.76853
1.77272
1.77624
1.77899
1.78106
1.78265
1.78403
1.78541
1.78695
1.78869
1.7906
1.7926
1.79458
1.79647
1.79819
1.79972
1.80104
1.80217
1.80313
1.80394
1.80462
1.8052
1.80568
1.80609
1.80642
1.80669
1.80689
1.80702
1.80708
1.80706
1.80696
1.80677
1.80648
1.80608
1.80556
1.80489
1.80406
1.80304
1.80182
1.80038
1.79872
1.79687
1.79485
1.79272
1.79052
1.78831
1.78613
1.78404
1.78215
1.78065
1.77981
1.7799
1.78112
1.78346
1.78666
1.7902
1.7934
1.79554
1.79597
1.79427
1.79044
1.78519
1.78009
1.77723
1.77839
1.78402
1.79292
1.80302
1.81241
1.81992
1.82516
1.82828
1.82967
1.82978
1.82909
1.82798
1.82675
1.82556
1.82449
1.82351
1.82259
1.82173
1.82097
1.8204
1.82009
1.82008
1.82039
1.82111
1.82241
1.8245
1.82751
1.83132
1.8356
1.83981
1.84347
1.84615
1.84763
1.84787
1.84695
1.84511
1.84264
1.83991
1.8373
1.83509
1.83346
1.8324
1.83178
1.83143
1.83129
1.83144
1.83211
1.83353
1.83578
1.83865
1.84175
1.84453
1.8465
1.84733
1.84686
1.84508
1.84213
1.83826
1.83379
1.82911
1.82464
1.82081
1.818
1.81644
1.8162
1.8172
1.81916
1.82174
1.82459
1.82737
1.82982
1.8317
1.83281
1.83296
1.83201
1.82988
1.82658
1.82234
1.81752
1.81264
1.8082
1.80453
1.80168
1.79935
1.7971
1.79448
1.79135
1.78803
1.78529
1.78417
1.78543
1.78928
1.7952
1.80229
1.8096
1.81642
1.82235
1.82722
1.83101
1.8338
1.8357
1.83686
1.8374
1.83747
1.83719
1.83666
1.83595
1.83513
1.83422
1.83323
1.83214
1.83092
1.82955
1.82799
1.82622
1.82426
1.82214
1.81998
1.81789
1.81604
1.81457
1.81355
1.81301
1.81287
1.81298
1.81318
1.81335
1.81345
1.81353
1.81372
1.81424
1.81526
1.81691
1.81922
1.82208
1.8253
1.82861
1.83179
1.8346
1.83689
1.83852
1.83942
1.83952
1.83879
1.83721
1.83481
1.83167
1.82793
1.82384
1.81973
1.816
1.81308
1.81136
1.81106
1.81226
1.81481
1.8184
1.82266
1.82719
1.83166
1.83581
1.83949
1.84259
1.84511
1.84704
1.84842
1.84932
1.84981
1.84997
1.8499
1.8497
1.84945
1.84925
1.84917
1.84927
1.8496
1.85018
1.85102
1.85213
1.85349
1.85505
1.85676
1.85855
1.86032
1.86201
1.86354
1.86485
1.86594
1.86678
1.86742
1.86788
1.8682
1.86844
1.86859
1.86866
1.86862
1.86839
1.86793
1.86716
1.86606
1.86465
1.86301
1.86129
1.85968
1.85843
1.85771
1.85768
1.85838
1.8598
1.86183
1.86432
1.86711
1.86999
1.87279
1.87536
1.87761
1.87947
1.88095
1.88208
1.88293
1.88359
1.88413
1.88462
1.88514
1.88571
1.88636
1.88712
1.88798
1.88893
1.88995
1.89096
1.89186
1.89249
1.89266
1.89214
1.89074
1.88836
1.88507
1.8812
1.87735
1.87428
1.8727
1.87301
1.87513
1.87858
1.88268
1.8868
1.89049
1.89351
1.89575
1.89723
1.898
1.89813
1.89769
1.89677
1.89543
1.89372
1.89171
1.88944
1.88695
1.8843
1.88154
1.87872
1.87589
1.87313
1.87048
1.86802
1.86583
1.864
1.86265
1.86191
1.86188
1.86267
1.86433
1.86686
1.87021
1.87421
1.87862
1.88316
1.8875
1.89137
1.89454
1.89685
1.8982
1.89853
1.89782
1.89605
1.89322
1.88933
1.88444
1.87865
1.87227
1.86577
1.85988
1.85536
1.8528
1.85235
1.85362
1.8559
1.85843
1.86066
1.86233
1.86349
1.86436
1.86524
1.86639
1.868
1.87011
1.87264
1.87539
1.87812
1.88057
1.88256
1.88394
1.88467
1.88475
1.88421
1.88313
1.8816
1.87974
1.87765
1.87542
1.87314
1.87086
1.86861
1.86639
1.8642
1.86207
1.86008
1.85838
1.85718
1.85669
1.8571
1.85847
1.86071
1.86363
1.86693
1.87029
1.8734
1.87599
1.87787
1.87887
1.8789
1.87792
1.87596
1.87315
1.86969
1.86592
1.86224
1.85911
1.85697
1.85609
1.85653
1.85807
1.86027
1.86266
1.86487
1.86673
1.8683
1.86976
1.87125
1.8728
1.87431
1.87556
1.87628
1.87622
1.87519
1.87303
1.86968
1.86515
1.85958
1.85331
1.84693
1.84122
1.83706
1.83519
1.83591
1.83906
1.84403
1.85003
1.85635
1.86241
1.86784
1.87244
1.87606
1.87863
1.88011
1.88046
1.87972
1.87793
1.87519
1.87162
1.86738
1.86263
1.85761
1.85259
1.84797
1.84422
1.84186
1.84128
1.84265
1.84584
1.85044
1.85592
1.8617
1.86732
1.87243
1.8768
1.88035
1.88305
1.88494
1.8861
1.88663
1.88661
1.88614
1.88528
1.88411
1.88264
1.88091
1.8789
1.87658
1.87392
1.87084
1.86729
1.86319
1.85849
1.85315
1.84719
1.84067
1.8337
1.82646
1.81919
1.81215
1.8056
1.79977
1.79485
1.79089
1.78785
1.78559
1.78398
1.78303
1.78294
1.78407
1.78679
1.79121
1.7971
1.80389
1.81087
1.8174
1.82306
1.82763
1.83108
1.83349
1.83501
1.83581
1.83606
1.8359
1.83545
1.83483
1.83407
1.83323
1.8323
1.83127
1.83012
1.82882
1.82734
1.82565
1.82374
1.82162
1.8193
1.81678
1.81413
1.81138
1.80863
1.80597
1.80356
1.80155
1.80007
1.79923
1.79906
1.7995
1.80044
1.80167
1.803
1.80425
1.80528
1.80603
1.80651
1.80679
1.80701
1.80735
1.80796
1.80899
1.81051
1.81247
1.81474
1.81706
1.81909
1.82041
1.82056
1.81911
1.8157
1.81021
1.80305
1.79533
1.78886
1.78562
1.78678
1.79209
1.79999
1.8085
1.81609
1.82189
1.82567
1.82759
1.82802
1.82749
1.82654
1.82567
1.82514
1.82488
1.82445
1.82332
1.8211
1.81797
1.81472
1.81264
1.81283
1.81562
1.82038
1.82585
1.83081
1.83449
1.83667
1.83754
1.83749
1.83694
1.83617
1.83535
1.83445
1.83338
1.83198
1.83012
1.82775
1.8249
1.82176
1.81859
1.81576
1.81361
1.81236
1.81204
1.81249
1.8134
1.81442
1.81525
1.81567
1.8156
1.81507
1.81419
1.81315
1.81216
1.81145
1.81119
1.81149
1.81236
1.81375
1.81553
1.81754
1.81962
1.82161
1.82339
1.82489
1.82606
1.8269
1.82742
1.82767
1.82768
1.82752
1.82724
1.82687
1.82646
1.82605
1.82565
1.82529
1.82498
1.8247
1.82446
1.82424
1.82403
1.82381
1.82355
1.82323
1.82283
1.82233
1.82172
1.82101
1.82022
1.81938
1.81855
1.81778
1.81716
1.81674
1.81658
1.81668
1.81702
1.81754
1.81814
1.81871
1.81915
1.81936
1.81928
1.8189
1.81826
1.81744
1.81658
1.81584
1.8154
1.81541
1.81595
1.81706
1.8187
1.82076
1.82311
1.82559
1.82804
1.8303
1.83221
1.83363
1.83442
1.83446
1.83368
1.83205
1.82956
1.82623
1.82205
1.8169
1.81065
1.80335
1.79564
1.78914
1.78622
1.78892
1.79752
1.81013
1.82382
1.83612
1.84566
1.8521
1.85565
1.85681
1.85607
1.85392
1.8508
1.84715
1.84336
1.83984
1.83691
1.83482
1.83371
1.8336
1.8344
1.83594
1.83803
1.8405
1.8432
1.84602
1.84887
1.8517
1.85444
1.85702
1.85939
1.86147
1.86319
1.86451
1.86535
1.86566
1.86539
1.86447
1.86288
1.86055
1.85751
1.85379
1.84952
1.84494
1.84043
1.83642
1.8334
1.83176
1.83171
1.83318
1.8359
1.83945
1.8434
1.84735
1.85101
1.85419
1.8568
1.85882
1.86027
1.86122
1.86175
1.86198
1.862
1.86193
1.86184
1.86179
1.86181
1.86186
1.86191
1.86186
1.86163
1.86114
1.86036
1.85927
1.85791
1.85636
1.85475
1.85317
1.8517
1.85036
1.84913
1.84792
1.8466
1.84506
1.8432
1.84094
1.83826
1.83521
1.83197
1.82889
1.82648
1.82537
1.8261
1.82892
1.83365
1.83974
1.84644
1.85308
1.85913
1.86434
1.8686
1.87195
1.87446
1.87625
1.8774
1.878
1.87809
1.8777
1.87687
1.8756
1.87391
1.87183
1.86938
1.86663
1.86362
1.86043
1.85711
1.85372
1.85031
1.84692
1.84359
1.84041
1.83749
1.83499
1.83309
1.83195
1.83167
1.83231
1.8338
1.83603
1.83878
1.84184
1.84497
1.84797
1.8507
1.85303
1.85494
1.85641
1.8575
1.85831
1.85894
1.85949
1.86006
1.86074
1.86155
1.8625
1.86356
1.86471
1.86588
1.86706
1.86819
1.86926
1.87025
1.87113
1.87187
1.87243
1.87278
1.87287
1.87266
1.87215
1.87134
1.87031
1.86915
1.86804
1.86713
1.86655
1.86636
1.86648
1.86666
1.86651
1.86548
1.86298
1.85848
1.85181
1.8435
1.83514
1.82926
1.82831
1.83325
1.84279
1.85426
1.86502
1.87343
1.87881
1.88115
1.88076
1.8781
1.87368
1.86809
1.86195
1.85581
1.85004
1.84478
1.83992
1.83526
1.83064
1.82613
1.82198
1.81862
1.8165
1.81602
1.81745
1.82082
1.82586
1.83204
1.83866
1.84506
1.85074
1.85544
1.85908
1.86176
1.86359
1.86474
1.86534
1.86549
1.86525
1.86464
1.86366
1.86229
1.86054
1.85838
1.85586
1.85306
1.8501
1.84717
1.84451
1.84234
1.84086
1.84015
1.84015
1.84066
1.84134
1.84176
1.84157
1.84053
1.83868
1.83631
1.834
1.83237
1.83192
1.83272
1.83445
1.83651
1.83826
1.83919
1.83908
1.83792
1.83592
1.83342
1.83084
1.82856
1.82694
1.82617
1.82631
1.82723
1.82869
1.83036
1.83193
1.83314
1.83385
1.83403
1.83379
1.83334
1.8329
1.83271
1.83294
1.83364
1.83478
1.83626
1.83792
1.8396
1.84115
1.84245
1.84337
1.84381
1.84367
1.84281
1.8411
1.83839
1.83454
1.8294
1.82287
1.815
1.80612
1.79697
1.78879
1.78312
1.78135
1.78405
1.79067
1.79985
1.81
1.81985
1.82868
1.83622
1.84248
1.84763
1.8519
1.8555
1.85861
1.86137
1.86387
1.86611
1.86805
1.86958
1.87047
1.87046
1.86917
1.86624
1.86133
1.85434
1.84556
1.8358
1.82634
1.81849
1.81296
1.8096
1.80764
1.80633
1.80547
1.80542
1.80681
1.81012
1.81538
1.82215
1.82958
1.83663
1.84236
1.84608
1.84769
1.84778
1.84763
1.84875
1.85208
1.85742
1.86351
1.86878
1.8721
1.87307
1.87194
1.86922
1.86528
1.86012
1.85326
1.84401
1.83182
1.81688
1.80059
1.78546
1.77406
1.76773
1.76646
1.77009
1.77868
1.7915
1.80625
1.82003
1.83083
1.83813
1.84261
1.84543
1.84772
1.85019
1.85312
1.85641
1.85981
1.86303
1.8659
1.8683
1.87022
1.87166
1.87267
1.87329
1.87357
1.87354
1.87327
1.87278
1.87214
1.87142
1.8707
1.87008
1.86963
1.86943
1.86947
1.86971
1.87005
1.87036
1.87049
1.87032
1.86976
1.86877
1.86735
1.86555
1.86348
1.86125
1.85897
1.85674
1.85457
1.85242
1.85016
1.84764
1.84472
1.84136
1.83768
1.83399
1.83083
1.82883
1.82866
1.83075
1.83518
1.84159
1.84921
1.8571
1.86424
1.86977
1.87301
1.87359
1.87152
1.86728
1.86191
1.85679
1.85324
1.85203
1.85308
1.85574
1.85922
1.86296
1.86667
1.87025
1.87358
1.87652
1.87885
1.88033
1.88076
1.87998
1.87794
1.87476
1.8707
1.8662
1.86177
1.85791
1.85499
1.85325
1.85273
1.85329
1.85459
1.85613
1.85732
1.85769
1.85692
1.85494
1.85196
1.84836
1.84464
1.84137
1.83908
1.83812
1.83864
1.84053
1.84346
1.84698
1.85066
1.85415
1.85724
1.85987
1.86208
1.86394
1.86556
1.86698
1.86816
1.86902
1.86941
1.86919
1.86826
1.86663
1.86448
1.86213
1.86004
1.85872
1.85855
1.85967
1.86192
1.86492
1.86817
1.87119
1.87365
1.87533
1.87616
1.87614
1.87535
1.87391
1.87199
1.86976
1.86745
1.86527
1.86342
1.86203
1.86113
1.8607
1.86059
1.86064
1.86065
1.86046
1.85992
1.85897
1.85759
1.85582
1.85377
1.85161
1.84957
1.84789
1.84679
1.84642
1.84681
1.84788
1.84946
1.85131
1.85321
1.85495
1.85641
1.8575
1.85818
1.85844
1.85833
1.85787
1.85712
1.85612
1.85488
1.85334
1.85136
1.84865
1.84484
1.83958
1.83277
1.82498
1.81778
1.81352
1.81428
1.82056
1.83081
1.84234
1.85272
1.86054
1.86535
1.86738
1.86718
1.86547
1.86305
1.8607
1.85906
1.85852
1.85916
1.86076
1.86293
1.86521
1.86726
1.86881
1.86975
1.87005
1.86974
1.8689
1.8676
1.86596
1.86408
1.86211
1.86017
1.85838
1.85686
1.85571
1.85498
1.85471
1.85492
1.85558
1.85665
1.85806
1.85972
1.86152
1.86335
1.86513
1.86679
1.86828
1.86957
1.87063
1.87144
1.87195
1.87204
1.87158
1.87032
1.86799
1.86431
1.85909
1.85238
1.84457
1.83652
1.82928
1.82375
1.82017
1.81798
1.81619
1.81388
1.81065
1.80676
1.80296
1.80024
1.79953
1.80134
1.80574
1.81232
1.82037
1.82905
1.83757
1.84531
1.85185
1.85698
1.86066
1.86297
1.86406
1.8641
1.86325
1.86169
1.85953
1.85689
1.85388
1.85058
1.84711
1.84358
1.84011
1.83684
1.8339
1.8314
1.82945
1.82809
1.82733
1.82716
1.82748
1.82823
1.82929
1.83055
1.8319
1.83324
1.83448
1.83552
1.83629
1.83673
1.83678
1.83642
1.83563
1.83444
1.83291
1.83114
1.82927
1.82744
1.8258
1.82447
1.82353
1.82303
1.82297
1.82331
1.82397
1.82488
1.82591
1.82697
1.82793
1.82873
1.8293
1.82965
1.82983
1.82991
1.83
1.8302
1.83061
1.83129
1.83224
1.83345
1.83489
1.83648
1.83816
1.83985
1.84147
1.84294
1.84419
1.84515
1.84579
1.84611
1.84611
1.84588
1.84551
1.84511
1.8448
1.84469
1.84484
1.84527
1.846
1.847
1.8483
1.84992
1.85189
1.85423
1.85692
1.85988
1.86298
1.86603
1.8688
1.87108
1.87264
1.8733
1.8729
1.87135
1.86865
1.8649
1.86032
1.85524
1.84999
1.84483
1.8399
1.83525
1.83108
1.82784
1.82607
1.82608
1.82756
1.82961
1.83122
1.83206
1.83276
1.83466
1.83891
1.84561
1.85364
1.86134
1.86727
1.87065
1.87129
1.86935
1.86517
1.85916
1.85189
1.84411
1.83682
1.83106
1.82768
1.82704
1.829
1.83299
1.83833
1.84444
1.85087
1.85734
1.86365
1.86962
1.87511
1.88003
1.88441
1.88836
1.89205
1.89559
1.899
1.90218
1.90487
1.9068
1.90766
1.90725
1.90542
1.90212
1.89741
1.89143
1.88447
1.87691
1.86921
1.86184
1.85526
1.84979
1.84565
1.84292
1.8416
1.84161
1.84286
1.84519
1.84844
1.85244
1.85704
1.86209
1.86748
1.87309
1.87882
1.88454
1.89014
1.89547
1.9004
1.9048
1.90855
1.91157
1.91378
1.91511
1.91553
1.91499
1.91348
1.911
1.90759
1.90335
1.89845
1.89315
1.88782
1.88294
1.87902
1.87657
1.87599
1.87749
1.88101
1.88622
1.89261
1.89964
1.90679
1.9137
1.92014
1.92599
1.9312
1.9357
1.93944
1.9423
1.94417
1.94494
1.94454
1.94299
1.9404
1.93699
1.93306
1.92898
1.9251
1.9217
1.91895
1.91684
1.91526
1.91396
1.91264
1.91109
1.90927
1.90742
1.90602
1.90555
1.9063
1.90815
1.91066
1.91323
1.91538
1.91683
1.91755
1.91766
1.91734
1.91673
1.91592
1.91495
1.91379
1.91243
1.91086
1.90911
1.90723
1.90533
1.9035
1.90186
1.90048
1.89945
1.89881
1.89857
1.89872
1.8992
1.89992
1.90074
1.90149
1.90194
1.90183
1.90085
1.89868
1.89495
1.88936
1.88177
1.87246
1.86243
1.85353
1.84815
1.84816
1.85387
1.8638
1.87558
1.88705
1.89692
1.90467
1.91026
1.91389
1.91579
1.91616
1.91514
1.91286
1.90943
1.90497
1.89966
1.89372
1.88741
1.88103
1.87483
1.86906
1.86395
1.85966
1.85633
1.85408
1.85295
1.85294
1.85399
1.85593
1.85855
1.86157
1.86469
1.86767
1.87029
1.87247
1.87421
1.87564
1.87694
1.87833
1.87991
1.88165
1.88337
1.88478
1.88554
1.88535
1.88398
1.88132
1.87744
1.87263
1.86739
1.86241
1.85847
1.85622
1.85603
1.85787
1.86136
1.86592
1.87093
1.8759
1.88047
1.88448
1.88785
1.89059
1.89276
1.89444
1.89568
1.89655
1.89709
1.89731
1.89724
1.89685
1.89612
1.89501
1.89346
1.89142
1.88882
1.88559
1.88171
1.87716
1.87202
1.86642
1.86062
1.85494
1.84982
1.84566
1.84283
1.84155
1.84184
1.84354
1.84637
1.84998
1.85405
1.85832
1.86262
1.86686
1.871
1.87504
1.87896
1.8827
1.88618
1.8893
1.89193
1.89394
1.89524
1.89572
1.89535
1.89412
1.89209
1.88935
1.88605
1.88238
1.87851
1.87463
1.87087
1.86734
1.86413
1.86131
1.85894
1.85706
1.85569
1.85486
1.85461
1.85498
1.85597
1.85747
1.85923
1.86092
1.86212
1.86244
1.86158
1.85944
1.85635
1.85311
1.8509
1.85085
1.85345
1.85825
1.8641
1.86973
1.87423
1.87716
1.87851
1.87849
1.87736
1.87538
1.87272
1.86949
1.86575
1.86156
1.85701
1.85225
1.84755
1.84326
1.83975
1.83729
1.83598
1.83562
1.83583
1.83611
1.83599
1.83517
1.83351
1.83105
1.82798
1.82467
1.82178
1.82024
1.82101
1.82458
1.83063
1.83808
1.84555
1.85192
1.8565
1.85911
1.85988
1.85913
1.85725
1.85463
1.85166
1.8487
1.84602
1.84381
1.8422
1.84118
1.8407
1.84067
1.84099
1.84157
1.84235
1.84332
1.84444
1.84572
1.84711
1.84857
1.85003
1.85142
1.85266
1.85369
1.85446
1.85497
1.85522
1.85524
1.85509
1.85482
1.85446
1.85404
1.85352
1.85283
1.85188
1.85057
1.8488
1.84651
1.8437
1.84044
1.83689
1.83334
1.83014
1.82769
1.82626
1.826
1.82676
1.82825
1.83006
1.83189
1.83355
1.83506
1.83654
1.83818
1.84011
1.8424
1.84499
1.84779
1.85065
1.85344
1.85603
1.85831
1.86019
1.86161
1.86252
1.86294
1.8629
1.86247
1.86169
1.8606
1.8591
1.85698
1.85394
1.84954
1.84339
1.83528
1.82542
1.81465
1.80454
1.7972
1.79452
1.79735
1.80505
1.81582
1.8276
1.8388
1.84859
1.8568
1.86365
1.8695
1.87474
1.87961
1.88425
1.88868
1.89284
1.8966
1.89985
1.90249
1.90442
1.9056
1.90597
1.90555
1.90436
1.90251
1.90021
1.89778
1.89571
1.89455
1.89478
1.89662
1.89989
1.90405
1.90832
1.9119
1.91413
1.91456
1.91304
1.90967
1.90478
1.89896
1.89286
1.88711
1.88213
1.87807
1.87488
1.87238
1.87045
1.86902
1.86812
1.86779
1.86801
1.86857
1.8691
1.86903
1.86785
1.86536
1.86202
1.85907
1.85828
1.86125
1.86865
1.87983
1.89322
1.90708
1.92
1.93109
1.93994
1.94637
1.95036
1.9519
1.95094
1.9474
1.94118
1.93228
1.92098
1.90803
1.89477
1.8829
1.87393
1.86858
1.86655
1.86694
1.86877
1.87135
1.87428
1.87737
1.8805
1.88362
1.88671
1.88979
1.89286
1.89595
1.89902
1.90205
1.905
1.90779
1.91036
1.91266
1.91463
1.91623
1.91743
1.91823
1.91862
1.91861
1.91821
1.91742
1.91626
1.91472
1.91281
1.91052
1.90786
1.90483
1.90147
1.89784
1.89404
1.89019
1.88647
1.88308
1.88021
1.87802
1.87661
1.87598
1.87607
1.8767
1.87766
1.87873
1.87971
1.88044
1.8808
1.88073
1.8802
1.8792
1.87775
1.87584
1.87352
1.87084
1.86788
1.8648
1.86179
1.85908
1.85688
1.85536
1.85458
1.85449
1.855
1.85594
1.85722
1.85876
1.86057
1.86269
1.86515
1.868
1.87121
1.87471
1.87842
1.88219
1.88588
1.88938
1.89256
1.89535
1.8977
1.89956
1.90094
1.90184
1.90226
1.90224
1.90179
1.90096
1.89977
1.89829
1.89655
1.89463
1.89262
1.89062
1.88872
1.88703
1.8856
1.88444
1.88352
1.88277
1.88213
1.88155
1.88109
1.88086
1.88102
1.88173
1.88305
1.88488
1.88696
1.88888
1.89018
1.89049
1.88959
1.88755
1.88475
1.88183
1.87963
1.87886
1.87993
1.88277
1.88688
1.89156
1.89613
1.90006
1.90307
1.90506
1.90607
1.90622
1.90568
1.90467
1.90346
1.90234
1.90161
1.90156
1.90238
1.90413
1.90669
1.90984
1.91327
1.91667
1.91975
1.9223
1.92414
1.92511
1.92505
1.92382
1.92131
1.91761
1.91314
1.9087
1.90543
1.90434
1.90579
1.90931
1.91375
1.91785
1.92065
1.92163
1.92065
1.91782
1.91337
1.90757
1.90078
1.89343
1.88608
1.87937
1.87383
1.8697
1.86686
1.86483
1.86301
1.86093
1.85832
1.8552
1.85176
1.8483
1.84514
1.84262
1.84103
1.8406
1.84142
1.84344
1.84646
1.85022
1.85442
1.8588
1.86315
1.86729
1.87104
1.87423
1.87671
1.87832
1.87898
1.87862
1.87724
1.87486
1.87155
1.86745
1.86276
1.85777
1.85287
1.84848
1.84501
1.84278
1.84188
1.84222
1.84352
1.84543
1.8476
1.84975
1.85169
1.85333
1.85463
1.85559
1.85624
1.85659
1.85668
1.85651
1.85609
1.85542
1.85449
1.85328
1.8518
1.85006
1.84808
1.84595
1.84375
1.84164
1.83974
1.8382
1.83712
1.83652
1.83637
1.83657
1.83696
1.8374
1.83777
1.83797
1.83796
1.83771
1.83726
1.83666
1.83596
1.83527
1.83466
1.83423
1.83406
1.83416
1.83451
1.83503
1.83556
1.83593
1.83593
1.83536
1.83407
1.83198
1.82913
1.82578
1.82235
1.81944
1.81772
1.81771
1.81971
1.82366
1.82919
1.83575
1.84274
1.84965
1.85614
1.86198
1.86708
1.87144
1.87506
1.87797
1.88017
1.88164
1.88234
1.88222
1.8812
1.87925
1.87636
1.8726
1.86815
1.86334
1.85864
1.85458
1.85168
1.85029
1.85055
1.85232
1.85532
1.85921
1.86361
1.86823
1.87278
1.87701
1.88071
1.88367
1.88572
1.88674
1.88666
1.88545
1.8832
1.88005
1.87623
1.87205
1.86789
1.86419
1.86145
1.86014
1.86057
1.86279
1.86649
1.87109
1.87596
1.88052
1.88439
1.88739
1.88948
1.89076
1.89133
1.89134
1.89091
1.89017
1.88921
1.88814
1.88707
1.88611
1.88538
1.88502
1.88514
1.88584
1.88715
1.88906
1.89149
1.8943
1.89734
1.90043
1.90339
1.90607
1.90834
1.9101
1.91129
1.91186
1.91186
1.91135
1.91048
1.90945
1.90853
1.90797
1.90799
1.9087
1.91008
1.91199
1.91422
1.9165
1.91863
1.92044
1.92184
1.92278
1.92327
1.92336
1.9231
1.92256
1.92179
1.92082
1.9196
1.91807
1.91606
1.9134
1.90984
1.90519
1.89937
1.89256
1.88532
1.87866
1.87382
1.87189
1.87326
1.87746
1.88344
1.89007
1.89656
1.90256
1.90803
1.91309
1.91788
1.92251
1.92698
1.93125
1.93524
1.93885
1.94198
1.94454
1.94642
1.94753
1.94773
1.94685
1.9447
1.94102
1.93556
1.92811
1.91874
1.90797
1.89702
1.88776
1.88217
1.88144
1.88533
1.89238
1.90077
1.90905
1.91639
1.92253
1.9275
1.93145
1.93455
1.93692
1.93866
1.93984
1.9405
1.94065
1.94033
1.93953
1.93825
1.9365
1.93428
1.93163
1.92857
1.9252
1.92166
1.91815
1.91495
1.91236
1.91067
1.91008
1.91063
1.9122
1.91455
1.91734
1.92023
1.92295
1.92528
1.92706
1.9282
1.92863
1.9283
1.92715
1.92515
1.92228
1.91858
1.91416
1.90925
1.90421
1.89953
1.89573
1.89324
1.89228
1.89273
1.89421
1.89617
1.8981
1.89959
1.90046
1.90067
1.90029
1.89942
1.89812
1.8964
1.89416
1.8913
1.8879
1.88439
1.88166
1.88087
1.88295
1.88802
1.8953
1.90352
1.91144
1.9183
1.92378
1.92793
1.9309
1.93289
1.934
1.9343
1.93378
1.9324
1.93013
1.92699
1.92309
1.91865
1.91405
1.90977
1.90634
1.90415
1.90338
1.90391
1.90542
1.90747
1.90966
1.91172
1.91352
1.915
1.91619
1.91712
1.91781
1.91822
1.91829
1.91792
1.917
1.91542
1.91313
1.91015
1.90664
1.9029
1.89937
1.89656
1.8949
1.89465
1.89575
1.89788
1.9006
1.90343
1.90599
1.90804
1.90948
1.91028
1.91047
1.91009
1.9092
1.90784
1.90606
1.9039
1.90139
1.89862
1.89569
1.89274
1.88993
1.88744
1.88542
1.88393
1.88296
1.88237
1.88195
1.88146
1.88067
1.87943
1.87768
1.87546
1.87291
1.87024
1.86774
1.86571
1.86444
1.86419
1.86512
1.86725
1.87042
1.87436
1.8787
1.88304
1.88707
1.89055
1.89332
1.89531
1.89647
1.89678
1.89619
1.89466
1.89217
1.88868
1.88425
1.87903
1.87335
1.86771
1.86271
1.85895
1.85684
1.85646
1.85754
1.85964
1.86225
1.86499
1.86766
1.87018
1.87258
1.8749
1.87716
1.87929
1.88119
1.8827
1.88364
1.88385
1.88322
1.88172
1.87947
1.87673
1.87387
1.87128
1.86924
1.86774
1.86644
1.86481
1.86236
1.85897
1.85514
1.85197
1.85076
1.85236
1.85665
1.86257
1.86868
1.87376
1.87713
1.87867
1.87869
1.87781
1.87671
1.87607
1.87632
1.8776
1.87974
1.88239
1.88512
1.8876
1.88967
1.89132
1.89264
1.89384
1.89509
1.89655
1.89829
1.90028
1.90242
1.90455
1.9065
1.90808
1.90914
1.90958
1.90933
1.90836
1.90672
1.90451
1.9019
1.8991
1.89638
1.89398
1.8921
1.89089
1.89036
1.89046
1.89107
1.89206
1.89331
1.8948
1.89656
1.8987
1.90136
1.90465
1.90857
1.91306
1.91794
1.923
1.92803
1.93286
1.93734
1.94138
1.94492
1.94788
1.95016
1.95163
1.95207
1.95114
1.94829
1.94273
1.93332
1.91882
1.89855
1.87405
1.85089
1.83763
1.83979
1.8545
1.87335
1.88938
1.89995
1.90555
1.90783
1.90846
1.90875
1.90955
1.91126
1.91389
1.91716
1.92057
1.92352
1.92543
1.92592
1.92502
1.92328
1.92172
1.92153
1.92352
1.92773
1.93346
1.93968
1.94546
1.95028
1.954
1.95673
1.9587
1.96013
1.96117
1.9619
1.96236
1.96252
1.96236
1.96185
1.96097
1.95977
1.95832
1.95679
1.95538
1.95434
1.95391
1.95428
1.95549
1.95749
1.96008
1.96296
1.96581
1.9683
1.97017
1.97115
1.97106
1.96977
1.96724
1.96357
1.95905
1.95418
1.94964
1.94615
1.9442
1.94394
1.94512
1.9472
1.9496
1.95185
1.95368
1.95499
1.95579
1.95618
1.95623
1.95603
1.95566
1.95516
1.9546
1.95402
1.95347
1.953
1.95266
1.95249
1.95253
1.95283
1.95338
1.95413
1.95499
1.9558
1.95638
1.95658
1.95638
1.95593
1.95562
1.95591
1.95719
1.95962
1.963
1.96695
1.971
1.97484
1.97832
1.98141
1.98416
1.98663
1.98884
1.99074
1.9923
1.99345
1.99417
1.99444
1.99428
1.99372
1.99281
1.99161
1.99012
1.98836
1.98633
1.98398
1.9813
1.97827
1.97486
1.97109
1.96696
1.96252
1.95792
1.95343
1.94948
1.94655
1.94508
1.94527
1.9471
1.9503
1.95454
1.95946
1.96473
1.97006
1.97519
1.97992
1.9841
1.98766
1.9906
1.99293
1.99471
1.99598
1.99678
1.99712
1.99699
1.99634
1.99511
1.99321
1.99059
1.98726
1.98334
1.97917
1.97532
1.97255
1.97165
1.97313
1.97703
1.98284
1.98968
1.99658
2.00273
2.00752
2.0106
2.0118
2.01113
2.00872
2.00483
1.99972
1.99355
1.98621
1.97736
1.96666
1.95431
1.94158
1.93095
1.9254
1.92699
1.93545
1.94823
1.96188
1.97366
1.98224
1.98764
1.99064
1.99236
1.9938
1.99561
1.99796
2.00066
2.00332
2.00553
2.007
2.00754
2.00702
2.00527
2.00198
1.99674
1.98908
1.9788
1.96636
1.95324
1.94192
1.93504
1.93409
1.93876
1.94748
1.95852
1.97055
1.98261
1.99395
2.00395
2.01218
2.01841
2.02257
2.02468
2.02478
2.02291
2.01912
2.01346
2.00606
1.99712
1.98706
1.97645
1.9661
1.95701
1.95027
1.94687
1.94744
1.95204
1.96002
1.97023
1.98133
1.99214
2.0018
2.0098
2.01597
2.02035
2.02309
2.0244
2.02451
2.02365
2.02204
2.0199
2.01744
2.01481
2.01217
2.00959
2.00713
2.00476
2.00243
2.00007
1.99756
1.99484
1.99185
1.98856
1.98505
1.98145
1.97798
1.97494
1.97264
1.97132
1.97113
1.972
1.97372
1.97594
1.9783
1.98048
1.98228
1.98363
1.98455
1.98512
1.98546
1.98567
1.98585
1.98607
1.98636
1.98675
1.98723
1.98778
1.98835
1.98889
1.98932
1.9896
1.98967
1.98948
1.989
1.98824
1.98718
1.98584
1.98425
1.98241
1.98037
1.97814
1.97577
1.9733
1.97082
1.96842
1.96621
1.9643
1.96275
1.96154
1.96053
1.95944
1.95785
1.95528
1.95128
1.94576
1.93919
1.93293
1.9289
1.92886
1.93334
1.94127
1.95063
1.95953
1.96682
1.97218
1.97583
1.97821
1.9798
1.98093
1.98178
1.98237
1.98261
1.98238
1.98154
1.98003
1.97784
1.97505
1.97179
1.9682
1.96446
1.96074
1.95724
1.9542
1.95193
1.95074
1.95088
1.95245
1.95531
1.95912
1.96334
1.96741
1.97083
1.97323
1.97444
1.97441
1.97329
1.97131
1.96883
1.9663
1.96417
1.96289
1.96277
1.96395
1.96637
1.96976
1.97376
1.97798
1.98203
1.98559
1.98841
1.99028
1.99102
1.99046
1.9884
1.9847
1.97922
1.97203
1.96349
1.9544
1.94603
1.93988
1.93706
1.93787
1.94164
1.94712
1.95311
1.95873
1.96354
1.96738
1.97027
1.97226
1.97337
1.97363
1.97306
1.97171
1.9697
1.9672
1.96447
1.96178
1.95941
1.95759
1.95648
1.9562
1.9568
1.95834
1.9608
1.96413
1.96813
1.97255
1.97702
1.98114
1.98453
1.98687
1.98788
1.98737
1.98526
1.98158
1.9766
1.97087
1.96518
1.96047
1.9575
1.95657
1.95742
1.9594
1.96174
1.9639
1.9656
1.9668
1.9676
1.96812
1.96846
1.96867
1.96877
1.96879
1.96874
1.96866
1.96858
1.96851
1.96843
1.96831
1.96809
1.96771
1.96713
1.96632
1.96531
1.96414
1.96294
1.96188
1.9612
1.96117
1.96205
1.96406
1.96731
1.97177
1.97728
1.98357
1.99031
1.99719
2.00393
2.0103
2.01617
2.02141
2.02596
2.02977
2.03279
2.03497
2.03625
2.03661
2.036
2.03444
2.03196
2.02868
2.02478
2.02051
2.01622
2.01227
2.00903
2.0068
2.0058
2.00607
2.00752
2.00991
2.01289
2.01607
2.01904
2.02146
2.02306
2.02366
2.02317
2.02158
2.01893
2.01534
2.01092
2.00584
2.00033
1.99472
1.98959
1.98572
1.98394
1.98479
1.9882
1.99369
2.00063
2.0085
2.0168
2.02484
2.03171
2.03655
2.03878
2.03836
2.03583
2.03226
2.02898
2.02715
2.02737
2.02945
2.03258
2.03575
2.03807
2.03895
2.03804
2.03517
2.03028
2.02342
2.01479
2.00482
1.9943
1.98427
1.97595
1.97035
1.96801
1.96875
1.97176
1.97592
1.9801
1.98348
1.98558
1.98625
1.98555
1.98367
1.98081
1.9772
1.97304
1.96851
1.96378
1.95898
1.95423
1.94953
1.94478
1.93976
1.93417
1.9279
1.92125
1.91512
1.91083
1.90959
1.91185
1.91715
1.92448
1.93289
1.94173
1.95063
1.95929
1.96744
1.97474
1.98095
1.98588
1.98945
1.99168
1.99263
1.99237
1.99096
1.98847
1.98491
1.98032
1.97472
1.96821
1.96098
1.95331
1.94563
1.93839
1.93202
1.9268
1.92285
1.92021
1.91887
1.91886
1.92016
1.92271
1.92622
1.93027
1.93434
1.93794
1.94068
1.94235
1.94287
1.9423
1.94081
1.9386
1.93588
1.93291
1.9299
1.92708
1.92464
1.92272
1.92144
1.92085
1.92095
1.92168
1.92293
1.92455
1.92637
1.92823
1.92998
1.9315
1.93269
1.93349
1.93385
1.93375
1.93316
1.93208
1.9305
1.92846
1.92601
1.92323
1.92024
1.9172
1.91427
1.91162
1.90938
1.90764
1.90644
1.90581
1.90572
1.90617
1.90711
1.90848
1.9102
1.91215
1.91418
1.91617
1.91799
1.91956
1.92081
1.92172
1.92228
1.92249
1.92239
1.92201
1.92137
1.92052
1.9195
1.91833
1.91705
1.91569
1.91427
1.91279
1.91123
1.90954
1.90765
1.90542
1.90264
1.89902
1.8941
1.88736
1.87823
1.86639
1.85215
1.83697
1.8236
1.81546
1.81512
1.82293
1.83679
1.85332
1.86929
1.88258
1.89246
1.89926
1.90399
1.90782
1.91163
1.91578
1.92011
1.92414
1.92733
1.92937
1.9302
1.93003
1.92922
1.92823
1.92747
1.92724
1.9277
1.92882
1.93048
1.93248
1.93464
1.93676
1.93865
1.9401
1.94083
1.94044
1.93848
1.9344
1.9277
1.91812
1.90581
1.8916
1.87716
1.86472
1.85651
1.85388
1.85672
1.86355
1.87224
1.88081
1.88792
1.89312
1.8968
1.90003
1.90423
1.91047
1.91901
1.92913
1.93965
1.94944
1.95775
1.96429
1.96903
1.97209
1.97365
1.9739
1.97301
1.97114
1.96844
1.9651
1.96131
1.95728
1.95322
1.9493
1.94561
1.94212
1.93873
1.93527
1.93158
1.92756
1.9232
1.9186
1.91393
1.90946
1.90547
1.90233
1.90037
1.89981
1.90069
1.90276
1.90552
1.90832
1.91058
1.91188
1.91208
1.91129
1.90987
1.90831
1.90717
1.90693
1.90791
1.9102
1.91365
1.9179
1.92256
1.92722
1.93157
1.93542
1.93868
1.94134
1.94343
1.94499
1.94608
1.94672
1.94693
1.94668
1.94596
1.9447
1.94286
1.94041
1.93734
1.93367
1.92952
1.92504
1.92047
1.91606
1.91208
1.9088
1.90643
1.90513
1.90499
1.90601
1.9081
1.91106
1.91461
1.91844
1.92223
1.9257
1.92861
1.93081
1.93216
1.93262
1.93217
1.93084
1.92871
1.9259
1.92259
1.91899
1.91535
1.91191
1.90884
1.90623
1.90404
1.90216
1.90043
1.89883
1.89747
1.89668
1.89692
1.89855
1.90172
1.90622
1.91156
1.91715
1.92246
1.92712
1.93095
1.93391
1.93605
1.93746
1.93825
1.93851
1.93833
1.93777
1.93687
1.93565
1.93411
1.93223
1.92998
1.92732
1.92424
1.92073
1.91688
1.91282
1.90878
1.90508
1.90206
1.90006
1.89929
1.89983
1.90159
1.90434
1.90776
1.91149
1.91521
1.91863
1.92153
1.92376
1.92528
1.92611
1.92635
1.9262
1.92587
1.92561
1.92566
1.9262
1.92735
1.92914
1.9315
1.9343
1.93737
1.94053
1.9436
1.94647
1.94903
1.95124
1.95309
1.95459
1.95576
1.9566
1.95714
1.95736
1.95726
1.95681
1.95598
1.95473
1.953
1.95075
1.94793
1.94453
1.94056
1.93612
1.93146
1.92694
1.92309
1.92043
1.91938
1.92005
1.92219
1.92527
1.92859
1.93148
1.9334
1.93399
1.93312
1.9309
1.92771
1.9242
1.92117
1.91938
1.91932
1.92108
1.92434
1.9286
1.93337
1.93829
1.94313
1.94777
1.95212
1.95609
1.95964
1.96275
1.96541
1.96766
1.96954
1.97107
1.97227
1.97314
1.97364
1.97372
1.97334
1.97245
1.971
1.96895
1.9663
1.963
1.95903
1.95434
1.94887
1.94261
1.9356
1.92808
1.92047
1.91335
1.90734
1.90289
1.90005
1.89852
1.89771
1.89703
1.89608
1.89479
1.89343
1.8925
1.89253
1.89391
1.89677
1.90099
1.90623
1.91207
1.91801
1.92358
1.92837
1.93202
1.93433
1.93518
1.93459
1.93273
1.92993
1.92669
1.92362
1.92132
1.92019
1.92022
1.9209
1.92135
1.92039
1.91681
1.90951
1.89793
1.88274
1.86665
1.85436
1.85039
1.85593
1.86789
1.88155
1.89349
1.90245
1.90871
1.91311
1.91647
1.91939
1.92216
1.92489
1.92753
1.93001
1.93225
1.9342
1.93584
1.93717
1.93822
1.939
1.93956
1.93991
1.94006
1.94005
1.93988
1.93959
1.93918
1.93867
1.93807
1.93737
1.93654
1.93555
1.93433
1.93283
1.93103
1.92892
1.92658
1.92414
1.9218
1.9198
1.91837
1.91768
1.91783
1.91885
1.92074
1.92351
1.9271
1.93134
1.93588
1.94027
1.94404
1.94685
1.94858
1.94934
1.9495
1.94953
1.94987
1.95085
1.95254
1.95477
1.95722
1.95952
1.96132
1.96241
1.96271
1.96226
1.9612
1.95974
1.95814
1.95668
1.95562
1.95517
1.95547
1.95656
1.95836
1.96071
1.96342
1.96625
1.969
1.97152
1.97371
1.97549
1.97687
1.97786
1.97852
1.97889
1.97907
1.97913
1.97915
1.97923
1.97943
1.97979
1.98034
1.98106
1.98188
1.9827
1.98335
1.98365
1.98337
1.98226
1.98009
1.97669
1.97196
1.96592
1.95869
1.95041
1.94117
1.93094
1.91973
1.90777
1.89575
1.88495
1.87688
1.87281
1.87321
1.87762
1.88489
1.8936
1.9025
1.91064
1.91751
1.92298
1.92724
1.9307
1.9338
1.93688
1.94004
1.94312
1.94581
1.94772
1.94857
1.94822
1.94671
1.94425
1.94118
1.93793
1.93492
1.93254
1.93105
1.93054
1.931
1.93223
1.93401
1.93604
1.93809
1.93996
1.94151
1.94267
1.94342
1.94377
1.94375
1.94341
1.9428
1.94198
1.941
1.93989
1.93869
1.93743
1.93612
1.93479
1.93344
1.93209
1.93075
1.92943
1.92815
1.92688
1.92553
1.92397
1.92199
1.91937
1.9159
1.91155
1.90659
1.90167
1.89779
1.89603
1.8971
1.90101
1.90701
1.91402
1.92099
1.92721
1.93236
1.93639
1.9394
1.94159
1.94315
1.94424
1.94501
1.94554
1.94588
1.94607
1.9461
1.94596
1.94567
1.94531
1.94501
1.94503
1.94565
1.94715
1.94971
1.9533
1.9577
1.96252
1.96725
1.97139
1.97443
1.97589
1.9753
1.97221
1.96633
1.95772
1.94721
1.93657
1.92828
1.92434
1.92512
1.92904
1.93364
1.93701
1.93839
1.93814
1.93722
1.93673
1.93744
1.93966
1.94322
1.94766
1.95251
1.95735
1.96193
1.96609
1.96976
1.9729
1.97551
1.97757
1.97905
