-0.429292
-0.429292
-0.429294
-0.429296
-0.429299
-0.429302
-0.429307
-0.429312
-0.429318
-0.429325
-0.429333
-0.429342
-0.429351
-0.429361
-0.429372
-0.429384
-0.429397
-0.42941
-0.429425
-0.42944
-0.429456
-0.429472
-0.42949
-0.429509
-0.429528
-0.429548
-0.429569
-0.429591
-0.429613
-0.429637
-0.429661
-0.429686
-0.429712
-0.429738
-0.429766
-0.429794
-0.429824
-0.429854
-0.429884
-0.429916
-0.429949
-0.429982
-0.430016
-0.430051
-0.430087
-0.430124
-0.430161
-0.4302
-0.430239
-0.430279
-0.43032
-0.430362
-0.430404
-0.430448
-0.430492
-0.430537
-0.430583
-0.43063
-0.430678
-0.430726
-0.430775
-0.430826
-0.430877
-0.430929
-0.430981
-0.431035
-0.431089
-0.431145
-0.431201
-0.431258
-0.431316
-0.431374
-0.431434
-0.431495
-0.431556
-0.431618
-0.431681
-0.431745
-0.43181
-0.431875
-0.431942
-0.432009
-0.432077
-0.432146
-0.432216
-0.432287
-0.432359
-0.432431
-0.432505
-0.432579
-0.432654
-0.43273
-0.432807
-0.432885
-0.432964
-0.433043
-0.433124
-0.433205
-0.433287
-0.433371
-0.433455
-0.43354
-0.433625
-0.433712
-0.4338
-0.433888
-0.433977
-0.434068
-0.434159
-0.434251
-0.434344
-0.434437
-0.434532
-0.434628
-0.434724
-0.434822
-0.43492
-0.435019
-0.43512
-0.435221
-0.435323
-0.435426
-0.435529
-0.435634
-0.43574
-0.435846
-0.435954
-0.436062
-0.436171
-0.436282
-0.436393
-0.436505
-0.436618
-0.436732
-0.436847
-0.436963
-0.437079
-0.437197
-0.437316
-0.437435
-0.43762
-0.437741
-0.437864
-0.43802
-0.438176
-0.438334
-0.438492
-0.43862
-0.438748
-0.43891
-0.439072
-0.439268
-0.439401
-0.439534
-0.439669
-0.439804
-0.439973
-0.440142
-0.440313
-0.440453
-0.440625
-0.440767
-0.44091
-0.441053
-0.441198
-0.441407
-0.441586
-0.441766
-0.441915
-0.442161
-0.442312
-0.442464
-0.442649
-0.442835
-0.443022
-0.443178
-0.443335
-0.443493
-0.443684
-0.443909
-0.44407
-0.444264
-0.444492
-0.444721
-0.444886
-0.445085
-0.445317
-0.445486
-0.445656
-0.445859
-0.446031
-0.446269
-0.446475
-0.44665
-0.446859
-0.447101
-0.447343
-0.447555
-0.447736
-0.447982
-0.44823
-0.448478
-0.448696
-0.448914
-0.449166
-0.449387
-0.449609
-0.449801
-0.450057
-0.450251
-0.450477
-0.450705
-0.450934
-0.451164
-0.451395
-0.451595
-0.451828
-0.452063
-0.452331
-0.452536
-0.452741
-0.452949
-0.453189
-0.453398
-0.453609
-0.45382
-0.454065
-0.454279
-0.454526
-0.454806
-0.455119
-0.45537
-0.455622
-0.455939
-0.456225
-0.456481
-0.456738
-0.456996
-0.457223
-0.457611
-0.457841
-0.458136
-0.4584
-0.458729
-0.458996
-0.459231
-0.459468
-0.459771
-0.460074
-0.460315
-0.460557
-0.460832
-0.461108
-0.461354
-0.461632
-0.461944
-0.462258
-0.462572
-0.462856
-0.463109
-0.463364
-0.463683
-0.463972
-0.464262
-0.464554
-0.464814
-0.465108
-0.465371
-0.465668
-0.465966
-0.466265
-0.466565
-0.466931
-0.467233
-0.467538
-0.467907
-0.468182
-0.468491
-0.468768
-0.469079
-0.469359
-0.469768
-0.470115
-0.470464
-0.470749
-0.471068
-0.47142
-0.47171
-0.472065
-0.472357
-0.472683
-0.472978
-0.47337
-0.4737
-0.473999
-0.474395
-0.474729
-0.475096
-0.475465
-0.475835
-0.476207
-0.476515
-0.476826
-0.477137
-0.477482
-0.477829
-0.478176
-0.478494
-0.478812
-0.479132
-0.479454
-0.47984
-0.480165
-0.480522
-0.480849
-0.48121
-0.481572
-0.481935
-0.482268
-0.482666
-0.483002
-0.483371
-0.483741
-0.484081
-0.484423
-0.48483
-0.485174
-0.48552
-0.485868
-0.486249
-0.486599
-0.486951
-0.487336
-0.487723
-0.488143
-0.488565
-0.488957
-0.489414
-0.489808
-0.490204
-0.490634
-0.491001
-0.49137
-0.491772
-0.492176
-0.492549
-0.492924
-0.493301
-0.493711
-0.49409
-0.494472
-0.494886
-0.49527
-0.495656
-0.496076
-0.496465
-0.496855
-0.497312
-0.49777
-0.498197
-0.498594
-0.498993
-0.499393
-0.499827
-0.500295
-0.5007
-0.501139
-0.50158
-0.502054
-0.502466
-0.50288
-0.503359
-0.503808
-0.504259
-0.504711
-0.505166
-0.50559
-0.506015
-0.506506
-0.506967
-0.50743
-0.507894
-0.508329
-0.508765
-0.509234
-0.509674
-0.510115
-0.510653
-0.511098
-0.511545
-0.512025
-0.512539
-0.51299
-0.513476
-0.513931
-0.51442
-0.514879
-0.515372
-0.515867
-0.516331
-0.516861
-0.517329
-0.517831
-0.518335
-0.518872
-0.51938
-0.519857
-0.520336
-0.520849
-0.521332
-0.521817
-0.522336
-0.522824
-0.523347
-0.523903
-0.524397
-0.524893
-0.525424
-0.525892
-0.526426
-0.52693
-0.527436
-0.527944
-0.528517
-0.529125
-0.529703
-0.530219
-0.530769
-0.531321
-0.531875
-0.532431
-0.532989
-0.533677
-0.53424
-0.534772
-0.53537
-0.535906
-0.536445
-0.536985
-0.537559
-0.538136
-0.538715
-0.539263
-0.53991
-0.540495
-0.541082
-0.541608
-0.542167
-0.542728
-0.543324
-0.543922
-0.544458
-0.545028
-0.545632
-0.546207
-0.546783
-0.547394
-0.548007
-0.548654
-0.54924
-0.54986
-0.550418
-0.551042
-0.551636
-0.552233
-0.552832
-0.553433
-0.554037
-0.554707
-0.555347
-0.555957
-0.556634
-0.557249
-0.557866
-0.558486
-0.55914
-0.559764
-0.560391
-0.561052
-0.561715
-0.562349
-0.563017
-0.563656
-0.564328
-0.564972
-0.565649
-0.566266
-0.566916
-0.567601
-0.568257
-0.568915
-0.569575
-0.570206
-0.570903
-0.571571
-0.572241
-0.572914
-0.573653
-0.574331
-0.575012
-0.575726
-0.576412
-0.5771
-0.57779
-0.578451
-0.579147
-0.579845
-0.580546
-0.58125
-0.581988
-0.582664
-0.583408
-0.584122
-0.584902
-0.585654
-0.586408
-0.587164
-0.58786
-0.588686
-0.589355
-0.590091
-0.590861
-0.591602
-0.59241
-0.593189
-0.593938
-0.594691
-0.595446
-0.596203
-0.597028
-0.597791
-0.59859
-0.599327
-0.600131
-0.600874
-0.601651
-0.602432
-0.603248
-0.604034
-0.604823
-0.605616
-0.606379
-0.607177
-0.607978
-0.60875
-0.609558
-0.6104
-0.611245
-0.612061
-0.61288
-0.613702
-0.614528
-0.615356
-0.616155
-0.617054
-0.617891
-0.618732
-0.619608
-0.620455
-0.621305
-0.622158
-0.623015
-0.623874
-0.624737
-0.625603
-0.626472
-0.627376
-0.628252
-0.629163
-0.630109
-0.630963
-0.631819
-0.632679
-0.633575
-0.634474
-0.635376
-0.636249
-0.637158
-0.638102
-0.639018
-0.640001
-0.640923
-0.641849
-0.642778
-0.643711
-0.644647
-0.645619
-0.646562
-0.647508
-0.648426
-0.64938
-0.650337
-0.651298
-0.652262
-0.653262
-0.654298
-0.655273
-0.656252
-0.657202
-0.65822
-0.65921
-0.660204
-0.661201
-0.662202
-0.663207
-0.664215
-0.665227
-0.666243
-0.667263
-0.66835
-0.669377
-0.67044
-0.671475
-0.672546
-0.673589
-0.674667
-0.675718
-0.676772
-0.677831
-0.678893
-0.679959
-0.681029
-0.682135
-0.683245
-0.684391
-0.685477
-0.686568
-0.687662
-0.68876
-0.689863
-0.690969
-0.692048
-0.693163
-0.694282
-0.695437
-0.696564
-0.697728
-0.698864
-0.700004
-0.701148
-0.702296
-0.703449
-0.704606
-0.705768
-0.706934
-0.708072
-0.709246
-0.710425
-0.711609
-0.712797
-0.713989
-0.71525
-0.716451
-0.717656
-0.718867
-0.720081
-0.721333
-0.722557
-0.723785
-0.72505
-0.726384
-0.727626
-0.728873
-0.730125
-0.731381
-0.732642
-0.733908
-0.73521
-0.736486
-0.737798
-0.739114
-0.740404
-0.74173
-0.743062
-0.744334
-0.745643
-0.746957
-0.748307
-0.749663
-0.750992
-0.752325
-0.753664
-0.755039
-0.756388
-0.757742
-0.759132
-0.760496
-0.761833
-0.763207
-0.764586
-0.765906
-0.767295
-0.76869
-0.77009
-0.771495
-0.772905
-0.77432
-0.77574
-0.777166
-0.778597
-0.780066
-0.781507
-0.782954
-0.784407
-0.785897
-0.787392
-0.78886
-0.790366
-0.791846
-0.793331
-0.794821
-0.796317
-0.797818
-0.799325
-0.800869
-0.802419
-0.803974
-0.805471
-0.807037
-0.808577
-0.810123
-0.811642
-0.813199
-0.814762
-0.81633
-0.817904
-0.819483
-0.821068
-0.822627
-0.824224
-0.825826
-0.827434
-0.829048
-0.8307
-0.832325
-0.833956
-0.835593
-0.837235
-0.838883
-0.840537
-0.842197
-0.843863
-0.845535
-0.847212
-0.848927
-0.850616
-0.852343
-0.854043
-0.855749
-0.857462
-0.859179
-0.860903
-0.862633
-0.864368
-0.866109
-0.867856
-0.869576
-0.871335
-0.873099
-0.874837
-0.876644
-0.878426
-0.880213
-0.881974
-0.883772
-0.885577
-0.887418
-0.889234
-0.891055
-0.892882
-0.894714
-0.896584
-0.898427
-0.900276
-0.902131
-0.90399
-0.905855
-0.907726
-0.909602
-0.911515
-0.913466
-0.915389
-0.917286
-0.919188
-0.921096
-0.923008
-0.924925
-0.926847
-0.928774
-0.930706
-0.93261
-0.934552
-0.936498
-0.93848
-0.940435
-0.942394
-0.944358
-0.946358
-0.94833
-0.950306
-0.952286
-0.95427
-0.956225
-0.958217
-0.960211
-0.962242
-0.964243
-0.966248
-0.968288
-0.970299
-0.972312
-0.974329
-0.976347
-0.978368
-0.980392
-0.982449
-0.984476
-0.986537
-0.988567
-0.990599
-0.992632
-0.994666
-0.9967
-0.998767
-1.00083
-1.00287
-1.0049
-1.00697
-1.00907
-1.0111
-1.01313
-1.01516
-1.01719
-1.01922
-1.02127
-1.02329
-1.02534
-1.02736
-1.02937
-1.03137
-1.03338
-1.03537
-1.03733
-1.03932
-1.0413
-1.0433
-1.04527
-1.04722
-1.04924
-1.05118
-1.05311
-1.05506
-1.05698
-1.05888
-1.06077
-1.06258
-1.06448
-1.06633
-1.06813
-1.06998
-1.07179
-1.07358
-1.07535
-1.07711
-1.07888
-1.08063
-1.08235
-1.08403
-1.08568
-1.08731
-1.08892
-1.0905
-1.09205
-1.09357
-1.09507
-1.09657
-1.09801
-1.09944
-1.10081
-1.10215
-1.10341
-1.10468
-1.1059
-1.10708
-1.10822
-1.10928
-1.11033
-1.11134
-1.11233
-1.11323
-1.11408
-1.11488
-1.11565
-1.11633
-1.11699
-1.11755
-1.11808
-1.11851
-1.11886
-1.11915
-1.11937
-1.1195
-1.11959
-1.11957
-1.11946
-1.11926
-1.11897
-1.11866
-1.11818
-1.1176
-1.11692
-1.11614
-1.11524
-1.11423
-1.1131
-1.11186
-1.11049
-1.10902
-1.10739
-1.10565
-1.10374
-1.10169
-1.09949
-1.09714
-1.09462
-1.09195
-1.08914
-1.08612
-1.08293
-1.07956
-1.076
-1.07225
-1.06836
-1.06417
-1.05981
-1.05524
-1.0505
-1.04552
-1.0403
-1.03481
-1.02911
-1.02313
-1.0169
-1.01041
-1.00365
-0.996713
-0.989436
-0.981908
-0.974026
-0.965849
-0.95737
-0.948585
-0.939487
-0.930071
-0.920364
-0.910297
-0.899896
-0.889158
-0.878109
-0.866682
-0.854903
-0.842771
-0.830249
-0.817399
-0.804187
-0.790705
-0.77673
-0.76242
-0.747711
-0.732666
-0.717256
-0.70145
-0.685314
-0.668851
-0.652003
-0.634805
-0.617264
-0.599388
-0.581183
-0.562659
-0.543827
-0.524698
-0.505284
-0.485601
-0.465662
-0.445485
-0.425119
-0.404521
-0.383742
-0.36287
-0.341799
-0.320587
-0.299325
-0.277976
-0.256635
-0.235298
-0.214
-0.192838
-0.171718
-0.15074
-0.129941
-0.10936
-0.0893456
-0.0696386
-0.0503432
-0.0313401
-0.0127986
0.00530396
0.0227979
0.0398016
0.0562099
0.0719816
0.0870442
0.101422
0.115076
0.127905
0.139904
0.151037
0.161305
0.17061
0.178955
0.18628
0.192593
0.197903
0.202156
0.205368
0.207459
0.208417
0.208298
0.207062
0.204708
0.201234
0.196644
0.190944
0.184142
0.17625
0.167284
0.157196
0.146199
0.134123
0.121059
0.107032
0.0920739
0.0762152
0.0595216
0.0419644
0.0236122
0.004503
-0.0153241
-0.0358292
-0.0569714
-0.0787093
-0.101001
-0.123805
-0.147143
-0.170813
-0.194934
-0.219367
-0.244104
-0.269106
-0.294332
-0.319744
-0.345305
-0.370977
-0.396727
-0.422519
-0.448321
-0.474133
-0.499893
-0.52554
-0.551078
-0.576482
-0.601727
-0.626789
-0.651711
-0.676344
-0.700702
-0.724894
-0.748712
-0.772301
-0.795552
-0.818483
-0.841083
-0.863342
-0.885283
-0.906833
-0.927986
-0.948799
-0.969236
-0.98929
-1.00896
-1.02824
-1.04714
-1.06564
-1.08375
-1.10143
-1.11879
-1.13573
-1.15231
-1.16847
-1.18424
-1.19967
-1.21468
-1.22932
-1.24359
-1.25749
-1.27099
-1.28416
-1.29698
-1.30948
-1.32161
-1.33339
-1.3448
-1.35586
-1.36664
-1.37715
-1.3873
-1.39714
-1.40665
-1.41588
-1.42483
-1.43348
-1.44185
-1.44997
-1.45778
-1.46532
-1.4726
-1.47965
-1.48641
-1.49289
-1.49916
-1.50518
-1.51097
-1.51652
-1.52184
-1.52694
-1.53185
-1.53654
-1.54098
-1.54518
-1.54921
-1.55304
-1.55669
-1.56012
-1.56339
-1.56643
-1.56929
-1.57196
-1.57448
-1.57679
-1.57896
-1.58091
-1.58267
-1.58428
-1.5857
-1.58698
-1.58809
-1.58905
-1.58984
-1.59047
-1.59098
-1.5913
-1.59146
-1.5915
-1.59139
-1.59109
-1.59068
-1.59008
-1.58933
-1.5884
-1.58733
-1.58617
-1.58483
-1.58335
-1.58171
-1.57994
-1.57801
-1.57594
-1.57372
-1.57136
-1.56885
-1.56622
-1.56338
-1.56046
-1.55739
-1.55424
-1.55084
-1.54728
-1.54358
-1.53973
-1.53578
-1.53162
-1.5273
-1.52283
-1.51823
-1.51344
-1.50849
-1.50341
-1.49817
-1.49273
-1.48712
-1.48138
-1.47543
-1.46932
-1.463
-1.4565
-1.44986
-1.44301
-1.43605
-1.42887
-1.42147
-1.41391
-1.40611
-1.39817
-1.39005
-1.38172
-1.3732
-1.36449
-1.35553
-1.34641
-1.33707
-1.3275
-1.31775
-1.30778
-1.29757
-1.28718
-1.27656
-1.26572
-1.25466
-1.24337
-1.23186
-1.22012
-1.20817
-1.19593
-1.18349
-1.17081
-1.1579
-1.14475
-1.13135
-1.11772
-1.10387
-1.08976
-1.07539
-1.06079
-1.04594
-1.03081
-1.01544
-0.999857
-0.98403
-0.967959
-0.951679
-0.935124
-0.91833
-0.901265
-0.883963
-0.866427
-0.84869
-0.830722
-0.812528
-0.794173
-0.775502
-0.756678
-0.737608
-0.71833
-0.698815
-0.679101
-0.659192
-0.639159
-0.618879
-0.598454
-0.577859
-0.5571
-0.536185
-0.51512
-0.493882
-0.472606
-0.451142
-0.42956
-0.407903
-0.386082
-0.364205
-0.342215
-0.320252
-0.298133
-0.275964
-0.253788
-0.231584
-0.209362
-0.187134
-0.16491
-0.142734
-0.120553
-0.0984116
-0.07632
-0.0542582
-0.032302
-0.0104309
0.0113754
0.0330415
0.0545556
0.0759703
0.0972423
0.118392
0.139377
0.160153
0.180742
0.201134
0.221349
0.241313
0.261049
0.280546
0.299795
0.318786
0.33751
0.35596
0.374157
0.391965
0.409538
0.426834
0.443783
0.46041
0.476708
0.492703
0.508324
0.523629
0.538549
0.553111
0.56731
0.581141
0.5946
0.607714
0.620416
0.632766
0.644696
0.656204
0.667319
0.678037
0.688389
0.698307
0.707919
0.717062
0.725765
0.734061
0.741947
0.749485
0.75658
0.763325
0.769625
0.775478
0.780884
0.785939
0.790545
0.794736
0.798512
0.801903
0.804848
0.807378
0.809495
0.811198
0.81249
0.813307
0.81378
0.813845
0.813505
0.812762
0.81165
0.810141
0.808173
0.80591
0.803195
0.800097
0.796619
0.792766
0.788544
0.783957
0.779011
0.773681
0.768037
0.762053
0.755737
0.749096
0.742139
0.734873
0.727276
0.71942
0.711283
0.702874
0.694204
0.685283
0.676089
0.666667
0.657058
0.647243
0.637201
0.627009
0.616614
0.606062
0.595396
0.584597
0.573679
0.562685
0.551566
0.540397
0.529129
0.517806
0.506441
0.495046
0.483604
0.47219
0.460817
0.449465
0.438115
0.426843
0.415565
0.404388
0.393324
0.38232
0.371418
0.36063
0.349965
0.339433
0.329044
0.318807
0.30873
0.298791
0.289062
0.279517
0.270164
0.261042
0.252125
0.243388
0.234869
0.226571
0.2185
0.210629
0.203024
0.195627
0.188503
0.181623
0.174958
0.168573
0.16247
0.156585
0.150951
0.145568
0.140404
0.135489
0.130856
0.126469
0.122327
0.118429
0.11477
0.111348
0.10816
0.105201
0.102468
0.099955
0.0976259
0.0955393
0.0936896
0.0920068
0.0905167
0.0892128
0.0880883
0.0871359
0.0863164
0.085686
0.0852049
0.0848648
0.0846575
0.0845744
0.0846066
0.0847772
0.0850131
0.085369
0.0857396
0.0862111
0.0867421
0.0873227
0.0879431
0.0886256
0.0893281
0.0900087
0.0907216
0.0913928
0.0920764
0.0926667
0.0932179
0.0937522
0.0942283
0.0946366
0.095
0.0952454
0.0953958
0.0954747
0.0954094
0.0952557
0.0949098
0.0944919
0.0939307
0.093123
0.0922222
0.0911578
0.089924
0.0885149
0.0869254
0.0851504
0.0831857
0.081059
0.0786707
0.0761777
0.073417
0.0704184
0.0672441
0.0638926
0.060299
0.0564948
0.0525118
0.0482546
0.0438518
0.0392088
0.0343593
0.0292734
0.0240176
0.0185631
0.012913
0.00707107
0.0010415
-0.00517129
-0.0115625
-0.0181911
-0.0249237
-0.0318186
-0.0388698
-0.046071
-0.053416
-0.0608979
-0.0685421
-0.0763417
-0.0842256
-0.0922185
-0.100185
-0.108342
-0.116587
-0.124879
-0.133275
-0.141736
-0.150255
-0.158857
-0.167437
-0.176086
-0.184765
-0.193466
-0.202183
-0.210942
-0.219673
-0.228401
-0.237154
-0.245829
-0.254517
-0.263181
-0.271817
-0.280453
-0.289019
-0.297449
-0.305995
-0.314429
-0.322813
-0.331144
-0.33942
-0.34767
-0.355829
-0.363927
-0.371964
-0.379938
-0.387817
-0.395632
-0.403479
-0.411199
-0.418823
-0.426447
-0.434042
-0.441576
-0.448953
-0.456335
-0.463628
-0.470896
-0.478078
-0.485207
-0.492285
-0.499314
-0.50636
-0.513264
-0.520157
-0.527041
-0.533853
-0.540628
-0.547367
-0.554073
-0.560715
-0.567359
-0.573975
-0.580564
-0.587159
-0.593698
-0.600247
-0.60671
-0.613185
-0.619608
-0.626044
-0.632461
-0.63886
-0.64521
-0.651574
-0.65792
-0.664249
-0.670528
-0.676819
-0.683092
-0.689345
-0.695609
-0.701819
-0.708006
-0.714169
-0.720306
-0.726415
-0.732465
-0.738483
-0.744534
-0.750551
-0.756468
-0.762379
-0.768218
-0.774047
-0.7798
-0.785539
-0.791167
-0.796807
-0.802396
-0.80793
-0.813408
-0.818828
-0.824155
-0.829452
-0.834717
-0.839916
-0.844984
-0.850014
-0.855006
-0.859894
-0.864709
-0.869417
-0.874049
-0.878605
-0.883116
-0.887548
-0.891902
-0.896208
-0.900403
-0.904517
-0.908552
-0.912474
-0.916381
-0.920176
-0.923892
-0.927529
-0.93112
-0.934633
-0.938038
-0.941431
-0.944717
-0.94793
-0.951038
-0.954075
-0.957043
-0.959974
-0.962775
-0.965541
-0.968245
-0.970885
-0.973466
-0.975987
-0.978419
-0.980795
-0.983149
-0.985451
-0.987701
-0.989903
-0.992024
-0.994131
-0.996193
-0.998179
-1.00015
-1.00212
-1.00401
-1.0059
-1.00775
-1.00952
-1.01126
-1.01297
-1.01463
-1.01626
-1.01785
-1.01941
-1.02093
-1.02241
-1.02385
-1.02522
-1.02655
-1.02784
-1.02912
-1.03036
-1.03154
-1.03268
-1.03377
-1.03481
-1.03579
-1.03671
-1.03764
-1.03844
-1.03914
-1.03977
-1.04039
-1.0409
-1.0413
-1.04167
-1.04193
-1.04209
-1.04215
-1.04214
-1.04199
-1.04173
-1.04135
-1.04088
-1.04025
-1.03949
-1.03858
-1.03757
-1.03641
-1.03506
-1.03355
-1.03188
-1.03
-1.02794
-1.02571
-1.02331
-1.02072
-1.01794
-1.01498
-1.01174
-1.00829
-1.00462
-1.00075
-0.996622
-0.992285
-0.987707
-0.982881
-0.977739
-0.972403
-0.966807
-0.960943
-0.954842
-0.94837
-0.941715
-0.934714
-0.927458
-0.919881
-0.912042
-0.903908
-0.895443
-0.886708
-0.877669
-0.868293
-0.85864
-0.848646
-0.838308
-0.827723
-0.816824
-0.805612
-0.794119
-0.782279
-0.770126
-0.757659
-0.744881
-0.73176
-0.71833
-0.704625
-0.690615
-0.676334
-0.661722
-0.646814
-0.631613
-0.616091
-0.600284
-0.58423
-0.567933
-0.551334
-0.53444
-0.517319
-0.499979
-0.482362
-0.464476
-0.446391
-0.428083
-0.409593
-0.390864
-0.371938
-0.352823
-0.333561
-0.314096
-0.29444
-0.274634
-0.254752
-0.234709
-0.21458
-0.194312
-0.173915
-0.153467
-0.132945
-0.112362
-0.0917299
-0.0711242
-0.050429
-0.0297207
-0.00901122
0.0116871
0.032394
0.0530653
0.0736569
0.0941886
0.114648
0.135024
0.155337
0.175478
0.195565
0.215489
0.235273
0.254905
0.274342
0.293639
0.312786
0.331676
0.350398
0.36891
0.387203
0.40527
0.423102
0.440694
0.458006
0.475064
0.491926
0.508492
0.52482
0.540843
0.556588
0.572054
0.587205
0.602103
0.616716
0.631042
0.645081
0.658833
0.672301
0.68542
0.698321
0.71091
0.723256
0.73536
0.747196
0.758736
0.769986
0.781014
0.791828
0.802401
0.812741
0.822791
0.832686
0.84234
0.851793
0.861052
0.870097
0.878999
0.887738
0.89629
0.904698
0.913005
0.921189
0.92926
0.937229
0.945075
0.952874
0.960603
0.968242
0.975834
0.983421
0.990982
0.998528
1.00607
1.01365
1.02121
1.02877
1.03639
1.04409
1.0518
1.05959
1.06744
1.07536
1.08338
1.09148
1.09968
1.10799
1.11637
1.1249
1.13355
1.14232
1.15121
1.16024
1.16935
1.17867
1.18804
1.19758
1.20725
1.21701
1.22692
1.23696
1.24711
1.25737
1.2677
1.27817
1.28872
1.29929
1.31
1.32074
1.33157
1.3424
1.35327
1.36418
1.3751
1.38601
1.3969
1.40777
1.41854
1.42926
1.43996
1.45049
1.4609
1.47118
1.48129
1.49127
1.50102
1.51057
1.51989
1.52896
1.53773
1.54626
1.55446
1.56237
1.56996
1.57719
1.58409
1.59058
1.59668
1.60237
1.60764
1.61251
1.6169
1.6208
1.62423
1.62722
1.62973
1.63175
1.63327
1.63432
1.63483
1.63486
1.63434
1.63332
1.63178
1.62975
1.62718
1.62408
1.62049
1.61644
1.61186
1.60679
1.60123
1.5952
1.58869
1.58173
1.57435
1.5665
1.55822
1.54948
1.54037
1.53084
1.52095
1.51072
1.50013
1.48916
1.47793
1.4663
1.45434
1.44212
1.43019
1.41787
1.40528
1.39238
1.37916
1.36567
1.35195
1.33795
1.32371
1.30927
1.29459
1.27977
1.26469
1.24944
1.23401
1.21842
1.20266
1.18678
1.17078
1.15463
1.1384
1.12211
1.10572
1.08922
1.07265
1.05602
1.03933
1.02259
1.00585
0.989038
0.972174
0.955325
0.938467
0.921543
0.90472
0.887813
0.870989
0.854222
0.837488
0.82076
0.804076
0.787445
0.770838
0.754327
0.737854
0.721489
0.705237
0.689073
0.67297
0.656967
0.641068
0.625281
0.609577
0.594028
0.578606
0.563317
0.548166
0.53316
0.518302
0.503567
0.488991
0.474613
0.460404
0.446369
0.432547
0.418876
0.405395
0.392043
0.378953
0.366033
0.353318
0.340846
0.328587
0.316545
0.304724
0.293125
0.281753
0.270578
0.259666
0.248986
0.238541
0.228396
0.218391
0.208656
0.199191
0.189899
0.180909
0.172123
0.16354
0.155222
0.147134
0.139308
0.131706
0.124294
0.117067
0.110052
0.103277
0.0967035
0.0902935
0.084104
0.0780959
0.0722611
0.0665914
0.0610776
0.0557424
0.0505116
0.0454068
0.0404487
0.0355297
0.0307339
0.0260165
0.0213646
0.0167645
0.0121704
0.00763192
0.0031023
-0.00143353
-0.00599097
-0.0105537
-0.0151698
-0.0199193
-0.0246906
-0.0295963
-0.0346208
-0.0397808
-0.045093
-0.0505739
-0.05624
-0.0621078
-0.0682254
-0.0745445
-0.0811449
-0.0879778
-0.0950898
-0.102431
-0.110144
-0.118146
-0.126512
-0.135223
-0.144291
-0.153724
-0.163533
-0.173727
-0.184313
-0.195297
-0.206685
-0.218418
-0.230596
-0.24322
-0.256261
-0.269717
-0.283588
-0.297904
-0.312629
-0.327726
-0.343223
-0.35911
-0.375382
-0.391995
-0.408972
-0.426333
-0.444032
-0.462057
-0.480393
-0.49899
-0.517898
-0.537065
-0.556441
-0.576038
-0.595869
-0.615881
-0.636051
-0.656389
-0.676809
-0.697351
-0.717959
-0.738576
-0.759179
-0.779838
-0.800431
-0.820934
-0.841385
-0.861725
-0.881929
-0.901972
-0.921827
-0.941468
-0.96087
-0.980008
-0.998919
-1.01742
-1.03564
-1.05353
-1.07097
-1.088
-1.10458
-1.12067
-1.13632
-1.15145
-1.16606
-1.18011
-1.19363
-1.20651
-1.21879
-1.2304
-1.24139
-1.2517
-1.26129
-1.27021
-1.27843
-1.28588
-1.29259
-1.29851
-1.30363
-1.30788
-1.31138
-1.31405
-1.31593
-1.31691
-1.31704
-1.31624
-1.31459
-1.31202
-1.30858
-1.30423
-1.29898
-1.29282
-1.28574
-1.27775
-1.26888
-1.25906
-1.24831
-1.23668
-1.22416
-1.21079
-1.19651
-1.18139
-1.1654
-1.14854
-1.13096
-1.11262
-1.09345
-1.07351
-1.05288
-1.03151
-1.00955
-0.986911
-0.963728
-0.939979
-0.91577
-0.891085
-0.865939
-0.840577
-0.814859
-0.788938
-0.762903
-0.736686
-0.710415
-0.684151
-0.657961
-0.63191
-0.606035
-0.580467
-0.555211
-0.530399
-0.506037
-0.482255
-0.45909
-0.43664
-0.414872
-0.393945
-0.373886
-0.354755
-0.336603
-0.319451
-0.303442
-0.288522
-0.274794
-0.262228
-0.250853
-0.240758
-0.231929
-0.224411
-0.21815
-0.213178
-0.209493
-0.207119
-0.205945
-0.205951
-0.207339
-0.209884
-0.21349
-0.218278
-0.224171
-0.231026
-0.23889
-0.247675
-0.257325
-0.26778
-0.278978
-0.290824
-0.303317
-0.316359
-0.329851
-0.343791
-0.358113
-0.372686
-0.387478
-0.402423
-0.41746
-0.432496
-0.447503
-0.462456
-0.477302
-0.491924
-0.506305
-0.520398
-0.534161
-0.547552
-0.560534
-0.573074
-0.585139
-0.596702
-0.607771
-0.618291
-0.628212
-0.637582
-0.646326
-0.654464
-0.66199
-0.668932
-0.675256
-0.680931
-0.685991
-0.690442
-0.694228
-0.697454
-0.700131
-0.702239
-0.703761
-0.704809
-0.705304
-0.705263
-0.70477
-0.703813
-0.702412
-0.700588
-0.698363
-0.695758
-0.692796
-0.689467
-0.685856
-0.681985
-0.677812
-0.673389
-0.668737
-0.663877
-0.658827
-0.653606
-0.648231
-0.64272
-0.63712
-0.631381
-0.625551
-0.619642
-0.613632
-0.607597
-0.601546
-0.595423
-0.5893
-0.583117
-0.576945
-0.570723
-0.564452
-0.5582
-0.551935
-0.545624
-0.539329
-0.53305
-0.52672
-0.520397
-0.514048
-0.507666
-0.501278
-0.494783
-0.488238
-0.481637
-0.474973
-0.468239
-0.461428
-0.454534
-0.447517
-0.44037
-0.433151
-0.425853
-0.418437
-0.410866
-0.403167
-0.395365
-0.387393
-0.379309
-0.371079
-0.362699
-0.354166
-0.345511
-0.336668
-0.327636
-0.318478
-0.309164
-0.299694
-0.29007
-0.280294
-0.270369
-0.260298
-0.250116
-0.239765
-0.229314
-0.218703
-0.20797
-0.197122
-0.186166
-0.175108
-0.163955
-0.152716
-0.141366
-0.129977
-0.118557
-0.106987
-0.0954663
-0.0838767
-0.0723222
-0.0606512
-0.0490003
-0.0373777
-0.0257278
-0.0140587
-0.00244244
0.00914534
0.020697
0.0322054
0.0436633
0.0550641
0.0664012
0.0776687
0.0888927
0.100068
0.111093
0.121964
0.132803
0.143608
0.154247
0.16478
0.175237
0.185551
0.195753
0.20584
0.215811
0.225666
0.235371
0.244958
0.254459
0.263842
0.273139
0.282287
0.291318
0.300233
0.309034
0.31772
0.326294
0.334756
0.343139
0.351412
0.359545
0.367569
0.375518
0.383327
0.39103
0.398627
0.406084
0.413497
0.42077
0.427934
0.434953
0.441892
0.448714
0.455418
0.461968
0.468456
0.474781
0.481005
0.486992
0.492898
0.498684
0.504281
0.509712
0.51494
0.520019
0.524943
0.529638
0.534159
0.538434
0.542454
0.54624
0.549815
0.553138
0.556198
0.558985
0.561553
0.563732
0.56564
0.567236
0.568509
0.569451
0.570052
0.570303
0.570196
0.569755
0.56894
0.567743
0.566127
0.564117
0.561706
0.558859
0.555635
0.551998
0.547944
0.543504
0.538612
0.533298
0.527563
0.521405
0.514795
0.507862
0.500448
0.492589
0.484383
0.475739
0.466693
0.457284
0.447452
0.437238
0.426646
0.415685
0.404394
0.392719
0.380698
0.368341
0.355657
0.342655
0.329345
0.315705
0.301775
0.287599
0.273154
0.258449
0.243559
0.228365
0.212974
0.19733
0.181476
0.16542
0.149203
0.132771
0.116164
0.0993896
0.0824565
0.0653723
0.0481443
0.0307796
0.0132849
-0.00433334
-0.0220691
-0.0398845
-0.0578064
-0.0758936
-0.0940452
-0.112289
-0.13062
-0.149035
-0.167531
-0.186071
-0.204717
-0.223433
-0.242185
-0.261065
-0.279977
-0.298948
-0.318008
-0.337091
-0.356227
-0.375412
-0.394645
-0.413987
-0.433371
-0.45273
-0.472158
-0.491618
-0.511075
-0.530558
-0.550062
-0.569584
-0.589118
-0.60866
-0.628204
-0.647777
-0.667308
-0.686856
-0.706349
-0.725812
-0.745239
-0.76462
-0.78398
-0.803214
-0.82241
-0.841493
-0.860518
-0.879444
-0.898261
-0.916957
-0.93549
-0.953913
-0.972184
-0.99029
-1.00819
-1.02596
-1.04351
-1.06088
-1.07799
-1.09487
-1.11151
-1.12788
-1.144
-1.15979
-1.17534
-1.19055
-1.20551
-1.22008
-1.23436
-1.24826
-1.26188
-1.2751
-1.28796
-1.30047
-1.31256
-1.32426
-1.33557
-1.3465
-1.35696
-1.36706
-1.37668
-1.38591
-1.39471
-1.40307
-1.41101
-1.4185
-1.42556
-1.43212
-1.43831
-1.44406
-1.44934
-1.45422
-1.4587
-1.46272
-1.46635
-1.46952
-1.47231
-1.47466
-1.47658
-1.47809
-1.47925
-1.48002
-1.48046
-1.48049
-1.48017
-1.47954
-1.47857
-1.47724
-1.4756
-1.47365
-1.47139
-1.46884
-1.46607
-1.46304
-1.4598
-1.45631
-1.45261
-1.44871
-1.44466
-1.44038
-1.43598
-1.43145
-1.42678
-1.42202
-1.41715
-1.41228
-1.40724
-1.40226
-1.3972
-1.3921
-1.38696
-1.38186
-1.37676
-1.37169
-1.3667
-1.36181
-1.35696
-1.35216
-1.3475
-1.34295
-1.33852
-1.33412
-1.32996
-1.32599
-1.32217
-1.31848
-1.31497
-1.31161
-1.30843
-1.3055
-1.30274
-1.30018
-1.29781
-1.29565
-1.29373
-1.29192
-1.29038
-1.28907
-1.28794
-1.28701
-1.28625
-1.28568
-1.28534
-1.28518
-1.28521
-1.28544
-1.28581
-1.28638
-1.28707
-1.28791
-1.28888
-1.28996
-1.29115
-1.29245
-1.29391
-1.2954
-1.297
-1.29866
-1.30031
-1.30207
-1.30392
-1.30572
-1.30756
-1.30936
-1.31113
-1.31287
-1.31456
-1.31622
-1.3178
-1.31926
-1.32062
-1.32186
-1.32297
-1.32397
-1.32478
-1.32539
-1.32585
-1.32607
-1.32609
-1.32595
-1.32551
-1.32488
-1.3239
-1.32271
-1.32123
-1.31943
-1.31731
-1.31491
-1.31218
-1.30911
-1.30565
-1.30186
-1.2977
-1.29315
-1.28818
-1.28281
-1.27703
-1.27086
-1.26427
-1.25723
-1.24976
-1.24183
-1.23345
-1.22457
-1.21525
-1.20543
-1.19515
-1.18439
-1.17314
-1.16135
-1.1491
-1.13635
-1.12309
-1.10936
-1.09508
-1.08028
-1.06494
-1.04912
-1.03275
-1.01592
-0.998554
-0.980667
-0.962268
-0.943324
-0.923935
-0.904007
-0.883607
-0.862675
-0.841248
-0.819328
-0.796923
-0.773972
-0.75061
-0.726748
-0.702455
-0.677708
-0.652513
-0.626847
-0.600813
-0.574358
-0.547489
-0.520185
-0.492486
-0.464403
-0.435946
-0.407158
-0.377985
-0.348471
-0.318626
-0.28843
-0.257959
-0.227191
-0.196171
-0.164847
-0.133262
-0.101428
-0.0693561
-0.037059
-0.0045479
0.0281336
0.061038
0.0941221
0.127375
0.160753
0.194375
0.228068
0.261953
0.295889
0.3299
0.36404
0.3983
0.432576
0.46689
0.501332
0.535828
0.570372
0.604988
0.639574
0.674219
0.708981
0.743726
0.778416
0.813142
0.847836
0.882555
0.917232
0.951926
0.986569
1.02119
1.05578
1.09038
1.1249
1.15939
1.19384
1.22824
1.26257
1.2969
1.33118
1.36536
1.39948
1.43354
1.46748
1.50139
1.53521
1.56895
1.6026
1.63618
1.66959
1.70293
1.73616
1.76926
1.80224
1.83508
1.86778
1.9003
1.93273
1.96495
1.99701
2.02887
2.06055
2.09199
2.12322
2.15422
2.185
2.21556
2.24587
2.27592
2.3057
2.33519
2.36436
2.39326
2.42187
2.45013
2.47806
2.50561
2.53285
2.55973
2.58624
2.61238
2.63817
2.66357
2.68855
2.71314
2.73733
2.76111
2.78452
2.80746
2.83009
2.85221
2.87396
2.8953
2.91622
2.93676
2.95691
2.97668
2.99609
3.01506
3.03372
3.05199
3.06991
3.08748
3.10472
3.12165
3.13831
3.15452
3.1705
3.18619
3.2016
3.21668
3.23155
3.24617
3.26054
3.27467
3.28856
3.30222
3.31566
3.32887
3.34186
3.35463
3.36719
3.37952
3.39162
3.40349
3.41513
3.42653
3.43768
3.44859
3.45917
3.46949
3.47951
3.48921
3.49855
3.50756
3.5162
3.52444
3.53225
3.53963
3.54654
3.55295
3.55884
3.56418
3.56894
3.57309
3.57661
3.57952
3.58168
3.58311
3.58372
3.58361
3.58273
3.58097
3.57834
3.5748
3.57039
3.56506
3.55874
3.55144
3.54312
3.53381
3.52351
3.51213
3.49966
3.48618
3.47159
3.45596
3.4392
3.42135
3.40241
3.38239
3.36129
3.33914
3.3159
3.29161
3.26628
3.23993
3.21259
3.18426
3.15497
3.12475
3.09366
3.06166
3.02881
2.99517
2.96069
2.92548
2.88956
2.85295
2.81573
2.77787
2.73943
2.70042
2.66095
2.62102
2.58066
2.53988
2.49878
2.45737
2.41569
2.37379
2.33169
2.28938
2.24693
2.20438
2.16178
2.11911
2.07642
2.03375
1.99112
1.94852
1.90609
1.86374
1.82151
1.77947
1.73758
1.69594
1.65455
1.61338
1.5725
1.53187
1.49153
1.45149
1.41178
1.3724
1.33334
1.29469
1.25644
1.21847
1.18091
1.14371
1.10694
1.07058
1.03462
0.999072
0.963945
0.929271
0.894989
0.861135
0.82771
0.794715
0.762154
0.729993
0.698297
0.667034
0.636205
0.605807
0.57584
0.546334
0.517223
0.48857
0.460308
0.432433
0.405103
0.37809
0.35152
0.325355
0.299528
0.27413
0.249125
0.224508
0.200242
0.176353
0.152868
0.129749
0.106989
0.0846159
0.0625579
0.0408086
0.0194572
-0.00163136
-0.0223682
-0.0427927
-0.0629123
-0.0827029
-0.102236
-0.121488
-0.140467
-0.159182
-0.17764
-0.19585
-0.213789
-0.231562
-0.249082
-0.266357
-0.283429
-0.30037
-0.317095
-0.333611
-0.350025
-0.366249
-0.382326
-0.398294
-0.414102
-0.429756
-0.445331
-0.460771
-0.476182
-0.491444
-0.506663
-0.521781
-0.536873
-0.551915
-0.566882
-0.581814
-0.59672
-0.611639
-0.626546
-0.64148
-0.656385
-0.671298
-0.686194
-0.701144
-0.71612
-0.731192
-0.74627
-0.761358
-0.776525
-0.79171
-0.80695
-0.822215
-0.837574
-0.852965
-0.868453
-0.88401
-0.899605
-0.915303
-0.931073
-0.946883
-0.962799
-0.978788
-0.994849
-1.01098
-1.02719
-1.04349
-1.0598
-1.07621
-1.09268
-1.10918
-1.12577
-1.14241
-1.15911
-1.17586
-1.19268
-1.20951
-1.22635
-1.24325
-1.26018
-1.27717
-1.29414
-1.3111
-1.32809
-1.3451
-1.36207
-1.37906
-1.39604
-1.41301
-1.42999
-1.44694
-1.46383
-1.48068
-1.49749
-1.51423
-1.53097
-1.54762
-1.56418
-1.58067
-1.59715
-1.61353
-1.62979
-1.64603
-1.66215
-1.67817
-1.69409
-1.70991
-1.72566
-1.74126
-1.75672
-1.77209
-1.78734
-1.80243
-1.81749
-1.83236
-1.84712
-1.86172
-1.87618
-1.89046
-1.90464
-1.91866
-1.93258
-1.94631
-1.95992
-1.97335
-1.98663
-1.99972
-2.01268
-2.02549
-2.03817
-2.05069
-2.06302
-2.07519
-2.08717
-2.09902
-2.11067
-2.12223
-2.13359
-2.1448
-2.15584
-2.16669
-2.1774
-2.188
-2.1984
-2.20864
-2.21875
-2.22874
-2.23847
-2.24808
-2.25753
-2.26686
-2.27604
-2.28506
-2.29393
-2.30268
-2.31119
-2.31958
-2.32782
-2.33589
-2.34387
-2.35167
-2.35937
-2.36689
-2.37427
-2.38152
-2.38866
-2.39563
-2.40243
-2.40916
-2.41573
-2.42214
-2.42845
-2.43466
-2.44075
-2.44668
-2.45248
-2.45817
-2.46379
-2.4693
-2.47462
-2.47983
-2.48492
-2.4899
-2.49479
-2.49955
-2.50419
-2.50872
-2.51314
-2.51746
-2.52167
-2.52574
-2.52974
-2.53364
-2.53747
-2.54121
-2.54481
-2.54831
-2.55171
-2.55503
-2.55827
-2.5614
-2.56443
-2.56733
-2.57018
-2.57297
-2.57561
-2.57819
-2.58071
-2.58312
-2.58545
-2.58768
-2.58984
-2.59188
-2.59387
-2.59578
-2.5976
-2.59932
-2.60096
-2.60254
-2.60409
-2.60552
-2.60685
-2.60813
-2.6094
-2.6105
-2.61158
-2.61263
-2.61357
-2.61437
-2.61514
-2.61583
-2.61645
-2.61696
-2.61744
-2.61785
-2.61821
-2.61851
-2.61868
-2.61881
-2.61886
-2.61886
-2.61881
-2.6187
-2.61849
-2.61824
-2.61789
-2.61748
-2.61703
-2.61648
-2.6159
-2.61522
-2.61448
-2.61367
-2.6128
-2.61182
-2.61079
-2.60975
-2.60861
-2.60741
-2.60615
-2.60485
-2.60346
-2.60204
-2.60052
-2.59893
-2.59729
-2.59558
-2.5939
-2.59206
-2.59016
-2.58823
-2.5862
-2.58412
-2.58193
-2.57972
-2.57744
-2.5751
-2.5727
-2.57021
-2.56768
-2.56507
-2.56245
-2.55977
-2.557
-2.55417
-2.55128
-2.54833
-2.54541
-2.54234
-2.53921
-2.53602
-2.53276
-2.52945
-2.52612
-2.52269
-2.51924
-2.51569
-2.51215
-2.5085
-2.50478
-2.50098
-2.49715
-2.49324
-2.4893
-2.48534
-2.48129
-2.47722
-2.47304
-2.46883
-2.46458
-2.46027
-2.45591
-2.45144
-2.44698
-2.44247
-2.43792
-2.43332
-2.42867
-2.42405
-2.41934
-2.41456
-2.40968
-2.40482
-2.39998
-2.3951
-2.39012
-2.38514
-2.38009
-2.375
-2.36985
-2.3647
-2.35952
-2.3543
-2.3491
-2.3438
-2.33854
-2.33319
-2.32789
-2.32253
-2.31716
-2.31177
-2.30636
-2.30094
-2.29551
-2.29001
-2.28456
-2.27904
-2.27358
-2.26813
-2.26267
-2.25721
-2.25176
-2.24631
-2.24091
-2.23552
-2.23011
-2.22471
-2.21937
-2.21401
-2.20868
-2.20337
-2.1981
-2.19282
-2.1876
-2.18239
-2.17725
-2.17218
-2.16709
-2.16208
-2.15712
-2.15221
-2.14735
-2.14255
-2.13784
-2.1332
-2.12858
-2.12407
-2.11959
-2.11518
-2.11082
-2.10657
-2.1024
-2.09827
-2.09427
-2.09035
-2.08652
-2.08279
-2.07915
-2.0756
-2.07216
-2.06882
-2.06558
-2.06244
-2.05942
-2.0565
-2.05366
-2.05094
-2.04836
-2.0459
-2.04355
-2.04139
-2.03929
-2.03734
-2.03548
-2.03375
-2.03214
-2.0306
-2.02924
-2.02802
-2.02692
-2.02595
-2.02511
-2.0244
-2.02382
-2.02337
-2.02308
-2.02289
-2.02282
-2.02289
-2.02309
-2.02341
-2.02386
-2.0244
-2.02514
-2.02596
-2.02691
-2.02798
-2.02917
-2.03045
-2.03188
-2.03342
-2.03508
-2.03685
-2.03867
-2.04063
-2.04275
-2.04496
-2.04729
-2.04966
-2.05216
-2.05479
-2.05748
-2.06026
-2.06312
-2.0661
-2.06911
-2.07222
-2.07538
-2.07864
-2.08204
-2.08544
-2.08891
-2.09248
-2.09607
-2.09972
-2.10343
-2.10718
-2.11099
-2.11484
-2.11873
-2.1227
-2.1267
-2.13071
-2.13472
-2.13882
-2.14291
-2.14703
-2.15117
-2.15526
-2.15944
-2.16363
-2.16786
-2.17207
-2.17629
-2.18051
-2.18473
-2.18896
-2.19315
-2.19743
-2.20164
-2.20585
-2.21005
-2.21423
-2.21837
-2.22253
-2.22667
-2.23083
-2.23494
-2.23906
-2.24309
-2.24714
-2.25116
-2.25515
-2.25909
-2.26307
-2.26699
-2.27088
-2.27471
-2.27857
-2.28234
-2.28611
-2.28982
-2.29357
-2.29725
-2.30093
-2.30457
-2.30819
-2.31174
-2.31526
-2.31875
-2.32218
-2.3256
-2.329
-2.33236
-2.33566
-2.33896
-2.3422
-2.34547
-2.34871
-2.3519
-2.35505
-2.35817
-2.3613
-2.36437
-2.36741
-2.37049
-2.37351
-2.37647
-2.37937
-2.38229
-2.38511
-2.38795
-2.39076
-2.39358
-2.39638
-2.39916
-2.40192
-2.40466
-2.40735
-2.41008
-2.41276
-2.41543
-2.41807
-2.4207
-2.42331
-2.42591
-2.42845
-2.43102
-2.43356
-2.43606
-2.43852
-2.44105
-2.44353
-2.446
-2.44846
-2.4509
-2.45332
-2.4558
-2.45816
-2.46057
-2.46293
-2.46528
-2.46761
-2.46995
-2.47225
-2.47452
-2.47681
-2.47905
-2.48127
-2.48347
-2.48565
-2.48781
-2.48991
-2.49195
-2.49404
-2.49616
-2.4982
-2.50021
-2.50218
-2.50413
-2.50605
-2.50794
-2.50976
-2.51158
-2.51336
-2.51514
-2.51684
-2.51854
-2.52014
-2.52169
-2.52323
-2.52469
-2.52614
-2.52753
-2.52888
-2.53017
-2.53141
-2.5326
-2.53373
-2.5348
-2.5358
-2.53678
-2.53767
-2.53848
-2.5392
-2.53988
-2.54045
-2.54099
-2.54145
-2.54184
-2.54214
-2.54237
-2.54251
-2.54257
-2.54252
-2.54241
-2.54224
-2.54195
-2.54159
-2.54115
-2.54057
-2.5399
-2.53916
-2.53829
-2.53731
-2.5362
-2.53498
-2.53372
-2.53235
-2.53084
-2.52921
-2.52747
-2.52561
-2.52361
-2.52151
-2.51936
-2.51703
-2.51457
-2.51199
-2.50928
-2.50644
-2.50347
-2.50044
-2.49721
-2.49385
-2.49036
-2.48676
-2.483
-2.47912
-2.47508
-2.4709
-2.46664
-2.46218
-2.4576
-2.45291
-2.44795
-2.44284
-2.43766
-2.43232
-2.42687
-2.42123
-2.41545
-2.40954
-2.40346
-2.39728
-2.39089
-2.38432
-2.37756
-2.37067
-2.3637
-2.35654
-2.34919
-2.34172
-2.33409
-2.32631
-2.31837
-2.31027
-2.30205
-2.29367
-2.2851
-2.27641
-2.2675
-2.25843
-2.24924
-2.23993
-2.23043
-2.22074
-2.21093
-2.20097
-2.19085
-2.18062
-2.1702
-2.15963
-2.14891
-2.13804
-2.12706
-2.11587
-2.10453
-2.09305
-2.08143
-2.06967
-2.05778
-2.04578
-2.03364
-2.02128
-2.00888
-1.99632
-1.98367
-1.9709
-1.95795
-1.94494
-1.93182
-1.91862
-1.90531
-1.89187
-1.87833
-1.86469
-1.85096
-1.83714
-1.82324
-1.80926
-1.79523
-1.78114
-1.76698
-1.75276
-1.73846
-1.72407
-1.70964
-1.69517
-1.6807
-1.66621
-1.6517
-1.63718
-1.62265
-1.60812
-1.59363
-1.57913
-1.56468
-1.55023
-1.53581
-1.52145
-1.50717
-1.49289
-1.47871
-1.46461
-1.45059
-1.43668
-1.42287
-1.40917
-1.39559
-1.38218
-1.36888
-1.35572
-1.34272
-1.32989
-1.31727
-1.30477
-1.2925
-1.28046
-1.2686
-1.25693
-1.24552
-1.23435
-1.22343
-1.21275
-1.20234
-1.19217
-1.18231
-1.17276
-1.16347
-1.15445
-1.14576
-1.13739
-1.1293
-1.12157
-1.11416
-1.10708
-1.10031
-1.09392
-1.08786
-1.08216
-1.0768
-1.07177
-1.06718
-1.06289
-1.05896
-1.05538
-1.05216
-1.0493
-1.04679
-1.04464
-1.04284
-1.0414
-1.0403
-1.03955
-1.03914
-1.03907
-1.03933
-1.03992
-1.04083
-1.0421
-1.04368
-1.04559
-1.04771
-1.05018
-1.05291
-1.05592
-1.05919
-1.06276
-1.06655
-1.07058
-1.07485
-1.07938
-1.08412
-1.08905
-1.09417
-1.09948
-1.10497
-1.11063
-1.11645
-1.12246
-1.12857
-1.13482
-1.14115
-1.14763
-1.15421
-1.16092
-1.16768
-1.17451
-1.18141
-1.18837
-1.1954
-1.20244
-1.20951
-1.2166
-1.2237
-1.23088
-1.23798
-1.24508
-1.25209
-1.25914
-1.26616
-1.27314
-1.2801
-1.28698
-1.29378
-1.30053
-1.30722
-1.31387
-1.32043
-1.32688
-1.33327
-1.33957
-1.34573
-1.35179
-1.35775
-1.36363
-1.36936
-1.37495
-1.38045
-1.38583
-1.39108
-1.39621
-1.40121
-1.40609
-1.41083
-1.41544
-1.41988
-1.42423
-1.42843
-1.43254
-1.43647
-1.44024
-1.44391
-1.4474
-1.45079
-1.45405
-1.45717
-1.46019
-1.46305
-1.46577
-1.46839
-1.47085
-1.47321
-1.47542
-1.47749
-1.47942
-1.48125
-1.48294
-1.48452
-1.48598
-1.48734
-1.48855
-1.4897
-1.49073
-1.49167
-1.49254
-1.49331
-1.49396
-1.49454
-1.49503
-1.49538
-1.49566
-1.49584
-1.49596
-1.49597
-1.49594
-1.4958
-1.49562
-1.49538
-1.49506
-1.49469
-1.49424
-1.49371
-1.49315
-1.49251
-1.49178
-1.49103
-1.4903
-1.48949
-1.48866
-1.48776
-1.48683
-1.48585
-1.48484
-1.48379
-1.48274
-1.4816
-1.4805
-1.47933
-1.47814
-1.47696
-1.47569
-1.47437
-1.47309
-1.4718
-1.47048
-1.46916
-1.46782
-1.46646
-1.46513
-1.46375
-1.46236
-1.46097
-1.45962
-1.45821
-1.45676
-1.45533
-1.45389
-1.45245
-1.45101
-1.44956
-1.4481
-1.44664
-1.44515
-1.44368
-1.44224
-1.44076
-1.43928
-1.43776
-1.43627
-1.43474
-1.43321
-1.43167
-1.43015
-1.42867
-1.42714
-1.42557
-1.42403
-1.42248
-1.42095
-1.41941
-1.41783
-1.41624
-1.4146
-1.41299
-1.41129
-1.40965
-1.40796
-1.40629
-1.40457
-1.40286
-1.40117
-1.39943
-1.39767
-1.39589
-1.39409
-1.39228
-1.39044
-1.38858
-1.38669
-1.38479
-1.38289
-1.38094
-1.37897
-1.37697
-1.37495
-1.37287
-1.37077
-1.36872
-1.3666
-1.36446
-1.3623
-1.36012
-1.35792
-1.35569
-1.35342
-1.35115
-1.34887
-1.34657
-1.34428
-1.34195
-1.33963
-1.33727
-1.33493
-1.33255
-1.33017
-1.32781
-1.32541
-1.32301
-1.32058
-1.31819
-1.3158
-1.31342
-1.31104
-1.30866
-1.30628
-1.30393
-1.30163
-1.29936
-1.29715
-1.29497
-1.2928
-1.29066
-1.28857
-1.28659
-1.2846
-1.28266
-1.28081
-1.27902
-1.27727
-1.27559
-1.27395
-1.27242
-1.27098
-1.26959
-1.26835
-1.26718
-1.26607
-1.2651
-1.2642
-1.26345
-1.26278
-1.26225
-1.26186
-1.26158
-1.26144
-1.2614
-1.26156
-1.26182
-1.26226
-1.26282
-1.26352
-1.26434
-1.26532
-1.26648
-1.26781
-1.26926
-1.2709
-1.27271
-1.27469
-1.27683
-1.27914
-1.28162
-1.28423
-1.28705
-1.29004
-1.29323
-1.29658
-1.30005
-1.30368
-1.30752
-1.31155
-1.31566
-1.31999
-1.32445
-1.32911
-1.33389
-1.33886
-1.34399
-1.34926
-1.35466
-1.36023
-1.36594
-1.3718
-1.37779
-1.38391
-1.39019
-1.3965
-1.40303
-1.40964
-1.41636
-1.4232
-1.43013
-1.43716
-1.44432
-1.45154
-1.45884
-1.46625
-1.47371
-1.48124
-1.48883
-1.49648
-1.50418
-1.51194
-1.51974
-1.52758
-1.53546
-1.54336
-1.55129
-1.55924
-1.56724
-1.57522
-1.5832
-1.59121
-1.59922
-1.60719
-1.61515
-1.62309
-1.63097
-1.63889
-1.64675
-1.65457
-1.66236
-1.6701
-1.67779
-1.6854
-1.69299
-1.70045
-1.70792
-1.71535
-1.72271
-1.72993
-1.73712
-1.74422
-1.75124
-1.75817
-1.76502
-1.77184
-1.77854
-1.78507
-1.79154
-1.79788
-1.80414
-1.81027
-1.81632
-1.82223
-1.82806
-1.83378
-1.83938
-1.84484
-1.8502
-1.85545
-1.86058
-1.86558
-1.87043
-1.87519
-1.87979
-1.88426
-1.88866
-1.89288
-1.897
-1.90098
-1.90484
-1.90856
-1.91216
-1.91562
-1.91894
-1.92214
-1.9252
-1.92813
-1.93089
-1.93352
-1.93608
-1.93845
-1.94071
-1.94284
-1.94481
-1.94668
-1.94835
-1.94996
-1.9515
-1.95285
-1.95407
-1.95516
-1.95613
-1.95694
-1.95762
-1.95822
-1.95866
-1.95897
-1.95917
-1.95929
-1.95928
-1.95913
-1.95894
-1.95862
-1.95817
-1.95761
-1.95694
-1.95617
-1.95533
-1.95436
-1.95328
-1.95212
-1.95085
-1.9495
-1.94806
-1.94653
-1.94492
-1.94322
-1.94148
-1.93963
-1.93774
-1.93578
-1.93375
-1.93162
-1.92943
-1.92721
-1.92487
-1.92245
-1.92004
-1.91767
-1.91517
-1.91262
-1.91004
-1.90741
-1.90476
-1.90208
-1.89936
-1.89666
-1.89394
-1.89116
-1.88837
-1.88557
-1.88276
-1.87998
-1.87716
-1.8743
-1.87148
-1.86864
-1.86583
-1.863
-1.86021
-1.85744
-1.85471
-1.85197
-1.84919
-1.84653
-1.84386
-1.84122
-1.8386
-1.83601
-1.83345
-1.83099
-1.8285
-1.82604
-1.82362
-1.8212
-1.81888
-1.81657
-1.81432
-1.81205
-1.80985
-1.80768
-1.80555
-1.80345
-1.8014
-1.79944
-1.79741
-1.79546
-1.79353
-1.79167
-1.78983
-1.78796
-1.78615
-1.78432
-1.78259
-1.78083
-1.77913
-1.77741
-1.7757
-1.77403
-1.77234
-1.77065
-1.76899
-1.76727
-1.76557
-1.76386
-1.76213
-1.76039
-1.75867
-1.75688
-1.75504
-1.7532
-1.75139
-1.74947
-1.74752
-1.74548
-1.74336
-1.74126
-1.73909
-1.73687
-1.73457
-1.73228
-1.72984
-1.72733
-1.72474
-1.72206
-1.71933
-1.71645
-1.71347
-1.71045
-1.7073
-1.70405
-1.70069
-1.69722
-1.69364
-1.68994
-1.68612
-1.68218
-1.67808
-1.67389
-1.66961
-1.66516
-1.66058
-1.65587
-1.65099
-1.64601
-1.64086
-1.63567
-1.63028
-1.62465
-1.61898
-1.61317
-1.60723
-1.60114
-1.59492
-1.58859
-1.58207
-1.57544
-1.56868
-1.56176
-1.55471
-1.54756
-1.54029
-1.53294
-1.5254
-1.51778
-1.51002
-1.50218
-1.49428
-1.48624
-1.47814
-1.46989
-1.46163
-1.45325
-1.4448
-1.43629
-1.42775
-1.41909
-1.41046
-1.40175
-1.39305
-1.38429
-1.37554
-1.36676
-1.35805
-1.34928
-1.34046
-1.33174
-1.32309
-1.31446
-1.30588
-1.29737
-1.28891
-1.28059
-1.27234
-1.26421
-1.25615
-1.24826
-1.24051
-1.23288
-1.22545
-1.21818
-1.2111
-1.20422
-1.19754
-1.19108
-1.18488
-1.17888
-1.17314
-1.16765
-1.16242
-1.15751
-1.15286
-1.1485
-1.14455
-1.14081
-1.1374
-1.13439
-1.13165
-1.12926
-1.12722
-1.12554
-1.12423
-1.12326
-1.12267
-1.12249
-1.12269
-1.12332
-1.1243
-1.12565
-1.12739
-1.1296
-1.13214
-1.1351
-1.13844
-1.14223
-1.14638
-1.1509
-1.15583
-1.16112
-1.16682
-1.17286
-1.17934
-1.18616
-1.1933
-1.20082
-1.20869
-1.2169
-1.22544
-1.2343
-1.24347
-1.25297
-1.26274
-1.27278
-1.28314
-1.29372
-1.30456
-1.31567
-1.32698
-1.3385
-1.3503
-1.36226
-1.37437
-1.38662
-1.3991
-1.41166
-1.42443
-1.43732
-1.45032
-1.46339
-1.47666
-1.4899
-1.50319
-1.51656
-1.52998
-1.54344
-1.55695
-1.57042
-1.58393
-1.59747
-1.61093
-1.6244
-1.6378
-1.6512
-1.66456
-1.67785
-1.69109
-1.70425
-1.71736
-1.73036
-1.74324
-1.75605
-1.76878
-1.78131
-1.79379
-1.80614
-1.81834
-1.83044
-1.84241
-1.85423
-1.86594
-1.87747
-1.88889
-1.90011
-1.91118
-1.92212
-1.93286
-1.94344
-1.95385
-1.96409
-1.97416
-1.98405
-1.99376
-2.0033
-2.01266
-2.02184
-2.03083
-2.03964
-2.04827
-2.05668
-2.06497
-2.07304
-2.08092
-2.08862
-2.09612
-2.10344
-2.1106
-2.11757
-2.12431
-2.13087
-2.13723
-2.14341
-2.14939
-2.15521
-2.16077
-2.16617
-2.17138
-2.17639
-2.18121
-2.18584
-2.1903
-2.19454
-2.19858
-2.20242
-2.20607
-2.20958
-2.21277
-2.21582
-2.21868
-2.2213
-2.22375
-2.22597
-2.22802
-2.22981
-2.23145
-2.23289
-2.23412
-2.23511
-2.23593
-2.23654
-2.23694
-2.23709
-2.23707
-2.23686
-2.23637
-2.2357
-2.23481
-2.2337
-2.23237
-2.23082
-2.22905
-2.22705
-2.22482
-2.22237
-2.21968
-2.21676
-2.21358
-2.21023
-2.20664
-2.20282
-2.19872
-2.19441
-2.1898
-2.18494
-2.17984
-2.17452
-2.16896
-2.16314
-2.15707
-2.15075
-2.1442
-2.13737
-2.13031
-2.12297
-2.11539
-2.10746
-2.09933
-2.09097
-2.08231
-2.07336
-2.06417
-2.05468
-2.04496
-2.03498
-2.02466
-2.01411
-2.00332
-1.99229
-1.98097
-1.96935
-1.95752
-1.9454
-1.93297
-1.92029
-1.90737
-1.89419
-1.88072
-1.86702
-1.85303
-1.83881
-1.82434
-1.80962
-1.79462
-1.77941
-1.76395
-1.74826
-1.73232
-1.71619
-1.69976
-1.68317
-1.66636
-1.6493
-1.63207
-1.61459
-1.59691
-1.5791
-1.56104
-1.54279
-1.52437
-1.50577
-1.48701
-1.46809
-1.44902
-1.42984
-1.41053
-1.39102
-1.37142
-1.35172
-1.33191
-1.31203
-1.29204
-1.27198
-1.25185
-1.23166
-1.21142
-1.19114
-1.17084
-1.15052
-1.13013
-1.10984
-1.08949
-1.0692
-1.04895
-1.02874
-1.00862
-0.988534
-0.968527
-0.948607
-0.928851
-0.909142
-0.889554
-0.870098
-0.850785
-0.831593
-0.812597
-0.793777
-0.775109
-0.756669
-0.738403
-0.720416
-0.702623
-0.685034
-0.667722
-0.650664
-0.633869
-0.617347
-0.601138
-0.585188
-0.569535
-0.554189
-0.539158
-0.524448
-0.510068
-0.496089
-0.482389
-0.469008
-0.456015
-0.443386
-0.431127
-0.419243
-0.407739
-0.396623
-0.385898
-0.37557
-0.365612
-0.356157
-0.347049
-0.338358
-0.330086
-0.322239
-0.314854
-0.307805
-0.301257
-0.295183
-0.289521
-0.284309
-0.279549
-0.275246
-0.271403
-0.268025
-0.265116
-0.26271
-0.260813
-0.259333
-0.258336
-0.257827
-0.257811
-0.258259
-0.259238
-0.260722
-0.262715
-0.265187
-0.268208
-0.271716
-0.275781
-0.280373
-0.285497
-0.291187
-0.297415
-0.304153
-0.311434
-0.319198
-0.327576
-0.336504
-0.345986
-0.356022
-0.366613
-0.37776
-0.389463
-0.401722
-0.414535
-0.427901
-0.441819
-0.456284
-0.471295
-0.486816
-0.502905
-0.519493
-0.536639
-0.554305
-0.572481
-0.591161
-0.610337
-0.629933
-0.650037
-0.670637
-0.69169
-0.713152
-0.735042
-0.75741
-0.780147
-0.803269
-0.826761
-0.850609
-0.874826
-0.899302
-0.924083
-0.949183
-0.974552
-1.00017
-1.02603
-1.0521
-1.07836
-1.1048
-1.13137
-1.15811
-1.18497
-1.21189
-1.2389
-1.26604
-1.29319
-1.32036
-1.34758
-1.37475
-1.40187
-1.42897
-1.45601
-1.483
-1.50987
-1.53662
-1.56319
-1.58961
-1.61594
-1.6421
-1.66805
-1.69387
-1.71944
-1.74479
-1.76991
-1.79482
-1.81941
-1.84377
-1.86788
-1.89168
-1.91519
-1.9384
-1.96131
-1.9839
-2.00617
-2.02817
-2.04982
-2.07109
-2.09202
-2.11261
-2.13284
-2.15276
-2.17231
-2.19148
-2.21025
-2.22866
-2.24676
-2.26449
-2.2818
-2.29876
-2.31536
-2.33155
-2.3474
-2.36288
-2.378
-2.39274
-2.40711
-2.42111
-2.43472
-2.44799
-2.46089
-2.47343
-2.48564
-2.49743
-2.50886
-2.51994
-2.53069
-2.54112
-2.5512
-2.56087
-2.57023
-2.57925
-2.58792
-2.59626
-2.6043
-2.61197
-2.61931
-2.62635
-2.63307
-2.63944
-2.64546
-2.65109
-2.65651
-2.66165
-2.66644
-2.6709
-2.67509
-2.67901
-2.6826
-2.68589
-2.68883
-2.69154
-2.69399
-2.69613
-2.69801
-2.69962
-2.70091
-2.70193
-2.70274
-2.70315
-2.70336
-2.70329
-2.70303
-2.70245
-2.7016
-2.7005
-2.69914
-2.69752
-2.69566
-2.69355
-2.69119
-2.68861
-2.6858
-2.68275
-2.67946
-2.67594
-2.6722
-2.66816
-2.66396
-2.6595
-2.65488
-2.65001
-2.64492
-2.63958
-2.63405
-2.62831
-2.62233
-2.61617
-2.6098
-2.60322
-2.59644
-2.58945
-2.58229
-2.5749
-2.56732
-2.55953
-2.55155
-2.54338
-2.53504
-2.52649
-2.51774
-2.50878
-2.49967
-2.49037
-2.48086
-2.47121
-2.46138
-2.45137
-2.44119
-2.4308
-2.42035
-2.40966
-2.39881
-2.38776
-2.37655
-2.36525
-2.35376
-2.34212
-2.33032
-2.31835
-2.30626
-2.29402
-2.28167
-2.26916
-2.25653
-2.24375
-2.23079
-2.21778
-2.2046
-2.19133
-2.17788
-2.16435
-2.15073
-2.13696
-2.12309
-2.10911
-2.09503
-2.08085
-2.06658
-2.05221
-2.03772
-2.02318
-2.00855
-1.99385
-1.97907
-1.96422
-1.9493
-1.93429
-1.91925
-1.90418
-1.88897
-1.87377
-1.85856
-1.84327
-1.82795
-1.8126
-1.79722
-1.78181
-1.76635
-1.75095
-1.7355
-1.72004
-1.70461
-1.68915
-1.6737
-1.65823
-1.64277
-1.62736
-1.61198
-1.59663
-1.58131
-1.56599
-1.55079
-1.53559
-1.52042
-1.50534
-1.49034
-1.47538
-1.46049
-1.44567
-1.43093
-1.41631
-1.40177
-1.38729
-1.37294
-1.35865
-1.34444
-1.33033
-1.3164
-1.30252
-1.28876
-1.27515
-1.26168
-1.24826
-1.23505
-1.22201
-1.20907
-1.19628
-1.18363
-1.17111
-1.15877
-1.14658
-1.13459
-1.12275
-1.11102
-1.09952
-1.08821
-1.07701
-1.06596
-1.0551
-1.04446
-1.03396
-1.02361
-1.01347
-1.0035
-0.99369
-0.984123
-0.974738
-0.965503
-0.956419
-0.947614
-0.938895
-0.930358
-0.922067
-0.913924
-0.90593
-0.898146
-0.89054
-0.88311
-0.875855
-0.868773
-0.861893
-0.85515
-0.848574
-0.842162
-0.835911
-0.829819
-0.823883
-0.818067
-0.812465
-0.806944
-0.801597
-0.796389
-0.791348
-0.786404
-0.781587
-0.776924
-0.772346
-0.767881
-0.763555
-0.7593
-0.755143
-0.751079
-0.747102
-0.743207
-0.739388
-0.735639
-0.731987
-0.728363
-0.724791
-0.721298
-0.717813
-0.714395
-0.710973
-0.70754
-0.704122
-0.700744
-0.697433
-0.694052
-0.690659
-0.687215
-0.68381
-0.68034
-0.676831
-0.673306
-0.669697
-0.666026
-0.662287
-0.658442
-0.654578
-0.650593
-0.646543
-0.642358
-0.638062
-0.633649
-0.629111
-0.624441
-0.619601
-0.614647
-0.609541
-0.60434
-0.59891
-0.593307
-0.587525
-0.581559
-0.575402
-0.569047
-0.562489
-0.555723
-0.548679
-0.541511
-0.534086
-0.526399
-0.518479
-0.510351
-0.502012
-0.493394
-0.484526
-0.475436
-0.466057
-0.456419
-0.446518
-0.436354
-0.425924
-0.415228
-0.404328
-0.393097
-0.381598
-0.369832
-0.357768
-0.345471
-0.332912
-0.320092
-0.307048
-0.293717
-0.280105
-0.26628
-0.252278
-0.23801
-0.223449
-0.208698
-0.193732
-0.17859
-0.163218
-0.147654
-0.131878
-0.115929
-0.0998179
-0.0835873
-0.0672158
-0.0506825
-0.0340629
-0.0173689
-0.000548509
0.0163219
0.0332939
0.0503548
0.0674278
0.0845319
0.101654
0.11875
0.13587
0.15297
0.170037
0.187028
0.203993
0.220889
0.237736
0.254492
0.271113
0.287622
0.304009
0.320264
0.336444
0.352413
0.368226
0.383878
0.399395
0.414707
0.429874
0.444828
0.459598
0.474182
0.488577
0.502816
0.516801
0.530628
0.544268
0.55772
0.570987
0.584104
0.597008
0.609736
0.622291
0.634676
0.646896
0.658955
0.670857
0.682637
0.694237
0.705692
0.717006
0.728183
0.739225
0.750137
0.760919
0.771543
0.782073
0.792479
0.802761
0.812887
0.822886
0.832791
0.842566
0.852208
0.861714
0.871077
0.880294
0.889359
0.898231
0.906968
0.91553
0.923908
0.932092
0.940073
0.947841
0.955384
0.96266
0.969722
0.976525
0.983058
0.98931
0.995268
1.00095
1.00629
1.01133
1.0159
1.02025
1.02421
1.0278
1.031
1.03382
1.03624
1.03826
1.03989
1.04108
1.04184
1.04218
1.04206
1.0415
1.04054
1.03914
1.03727
1.035
1.0323
1.02916
1.02556
1.02157
1.01716
1.01233
1.00713
1.00152
0.995444
0.988982
0.982171
0.974921
0.967369
0.959428
0.951266
0.942669
0.933742
0.924493
0.914899
0.905035
0.894875
0.884462
0.87374
0.862749
0.851498
0.840026
0.828276
0.816289
0.80407
0.791659
0.778997
0.766155
0.753106
0.739823
0.726343
0.71267
0.698776
0.684728
0.670499
0.656091
0.641507
0.626717
0.611787
0.596688
0.581453
0.56602
0.55039
0.534659
0.518767
0.50268
0.486433
0.470059
0.453461
0.436737
0.419855
0.402817
0.385592
0.368244
0.350743
0.333122
0.315317
0.297363
0.279198
0.260885
0.242525
0.22399
0.205314
0.186501
0.167553
0.148472
0.129229
0.109891
0.0904304
0.0708812
0.0511834
0.0313728
0.011453
-0.00857181
-0.0286656
-0.048856
-0.0691387
-0.0895733
-0.110059
-0.130655
-0.151293
-0.172
-0.19277
-0.213632
-0.234515
-0.255447
-0.276486
-0.2975
-0.318515
-0.33959
-0.360656
-0.381771
-0.402899
-0.424002
-0.445139
-0.466274
-0.487368
-0.508481
-0.529576
-0.550648
-0.571691
-0.592703
-0.613676
-0.634608
-0.655524
-0.676357
-0.697134
-0.717851
-0.738502
-0.759117
-0.779626
-0.80009
-0.820409
-0.840673
-0.860816
-0.88093
-0.900914
-0.920765
-0.940544
-0.960214
-0.979772
-0.999215
-1.01854
-1.03774
-1.05679
-1.07573
-1.09455
-1.11323
-1.13178
-1.15015
-1.16844
-1.18655
-1.20452
-1.22236
-1.24005
-1.25752
-1.27486
-1.29203
-1.30908
-1.32593
-1.3426
-1.35911
-1.37544
-1.3916
-1.40758
-1.42334
-1.43896
-1.45439
-1.46964
-1.4847
-1.49957
-1.51425
-1.52874
-1.54306
-1.55719
-1.5711
-1.5848
-1.59831
-1.61158
-1.62472
-1.63762
-1.65032
-1.66281
-1.6751
-1.68719
-1.69906
-1.71073
-1.7222
-1.73345
-1.74443
-1.75524
-1.7659
-1.77631
-1.78659
-1.79658
-1.80644
-1.81602
-1.82545
-1.83455
-1.84353
-1.85224
-1.86077
-1.8691
-1.87722
-1.88514
-1.89288
-1.90038
-1.90768
-1.91478
-1.92167
-1.92836
-1.93486
-1.94115
-1.94725
-1.95315
-1.95886
-1.96437
-1.9697
-1.97483
-1.97984
-1.98457
-1.98915
-1.99357
-1.99779
-2.00186
-2.00572
-2.0094
-2.01285
-2.0162
-2.01938
-2.02236
-2.02525
-2.02795
-2.03049
-2.03287
-2.03508
-2.03716
-2.03914
-2.04094
-2.04261
-2.04414
-2.04557
-2.04684
-2.04798
-2.04901
-2.04991
-2.0507
-2.05138
-2.05193
-2.05243
-2.05283
-2.05311
-2.05336
-2.05342
-2.05344
-2.05337
-2.05327
-2.05303
-2.05275
-2.05241
-2.05202
-2.0516
-2.05111
-2.05056
-2.04998
-2.04937
-2.04872
-2.04805
-2.04736
-2.04662
-2.04593
-2.0452
-2.04446
-2.04377
-2.04298
-2.04226
-2.04157
-2.04089
-2.04023
-2.03961
-2.03901
-2.03846
-2.03794
-2.03747
-2.03711
-2.03674
-2.03643
-2.03618
-2.03596
-2.0358
-2.03575
-2.03577
-2.03587
-2.03604
-2.03633
-2.0367
-2.0371
-2.03761
-2.03818
-2.03888
-2.03967
-2.04055
-2.04152
-2.04259
-2.04376
-2.04502
-2.04641
-2.04792
-2.04944
-2.05108
-2.05279
-2.05462
-2.0565
-2.05851
-2.06064
-2.06282
-2.06509
-2.06747
-2.06989
-2.07239
-2.07493
-2.07756
-2.08027
-2.08307
-2.08595
-2.08883
-2.09175
-2.09469
-2.09771
-2.10072
-2.10383
-2.10694
-2.11007
-2.11322
-2.11638
-2.11958
-2.12272
-2.12589
-2.12905
-2.1322
-2.13534
-2.13845
-2.14151
-2.14463
-2.14765
-2.15063
-2.15356
-2.15645
-2.15928
-2.16211
-2.16482
-2.16747
-2.17008
-2.17261
-2.17507
-2.17741
-2.17974
-2.18191
-2.184
-2.18599
-2.18792
-2.18969
-2.19137
-2.19294
-2.19444
-2.1958
-2.19706
-2.19824
-2.19935
-2.20032
-2.20118
-2.20193
-2.2026
-2.20313
-2.20355
-2.2039
-2.20407
-2.20419
-2.20418
-2.20409
-2.20386
-2.20353
-2.2031
-2.20253
-2.20189
-2.20118
-2.20032
-2.19938
-2.19836
-2.19724
-2.19603
-2.1947
-2.19331
-2.19184
-2.19029
-2.18859
-2.18688
-2.18509
-2.18322
-2.18128
-2.17928
-2.1772
-2.17506
-2.17282
-2.17058
-2.16828
-2.16589
-2.1635
-2.161
-2.15841
-2.1558
-2.15317
-2.15045
-2.1477
-2.14489
-2.142
-2.13911
-2.13617
-2.13319
-2.13016
-2.12707
-2.12396
-2.12085
-2.11764
-2.11439
-2.11107
-2.10778
-2.10445
-2.10105
-2.09765
-2.09419
-2.09072
-2.08715
-2.08361
-2.08003
-2.07642
-2.07271
-2.06903
-2.06531
-2.06156
-2.05774
-2.05389
-2.05006
-2.04619
-2.04226
-2.03826
-2.03425
-2.0302
-2.02612
-2.022
-2.01783
-2.01363
-2.00941
-2.00516
-2.00089
-1.99652
-1.99211
-1.98765
-1.98311
-1.97859
-1.97395
-1.96931
-1.96461
-1.95983
-1.95502
-1.95017
-1.94529
-1.94029
-1.9353
-1.93018
-1.92503
-1.91982
-1.91454
-1.90919
-1.90381
-1.89832
-1.89276
-1.88708
-1.88136
-1.87552
-1.86962
-1.86367
-1.85759
-1.85147
-1.84523
-1.83885
-1.83235
-1.82575
-1.81899
-1.81215
-1.80514
-1.79804
-1.79077
-1.78335
-1.77579
-1.76811
-1.76028
-1.75224
-1.74408
-1.73573
-1.72721
-1.7185
-1.70959
-1.70049
-1.69121
-1.6817
-1.67196
-1.662
-1.65181
-1.64138
-1.63074
-1.61981
-1.60864
-1.59716
-1.58542
-1.57343
-1.56117
-1.54861
-1.5358
-1.52268
-1.50926
-1.4955
-1.48142
-1.46693
-1.45224
-1.43725
-1.4218
-1.40607
-1.39001
-1.37363
-1.35684
-1.33969
-1.32223
-1.30442
-1.28624
-1.26771
-1.2488
-1.22955
-1.20992
-1.18994
-1.16963
-1.14898
-1.12798
-1.1066
-1.08488
-1.0629
-1.04052
-1.01785
-0.994934
-0.971647
-0.948
-0.924161
-0.900013
-0.8756
-0.850933
-0.826026
-0.800891
-0.775513
-0.74997
-0.724247
-0.698361
-0.672329
-0.646172
-0.619908
-0.593557
-0.56711
-0.540653
-0.514175
-0.48767
-0.461224
-0.434799
-0.408485
-0.382275
-0.356229
-0.330277
-0.304543
-0.279024
-0.253747
-0.228741
-0.204035
-0.179659
-0.155672
-0.132041
-0.108826
-0.0860551
-0.06379
-0.0419945
-0.0207283
-1.88233e-05
0.0201074
0.0396564
0.058539
0.0767629
0.0943046
0.111174
0.127286
0.142652
0.157255
0.171012
0.184036
0.196249
0.207639
0.218194
0.227905
0.236766
0.244771
0.251916
0.258168
0.263591
0.268157
0.271869
0.274703
0.276763
0.277964
0.278351
0.277939
0.276745
0.274821
0.272123
0.268676
0.264599
0.259823
0.254379
0.248359
0.241733
0.234598
0.226958
0.218849
0.21031
0.201379
0.192067
0.182478
0.172623
0.162578
0.152323
0.141935
0.131394
0.120844
0.11033
0.0999306
0.0895633
0.0793065
0.06927
-0.680266
-0.573064
-0.442243
-0.29963
-0.159237
-0.0340911
0.0676213
0.143202
0.194626
0.226196
0.241802
0.243404
0.231395
0.206039
0.166267
0.109367
0.0302912
-0.0768153
-0.215965
-0.386204
-0.580936
-0.789648
-1.00074
-1.20402
-1.39276
-1.56331
-1.71455
-1.84703
-1.96244
-2.06292
-2.15074
-2.2279
-2.29612
-2.35665
-2.41018
-2.45717
-2.49694
-2.52935
-2.55355
-2.56904
-2.57485
-2.5709
-2.5569
-2.53333
-2.50082
-2.46067
-2.41435
-2.36379
-2.31082
-2.25775
-2.2064
-2.15815
-2.11401
-2.07429
-2.03871
-2.00688
-1.97826
-1.95237
-1.92953
-1.91019
-1.89532
-1.88571
-1.88112
-1.88001
-1.87945
-1.87504
-1.86159
-1.83366
-1.78733
-1.72112
-1.63662
-1.53988
-1.44072
-1.35179
-1.28764
-1.26037
-1.27847
-1.34415
-1.45312
-1.59627
-1.76186
-1.9376
-2.1126
-2.27831
-2.42941
-2.56232
-2.67555
-2.76846
-2.84136
-2.89515
-2.93058
-2.94873
-2.95062
-2.93648
-2.90724
-2.86296
-2.80381
-2.72984
-2.64041
-2.53488
-2.41249
-2.27256
-2.11464
-1.93908
-1.7471
-1.54195
-1.32847
-1.11389
-0.906082
-0.713393
-0.541511
-0.394158
-0.27287
-0.179777
-0.120349
-0.104567
-0.144171
-0.247516
-0.413455
-0.628985
-0.87218
-1.11818
-1.34487
-1.53751
-1.68818
-1.7955
-1.86276
-1.89584
-1.90271
-1.89142
-1.87
-1.84544
-1.82296
-1.80583
-1.79461
-1.78833
-1.7847
-1.78045
-1.77249
-1.75765
-1.73327
-1.69757
-1.64976
-1.58956
-1.51718
-1.43376
-1.34121
-1.24171
-1.13868
-1.03645
-0.940092
-0.855601
-0.789384
-0.747994
-0.736522
-0.75826
-0.813189
-0.897813
-1.00506
-1.12482
-1.24552
-1.35495
-1.44102
-1.49279
-1.50081
-1.45781
-1.35969
-1.20814
-1.01292
-0.794009
-0.580644
-0.407179
-0.303403
-0.285134
-0.349829
-0.480108
-0.650446
-0.835849
-1.01675
-1.1808
-1.32348
-1.44658
-1.55541
-1.65686
-1.75748
-1.86126
-1.96919
-2.0799
-2.19043
-2.29709
-2.39649
-2.48637
-2.56511
-2.63199
-2.68678
-2.72991
-2.76192
-2.78331
-2.79443
-2.79594
-2.78807
-2.77098
-2.74506
-2.71018
-2.66657
-2.61422
-2.55337
-2.48381
-2.40573
-2.31887
-2.22345
-2.11912
-2.00593
-1.88369
-1.75202
-1.6113
-1.46161
-1.30369
-1.13919
-0.96981
-0.797958
-0.626149
-0.457037
-0.292774
-0.13689
0.00658438
0.130841
0.227533
0.28798
0.306315
0.283213
0.227677
0.156293
0.0906954
0.0536748
0.0654102
0.137891
0.269606
0.437261
0.592304
0.670425
0.618092
0.422757
0.120986
-0.222966
-0.548748
-0.817915
-1.01581
-1.14432
-1.21384
-1.23831
-1.23167
-1.2062
-1.17174
-1.13482
-1.09812
-1.06251
-1.02734
-0.993515
-0.963383
-0.939848
-0.92589
-0.923001
-0.932176
-0.956047
-0.999563
-1.06875
-1.16595
-1.2868
-1.41971
-1.54767
-1.65421
-1.72584
-1.75485
-1.7394
-1.68245
-1.59121
-1.4761
-1.34894
-1.22225
-1.10653
-1.00759
-0.92663
-0.860492
-0.805199
-0.759073
-0.725364
-0.710927
-0.722647
-0.762388
-0.823562
-0.892735
-0.952861
-0.988071
-0.987282
-0.944758
-0.860569
-0.739026
-0.588654
-0.420373
-0.247469
-0.0844906
0.0543737
0.15661
0.213887
0.224
0.190237
0.120896
0.0274454
-0.0779673
-0.18365
-0.2799
-0.358427
-0.411809
-0.433762
-0.419339
-0.366158
-0.275652
-0.155084
-0.0171078
0.121683
0.24475
0.340863
0.407771
0.452914
0.489081
0.528175
0.573291
0.613968
0.625874
0.577883
0.446179
0.225996
-0.0663558
-0.40168
-0.749203
-1.08495
-1.3938
-1.66804
-1.90501
-2.10546
-2.27177
-2.40734
-2.5157
-2.60085
-2.66634
-2.71529
-2.75033
-2.77313
-2.78499
-2.7863
-2.77677
-2.75586
-2.72297
-2.67736
-2.61932
-2.54952
-2.47021
-2.38493
-2.2984
-2.21596
-2.14254
-2.08133
-2.03306
-1.99565
-1.9653
-1.93714
-1.90786
-1.87617
-1.84407
-1.81603
-1.79787
-1.79587
-1.81367
-1.85135
-1.90525
-1.96875
-2.03339
-2.09084
-2.13356
-2.15559
-2.15267
-2.12168
-2.06076
-1.9689
-1.84672
-1.6958
-1.51966
-1.3243
-1.11893
-0.915443
-0.728105
-0.571512
-0.458213
-0.396654
-0.388926
-0.43065
-0.512382
-0.621465
-0.74489
-0.87109
-0.991344
-1.09922
-1.1913
-1.26551
-1.32204
-1.36165
-1.38605
-1.39756
-1.39906
-1.39354
-1.38467
-1.37539
-1.36896
-1.36784
-1.37413
-1.38897
-1.41383
-1.44902
-1.49387
-1.54759
-1.60863
-1.6747
-1.74287
-1.81038
-1.87388
-1.93084
-1.9792
-2.01781
-2.04615
-2.06465
-2.0745
-2.07663
-2.07204
-2.06115
-2.04369
-2.01876
-1.98451
-1.9391
-1.88103
-1.80978
-1.72645
-1.6342
-1.53826
-1.44555
-1.36356
-1.29896
-1.2566
-1.23863
-1.24431
-1.27073
-1.31332
-1.36616
-1.42324
-1.4788
-1.5278
-1.56679
-1.5939
-1.60889
-1.61287
-1.60793
-1.59659
-1.58156
-1.56525
-1.5496
-1.53616
-1.52559
-1.51823
-1.51441
-1.51361
-1.51427
-1.51439
-1.5103
-1.49676
-1.46806
-1.41746
-1.33939
-1.23159
-1.09744
-0.948287
-0.803662
-0.687715
-0.622655
-0.620983
-0.680218
-0.785389
-0.914975
-1.04849
-1.17083
-1.27248
-1.34949
-1.40059
-1.42689
-1.43
-1.41195
-1.37494
-1.32184
-1.25429
-1.17454
-1.08473
-0.986757
-0.88312
-0.776239
-0.668651
-0.562937
-0.461865
-0.368247
-0.285249
-0.2161
-0.164441
-0.134847
-0.131216
-0.1573
-0.216158
-0.308782
-0.434961
-0.591533
-0.772673
-0.969605
-1.1715
-1.36733
-1.54672
-1.70137
-1.82489
-1.91329
-1.96407
-1.97602
-1.94864
-1.88239
-1.77844
-1.63929
-1.47068
-1.28331
-1.09438
-0.927431
-0.807409
-0.753176
-0.769645
-0.845546
-0.959038
-1.08631
-1.20966
-1.32052
-1.41931
-1.51141
-1.60501
-1.70784
-1.8246
-1.95592
-2.09821
-2.24425
-2.38575
-2.51413
-2.62197
-2.70469
-2.7598
-2.78698
-2.7872
-2.76298
-2.71745
-2.65425
-2.5775
-2.49091
-2.39772
-2.30085
-2.20162
-2.10139
-2.00146
-1.90344
-1.81093
-1.72948
-1.66615
-1.62821
-1.62118
-1.64668
-1.70186
-1.77975
-1.87036
-1.96255
-2.04567
-2.11056
-2.14983
-2.15788
-2.13155
-2.06976
-1.97367
-1.84801
-1.7003
-1.54164
-1.38578
-1.24805
-1.14217
-1.07767
-1.05624
-1.07107
-1.10892
-1.15449
-1.19627
-1.22852
-1.25204
-1.27086
-1.28907
-1.30734
-1.32135
-1.32437
-1.30784
-1.2639
-1.18667
-1.07211
-0.918948
-0.728883
-0.508284
-0.269892
-0.0334083
0.174313
0.325146
0.395863
0.375992
0.271294
0.100723
-0.110543
-0.338105
-0.562539
-0.770213
-0.952234
-1.10273
-1.21797
-1.29563
-1.33452
-1.33528
-1.30026
-1.23263
-1.13788
-1.02196
-0.891938
-0.75635
-0.626239
-0.515072
-0.439119
-0.414791
-0.45463
-0.563865
-0.737455
-0.962087
-1.21966
-1.49069
-1.75853
-2.00974
-2.23567
-2.43117
-2.59384
-2.72348
-2.82125
-2.88909
-2.92945
-2.9445
-2.93643
-2.90702
-2.85753
-2.78846
-2.70013
-2.59203
-2.46293
-2.31201
-2.13789
-1.93928
-1.71573
-1.46767
-1.19702
-0.907287
-0.604138
-0.295283
0.0102864
0.302432
0.570843
0.806449
1.00233
1.15526
1.26555
1.33604
1.36999
1.36655
1.31994
1.21931
1.05469
0.823913
0.536154
0.210707
-0.128187
-0.458753
-0.765299
-1.03864
-1.27568
-1.47703
-1.64586
-1.78637
-1.90298
-1.99985
-2.08038
-2.14731
-2.20268
-2.24727
-2.28118
-2.30403
-2.3152
-2.31383
-2.29913
-2.2707
-2.22824
-2.17247
-2.10406
-2.02436
-1.93522
-1.83915
-1.7397
-1.641
-1.54799
-1.46634
-1.40105
-1.3556
-1.33132
-1.32647
-1.33706
-1.35743
-1.38083
-1.40174
-1.41568
-1.42062
-1.4166
-1.40604
-1.39321
-1.38303
-1.38095
-1.39095
-1.41454
-1.45039
-1.49318
-1.53444
-1.56287
-1.56512
-1.5271
-1.43525
-1.27988
-1.05956
-0.78879
-0.503779
-0.261265
-0.121835
-0.121698
-0.252562
-0.46696
-0.70418
-0.914953
-1.0708
-1.16237
-1.19264
-1.1728
-1.11821
-1.04647
-0.972711
-0.905437
-0.84314
-0.774084
-0.682724
-0.559553
-0.410634
-0.261995
-0.152191
-0.115354
-0.161501
-0.270721
-0.404633
-0.525428
-0.608358
-0.645706
-0.641887
-0.60854
-0.558035
-0.49985
-0.438768
-0.375158
-0.306393
-0.228581
-0.138573
-0.0353481
0.0786551
0.19729
0.310888
0.407504
0.476114
0.509167
0.505291
0.469359
0.410739
0.340193
0.267558
0.199785
0.139628
0.0866913
0.0375131
-0.0132485
-0.072265
-0.146038
-0.239546
-0.355835
-0.494895
-0.654157
-0.828879
-1.01331
-1.20096
-1.38619
-1.56425
-1.73152
-1.88592
-2.02647
-2.15291
-2.26601
-2.3667
-2.45623
-2.53614
-2.60769
-2.67206
-2.73023
-2.78275
-2.83008
-2.87262
-2.91007
-2.94233
-2.96917
-2.98993
-3.00397
-3.01038
-3.00897
-2.99888
-2.97992
-2.95205
-2.91558
-2.87149
-2.82118
-2.76687
-2.71094
-2.65595
-2.60436
-2.55785
-2.51697
-2.48126
-2.44875
-2.41679
-2.38208
-2.3412
-2.29187
-2.23222
-2.16218
-2.08321
-1.99871
-1.91327
-1.83228
-1.76179
-1.70647
-1.66932
-1.65139
-1.65104
-1.66499
-1.68837
-1.71562
-1.74101
-1.75935
-1.76463
-1.75192
-1.71644
-1.65478
-1.56426
-1.4445
-1.29591
-1.12016
-0.917733
-0.687297
-0.427511
-0.143183
0.142552
0.379087
0.493263
0.424391
0.165803
-0.22417
-0.655409
-1.04887
-1.3594
-1.5722
-1.69158
-1.73045
-1.70404
-1.62742
-1.51594
-1.38375
-1.24546
-1.11462
-1.00312
-0.920198
-0.871006
-0.856694
-0.87504
-0.920911
-0.988691
-1.07199
-1.16588
-1.26626
-1.3697
-1.4732
-1.5741
-1.66947
-1.75651
-1.83267
-1.89502
-1.94127
-1.96901
-1.97627
-1.96135
-1.92262
-1.85899
-1.77009
-1.65672
-1.52139
-1.36977
-1.2106
-1.05665
-0.923411
-0.826209
-0.778208
-0.785843
-0.84754
-0.954547
-1.09334
-1.24923
-1.40866
-1.56167
-1.70077
-1.822
-1.92357
-2.00562
-2.0691
-2.1166
-2.151
-2.17534
-2.19284
-2.20603
-2.2166
-2.22497
-2.23043
-2.23136
-2.22511
-2.20928
-2.18149
-2.14034
-2.08619
-2.02039
-1.94613
-1.86705
-1.78736
-1.7096
-1.63515
-1.56376
-1.49305
-1.42064
-1.34317
-1.25851
-1.16512
-1.06347
-0.956639
-0.851659
-0.760285
-0.699573
-0.688861
-0.744863
-0.874199
-1.07081
-1.31596
-1.58537
-1.85569
-2.10897
-2.33419
-2.52642
-2.68467
-2.81008
-2.90456
-2.9704
-3.00946
-3.02269
-3.01137
-2.97632
-2.91842
-2.83863
-2.73797
-2.61856
-2.48263
-2.33281
-2.17212
-2.00367
-1.83039
-1.65459
-1.47881
-1.30606
-1.13987
-0.985103
-0.847479
-0.733161
-0.647809
-0.595331
-0.577038
-0.591299
-0.633639
-0.697601
-0.775384
-0.859183
-0.941895
-1.01796
-1.08354
-1.13651
-1.17666
-1.20541
-1.22519
-1.23932
-1.25145
-1.26432
-1.28066
-1.30172
-1.32757
-1.35756
-1.39039
-1.42464
-1.45892
-1.49192
-1.52278
-1.5504
-1.57382
-1.59198
-1.60348
-1.6071
-1.6012
-1.5848
-1.55756
-1.52024
-1.47511
-1.42589
-1.37765
-1.33532
-1.30314
-1.28291
-1.27159
-1.2616
-1.24062
-1.19224
-1.09919
-0.946935
-0.732483
-0.474818
-0.224649
-0.0593014
-0.0531613
-0.233298
-0.55977
-0.949568
-1.32026
-1.61737
-1.81673
-1.91497
-1.92033
-1.84601
-1.70884
-1.52861
-1.32566
-1.11911
-0.922603
-0.742036
-0.576276
-0.420902
-0.27328
-0.136368
-0.0192555
0.0643155
0.0994896
0.0739596
-0.0201101
-0.182551
-0.404219
-0.666879
-0.947477
-1.22317
-1.47665
-1.69753
-1.8819
-2.03028
-2.14584
-2.23224
-2.29338
-2.33173
-2.34948
-2.34726
-2.32541
-2.28407
-2.22328
-2.14383
-2.04748
-1.93766
-1.81939
-1.69943
-1.58611
-1.48712
-1.40895
-1.35464
-1.32272
-1.30687
-1.29656
-1.27926
-1.24406
-1.18435
-1.10169
-1.00645
-0.916164
-0.851041
-0.825964
-0.843876
-0.894912
-0.960253
-1.02014
-1.05873
-1.0684
-1.04917
-1.00762
-0.954627
-0.903446
-0.866864
-0.855603
-0.876294
-0.930441
-1.01364
-1.11767
-1.23164
-1.34488
-1.44847
-1.53683
-1.60862
-1.66662
-1.71626
-1.76472
-1.81861
-1.88265
-1.9586
-2.04503
-2.13776
-2.23142
-2.32071
-2.39996
-2.46414
-2.50941
-2.53147
-2.5268
-2.49112
-2.42058
-2.31108
-2.15888
-1.96114
-1.7174
-1.43194
-1.11793
-0.801296
-0.522973
-0.332349
-0.272251
-0.360196
-0.579116
-0.88576
-1.22969
-1.56925
-1.87836
-2.14525
-2.36753
-2.5482
-2.69218
-2.80482
-2.89072
-2.95337
-2.9949
-3.01512
-3.01216
-2.98178
-2.91732
-2.81021
-2.65001
-2.42587
-2.12987
-1.76106
-1.33105
-0.867827
-0.413391
-0.00988727
0.317727
0.571638
0.7723
0.939898
1.07987
1.18076
1.22411
1.19594
1.09621
0.940337
0.755696
0.57548
0.430664
0.343101
0.317423
0.336329
0.362417
0.351262
0.276
0.144224
-0.0055933
-0.124632
-0.177406
-0.150983
-0.0517927
0.105431
0.308714
0.557144
0.862629
1.24288
1.70967
2.25202
2.82239
3.34029
3.72425
3.92983
3.95397
3.80106
3.47205
2.9939
2.4397
1.90096
1.44251
1.08454
0.8105
0.587521
0.383059
0.17588
-0.041916
-0.267474
-0.492647
-0.708716
-0.909137
-1.08999
-1.24986
-1.38894
-1.50802
-1.60798
-1.69034
-1.75605
-1.80677
-1.84383
-1.869
-1.88457
-1.89333
-1.89818
-1.90185
-1.90616
-1.91125
-1.91555
-1.91599
-1.90846
-1.88871
-1.85275
-1.79815
-1.72351
-1.62953
-1.51859
-1.39406
-1.26041
-1.12203
-0.982251
-0.842827
-0.703042
-0.560342
-0.410809
-0.251595
-0.0829389
0.090316
0.256856
0.399396
0.497161
0.530252
0.485113
0.360509
0.169126
-0.0641667
-0.307593
-0.528303
-0.697463
-0.793064
-0.802902
-0.727443
-0.58276
-0.401809
-0.228211
-0.103859
-0.0528652
-0.0748977
-0.151108
-0.257594
-0.376797
-0.498782
-0.618222
-0.730525
-0.829573
-0.907737
-0.95698
-0.970152
-0.941909
-0.871343
-0.761891
-0.623029
-0.468673
-0.315427
-0.179363
-0.0732506
-0.00444569
0.0251541
0.0198526
-0.00980036
-0.0479475
-0.0772231
-0.0825224
-0.0545065
0.00811603
0.0985467
0.203869
0.30737
0.390428
0.436413
0.433167
0.376319
0.269277
0.122958
-0.0483819
-0.230097
-0.410141
-0.580762
-0.738594
-0.883345
-1.01659
-1.14024
-1.25513
-1.3599
-1.45113
-1.52435
-1.57533
-1.60145
-1.60358
-1.58731
-1.56366
-1.54706
-1.55336
-1.59429
-1.67417
-1.7879
-1.92287
-2.06299
-2.19334
-2.30211
-2.38219
-2.43029
-2.44643
-2.43283
-2.39335
-2.33347
-2.25981
-2.17963
-2.10039
-2.0287
-1.96905
-1.92321
-1.89022
-1.86624
-1.84597
-1.82337
-1.79325
-1.75144
-1.69587
-1.62626
-1.54419
-1.45356
-1.36042
-1.27211
-1.19677
-1.14152
-1.11134
-1.10751
-1.12737
-1.16514
-1.21366
-1.26523
-1.31326
-1.35301
-1.38124
-1.39655
-1.39859
-1.38774
-1.36551
-1.33326
-1.29217
-1.24278
-1.18363
-1.11007
-1.01485
-0.887671
-0.719404
-0.509862
-0.279075
-0.0764817
0.0262149
-0.0333579
-0.269328
-0.633331
-1.04266
-1.42123
-1.72246
-1.92972
-2.04729
-2.09118
-2.08356
-2.04877
-2.01147
-1.9923
-2.00376
-2.04868
-2.12062
-2.20713
-2.29458
-2.37148
-2.42973
-2.46528
-2.47699
-2.46591
-2.43415
-2.38524
-2.32297
-2.25168
-2.17607
-2.10093
-2.03105
-1.97051
-1.92285
-1.89045
-1.87476
-1.87584
-1.89324
-1.92492
-1.96847
-2.02015
-2.07622
-2.13255
-2.18566
-2.2326
-2.27095
-2.29918
-2.3157
-2.31921
-2.30706
-2.27605
-2.22085
-2.13444
-2.0089
-1.83674
-1.6135
-1.34237
-1.0381
-0.728472
-0.447868
-0.224742
-0.0680011
0.0374172
0.120787
0.208683
0.312311
0.423624
0.518839
0.567354
0.541736
0.425582
0.218353
-0.0661722
-0.40419
-0.76771
-1.12997
-1.46879
-1.76864
-2.0204
-2.2211
-2.37185
-2.47603
-2.53869
-2.56461
-2.55922
-2.52694
-2.47215
-2.39867
-2.31051
-2.21189
-2.1076
-2.00228
-1.90128
-1.80946
-1.73144
-1.67112
-1.63067
-1.61062
-1.61051
-1.62821
-1.66082
-1.70504
-1.75694
-1.81294
-1.86921
-1.92235
-1.96908
-2.00661
-2.03266
-2.04542
-2.04385
-2.02773
-1.99815
-1.95722
-1.90879
-1.85705
-1.8071
-1.76393
-1.73191
-1.71381
-1.71127
-1.72433
-1.75182
-1.7913
-1.83977
-1.89335
-1.94824
-2.00071
-2.04783
-2.08766
-2.11989
-2.14572
-2.16771
-2.18872
-2.21189
-2.24004
-2.27476
-2.31642
-2.36434
-2.41662
-2.47119
-2.52547
-2.57679
-2.62199
-2.65832
-2.68336
-2.69492
-2.69193
-2.67398
-2.64212
-2.59852
-2.54659
-2.49038
-2.43373
-2.38021
-2.33219
-2.29065
-2.25587
-2.22787
-2.20674
-2.19314
-2.18768
-2.1903
-2.19985
-2.21304
-2.22496
-2.22895
-2.21765
-2.18331
-2.11868
-2.01805
-1.87655
-1.69213
-1.46541
-1.20113
-0.90803
-0.598505
-0.285394
0.0202824
0.31106
0.581199
0.821308
1.01556
1.14584
1.20259
1.19644
1.15625
1.1135
1.08172
1.04489
0.96617
0.814785
0.590698
0.329723
0.0837416
-0.102403
-0.203236
-0.21257
-0.135848
0.0154151
0.225853
0.47527
0.736814
0.977398
1.16223
1.26351
1.2682
1.18031
1.01656
0.79824
0.545449
0.273104
-0.00771171
-0.288304
-0.561405
-0.820193
-1.06088
-1.28219
-1.48582
-1.67541
-1.85334
-2.01857
-2.16639
-2.28839
-2.37482
-2.41628
-2.40573
-2.33865
-2.21422
-2.03528
-1.80828
-1.54342
-1.25501
-0.959554
-0.674428
-0.415633
-0.195512
-0.0222896
0.0995288
0.169303
0.188662
0.160971
0.0910153
-0.0155294
-0.152543
-0.314039
-0.49409
-0.687609
-0.889763
-1.09557
-1.29985
-1.49703
-1.68161
-1.84769
-1.99008
-2.1044
-2.18672
-2.23409
-2.2443
-2.21599
-2.14836
-2.04126
-1.89586
-1.7148
-1.50279
-1.26705
-1.0183
-0.770326
-0.539554
-0.344148
-0.201438
-0.124931
-0.121919
-0.190239
-0.31959
-0.493847
-0.694163
-0.903419
-1.10828
-1.29993
-1.47266
-1.62301
-1.74803
-1.84438
-1.90804
-1.93504
-1.92179
-1.86706
-1.77161
-1.64018
-1.48067
-1.30414
-1.12326
-0.95014
-0.7952
-0.664467
-0.559526
-0.477317
-0.410858
-0.351992
-0.294331
-0.237613
-0.189272
-0.163424
-0.174838
-0.231226
-0.328914
-0.453555
-0.586186
-0.710933
-0.818364
-0.906286
-0.977456
-1.03666
-1.08802
-1.13417
-1.17558
-1.21173
-1.24199
-1.26611
-1.28502
-1.30075
-1.31607
-1.33416
-1.35816
-1.39086
-1.43452
-1.4902
-1.55773
-1.63626
-1.72322
-1.81508
-1.90674
-1.9916
-2.0622
-2.10937
-2.12342
-2.09395
-2.01051
-1.86484
-1.65524
-1.39261
-1.11044
-0.867569
-0.737054
-0.775834
-0.992873
-1.34247
-1.7506
-2.14966
-2.49574
-2.76928
-2.96614
-3.08973
-3.14558
-3.13945
-3.0758
-2.95913
-2.79401
-2.58593
-2.34231
-2.07209
-1.78549
-1.49367
-1.20752
-0.936815
-0.69055
-0.475891
-0.299207
-0.164443
-0.0745363
-0.0296078
-0.0275035
-0.0634273
-0.129325
-0.216205
-0.313843
-0.413359
-0.507553
-0.592385
-0.667391
-0.735336
-0.801807
-0.871714
-0.947904
-1.02868
-1.10792
-1.17613
-1.22267
-1.23762
-1.21421
-1.14961
-1.04698
-0.915888
-0.773259
-0.641819
-0.546443
-0.507873
-0.537826
-0.635323
-0.788326
-0.97807
-1.18467
-1.39094
-1.5844
-1.75757
-1.90702
-2.0316
-2.13192
-2.20959
-2.26571
-2.30169
-2.31863
-2.31715
-2.2973
-2.25891
-2.20127
-2.12348
-2.02429
-1.90242
-1.75662
-1.58595
-1.39085
-1.17246
-0.934691
-0.683623
-0.428879
-0.182984
0.0393407
0.223525
0.357113
0.432898
0.449103
0.410542
0.326565
0.208312
0.0670851
-0.0878323
-0.249868
-0.414652
-0.579615
-0.742807
-0.902107
-1.0547
-1.19662
-1.32391
-1.43129
-1.51413
-1.56847
-1.59088
-1.58012
-1.5364
-1.46139
-1.35911
-1.23497
-1.09563
-0.948177
-0.799592
-0.655829
-0.521826
-0.401935
-0.300027
-0.219385
-0.16227
-0.130062
-0.123961
-0.14475
-0.192801
-0.26644
-0.360832
-0.467003
-0.572614
-0.66409
-0.728633
-0.756872
-0.746864
-0.708838
-0.668128
-0.661247
-0.722498
-0.865701
-1.07675
-1.31988
-1.55481
-1.7513
-1.89461
-1.98204
-2.01852
-2.01174
-1.96928
-1.89702
-1.79926
-1.67898
-1.53902
-1.38394
-1.22029
-1.05761
-0.907929
-0.783673
-0.694278
-0.642785
-0.62414
-0.626262
-0.633937
-0.633422
-0.61484
-0.574702
-0.514241
-0.440008
-0.364525
-0.308767
-0.301498
-0.371184
-0.531735
-0.772063
-1.05753
-1.34454
-1.59624
-1.7901
-1.91791
-1.98258
-1.99291
-1.96089
-1.89968
-1.82224
-1.74023
-1.66334
-1.59886
-1.55107
-1.52126
-1.50834
-1.50975
-1.52264
-1.54471
-1.57401
-1.60945
-1.65052
-1.69652
-1.74614
-1.79744
-1.84811
-1.89524
-1.93635
-1.96889
-1.99138
-2.00307
-2.00393
-1.99487
-1.97739
-1.95296
-1.92265
-1.88694
-1.84484
-1.79452
-1.73314
-1.65785
-1.56614
-1.45673
-1.33023
-1.18978
-1.04172
-0.895676
-0.763967
-0.65888
-0.590419
-0.562238
-0.571147
-0.607601
-0.659852
-0.717335
-0.774613
-0.831327
-0.89109
-0.958777
-1.03818
-1.13018
-1.23305
-1.34294
-1.45474
-1.56306
-1.6632
-1.75042
-1.82118
-1.87243
-1.90239
-1.91043
-1.89732
-1.86463
-1.81387
-1.74483
-1.65545
-1.53928
-1.38718
-1.18788
-0.93122
-0.613497
-0.244293
0.147189
0.509062
0.774882
0.885691
0.81457
0.581164
0.240178
-0.14395
-0.520191
-0.859954
-1.15469
-1.40779
-1.62824
-1.82541
-2.00574
-2.17161
-2.32258
-2.45551
-2.56578
-2.64871
-2.70038
-2.71757
-2.6989
-2.64281
-2.55041
-2.42408
-2.26851
-2.09217
-1.90781
-1.73195
-1.58361
-1.47843
-1.4239
-1.41452
-1.43307
-1.45429
-1.45235
-1.40577
-1.29976
-1.12867
-0.895781
-0.612726
-0.298012
0.0264855
0.339826
0.627151
0.881567
1.10284
1.29425
1.45855
1.59659
1.70695
1.78779
1.83982
1.86871
1.88646
1.90927
1.95207
2.01945
2.09652
2.14512
2.11161
1.94815
1.63658
1.19846
0.683769
0.149961
-0.35594
-0.802643
-1.17213
-1.45603
-1.65072
-1.75423
-1.76455
-1.67944
-1.49769
-1.22211
-0.865044
-0.453542
-0.0328016
0.341736
0.620369
0.778569
0.822574
0.778075
0.673793
0.531269
0.363564
0.178314
-0.0193847
-0.226766
-0.442113
-0.663954
-0.891625
-1.12404
-1.35927
-1.59492
-1.82803
-2.05538
-2.27387
-2.48003
-2.67116
-2.845
-2.99969
-3.13418
-3.24755
-3.33945
-3.40973
-3.45838
-3.48523
-3.49054
-3.4744
-3.43695
-3.37884
-3.30105
-3.20515
-3.09383
-2.97102
-2.84196
-2.71286
-2.59073
-2.48258
-2.39393
-2.3282
-2.28626
-2.2656
-2.26118
-2.26632
-2.27361
-2.27657
-2.26961
-2.24923
-2.2129
-2.1597
-2.08932
-2.00241
-1.89988
-1.78352
-1.6557
-1.52017
-1.38246
-1.24967
-1.12968
-1.02998
-0.956415
-0.911566
-0.894555
-0.902039
-0.929909
-0.974418
-1.03344
-1.10629
-1.19349
-1.29569
-1.4128
-1.54349
-1.68461
-1.83188
-1.98002
-2.12348
-2.25699
-2.37623
-2.47755
-2.55848
-2.61711
-2.65276
-2.66515
-2.65485
-2.62236
-2.56878
-2.49541
-2.40418
-2.29705
-2.17685
-2.04657
-1.90987
-1.77073
-1.63328
-1.50125
-1.37734
-1.26287
-1.15734
-1.05936
-0.967554
-0.881377
-0.802435
-0.734272
-0.682405
-0.651137
-0.641971
-0.651797
-0.671713
-0.689009
-0.689824
-0.662479
-0.600888
-0.508019
-0.395843
-0.285642
-0.203004
-0.170616
-0.200989
-0.292033
-0.42791
-0.586243
-0.74494
-0.8868
-1.00152
-1.08488
-1.13715
-1.16154
-1.16328
-1.14939
-1.12828
-1.10927
-1.10223
-1.11612
-1.15661
-1.22506
-1.31812
-1.42774
-1.54388
-1.6558
-1.75414
-1.83111
-1.88062
-1.89768
-1.87769
-1.81683
-1.71359
-1.5725
-1.40803
-1.24725
-1.12518
-1.07262
-1.10083
-1.19401
-1.31624
-1.42719
-1.49516
-1.50225
-1.44278
-1.31972
-1.13955
-0.912418
-0.650413
-0.369428
-0.0890984
0.169604
0.388493
0.558221
0.681336
0.771055
0.844337
0.915735
0.992065
1.07266
1.15119
1.21793
1.26249
1.27441
1.24437
1.16599
1.03684
0.859581
0.641139
0.391627
0.1215
-0.15946
-0.442745
-0.720605
-0.985754
-1.2311
-1.45017
-1.63758
-1.78914
-1.90232
-1.97669
-2.01294
-2.01383
-1.9839
-1.93083
-1.86454
-1.79826
-1.74593
-1.72129
-1.73412
-1.78809
-1.87978
-2.00078
-2.13929
-2.28373
-2.42471
-2.55516
-2.67099
-2.76997
-2.85151
-2.9155
-2.96205
-2.99206
-3.00523
-3.00188
-2.98187
-2.94498
-2.89119
-2.82094
-2.73518
-2.63541
-2.52462
-2.40669
-2.28625
-2.16891
-2.05948
-1.96139
-1.87638
-1.8034
-1.73965
-1.68117
-1.62336
-1.56265
-1.49627
-1.42268
-1.34212
-1.25544
-1.16456
-1.07203
-0.98077
-0.893913
-0.814751
-0.745284
-0.686901
-0.63857
-0.597583
-0.558934
-0.517339
-0.466235
-0.399871
-0.313778
-0.206096
-0.0795243
0.057503
0.190668
0.300293
0.365422
0.369111
0.302696
0.168315
-0.0222402
-0.250438
-0.496413
-0.742814
-0.976172
-1.18865
-1.37504
-1.5333
-1.66274
-1.76296
-1.83332
-1.87295
-1.88057
-1.85437
-1.79301
-1.69568
-1.56366
-1.40068
-1.21401
-1.01588
-0.822222
-0.651489
-0.520788
-0.442303
-0.420477
-0.452249
-0.528645
-0.638142
-0.76878
-0.90943
-1.05012
-1.1816
-1.29569
-1.38506
-1.4433
-1.46584
-1.45032
-1.39637
-1.30676
-1.187
-1.04564
-0.893444
-0.743861
-0.612291
-0.515498
-0.468778
-0.482579
-0.558248
-0.68587
-0.847642
-1.02257
-1.19189
-1.34224
-1.46681
-1.56371
-1.6342
-1.68148
-1.7096
-1.72259
-1.72418
-1.71802
-1.70765
-1.69678
-1.68943
-1.69002
-1.70282
-1.73173
-1.77946
-1.84698
-1.93374
-2.03689
-2.15157
-2.27214
-2.3926
-2.50653
-2.60846
-2.69359
-2.75827
-2.80028
-2.81852
-2.81375
-2.78856
-2.74763
-2.69797
-2.64768
-2.60522
-2.57752
-2.5682
-2.57647
-2.59796
-2.6256
-2.65116
-2.66757
-2.66947
-2.65317
-2.6173
-2.56197
-2.48865
-2.39929
-2.29625
-2.18142
-2.05591
-1.91959
-1.77043
-1.60498
-1.41807
-1.20444
-0.959742
-0.684064
-0.385536
-0.0840631
0.187512
0.389115
0.487041
0.468562
0.34791
0.157197
-0.068241
-0.302211
-0.531345
-0.752598
-0.967106
-1.1775
-1.38488
-1.588
-1.78406
-1.96929
-2.13949
-2.29007
-2.41696
-2.51608
-2.58357
-2.61479
-2.60436
-2.54621
-2.43352
-2.25986
-2.02172
-1.72379
-1.38586
-1.0486
-0.771557
-0.616536
-0.620515
-0.776714
-1.04097
-1.35626
-1.67587
-1.97191
-2.23279
-2.45657
-2.64547
-2.80271
-2.93107
-3.03245
-3.10847
-3.15971
-3.18673
-3.18993
-3.16968
-3.12652
-3.06062
-2.97296
-2.86516
-2.73954
-2.59984
-2.4516
-2.30246
-2.16181
-2.04013
-1.94679
-1.88822
-1.86631
-1.87705
-1.91202
-1.96068
-2.0119
-2.0561
-2.08545
-2.09461
-2.0798
-2.03839
-1.96869
-1.86904
-1.7388
-1.57841
-1.39002
-1.17818
-0.951537
-0.722558
-0.507426
-0.323144
-0.183851
-0.0964804
-0.0579267
-0.0563195
-0.0750196
-0.0977082
-0.112081
-0.111652
-0.0947526
-0.0633335
-0.0204627
0.0311534
0.0913682
0.161718
0.24383
0.333924
0.417501
0.466276
0.444967
0.326156
0.106942
-0.188169
-0.518294
-0.84434
-1.1399
-1.39313
-1.60257
-1.77179
-1.90496
-2.00535
-2.07395
-2.11104
-2.11598
-2.08874
-2.03076
-1.9465
-1.84477
-1.73835
-1.64375
-1.5777
-1.5539
-1.57788
-1.64695
-1.75068
-1.87554
-2.00885
-2.14096
-2.26665
-2.38346
-2.4911
-2.58956
-2.67829
-2.75579
-2.81945
-2.86567
-2.89086
-2.89183
-2.86721
-2.8182
-2.75021
-2.67317
-2.60154
-2.55136
-2.53647
-2.56445
-2.63341
-2.73359
-2.84983
-2.96698
-3.07218
-3.15709
-3.21695
-3.25031
-3.25739
-3.23952
-3.19833
-3.13501
-3.05148
-2.94938
-2.83112
-2.69952
-2.5591
-2.4147
-2.27272
-2.1393
-2.01929
-1.91599
-1.82885
-1.75426
-1.68613
-1.61738
-1.54154
-1.45408
-1.35373
-1.24248
-1.12541
-1.0101
-0.905885
-0.82303
-0.77149
-0.759347
-0.791126
-0.867401
-0.982705
-1.12721
-1.28822
-1.45257
-1.60871
-1.74761
-1.86317
-1.95164
-2.01072
-2.03859
-2.03395
-1.99585
-1.92319
-1.81618
-1.67763
-1.51394
-1.33661
-1.1625
-1.01184
-0.904039
-0.852375
-0.859563
-0.918207
-1.01413
-1.13173
-1.25838
-1.38642
-1.51241
-1.63607
-1.75764
-1.87607
-1.9889
-2.09196
-2.17966
-2.24591
-2.28537
-2.29434
-2.27241
-2.22336
-2.15539
-2.08045
-2.01103
-1.95587
-1.91513
-1.87949
-1.83353
-1.76378
-1.66772
-1.56151
-1.47902
-1.45976
-1.52909
-1.68254
-1.88756
-2.09919
-2.27893
-2.40442
-2.47073
-2.48678
-2.47028
-2.44311
-2.42557
-2.43139
-2.46503
-2.52195
-2.59048
-2.65805
-2.71426
-2.75336
-2.7746
-2.78117
-2.77846
-2.7721
-2.7668
-2.76431
-2.76419
-2.76295
-2.75554
-2.73626
-2.69944
-2.64062
-2.55638
-2.44483
-2.30629
-2.14249
-1.95801
-1.75909
-1.55371
-1.35115
-1.16031
-0.988841
-0.841817
-0.72123
-0.62595
-0.552803
-0.498441
-0.459503
-0.435104
-0.426422
-0.436718
-0.469785
-0.52797
-0.611198
-0.716211
-0.836608
-0.964703
-1.0926
-1.21336
-1.32155
-1.41259
-1.48269
-1.52841
-1.54523
-1.52777
-1.46842
-1.35576
-1.1731
-0.896846
-0.495815
0.0631013
0.791956
1.63524
2.41911
2.88531
2.86855
2.45313
1.88943
1.38941
1.03865
0.829621
0.717499
0.653212
0.597694
0.525108
0.423291
0.29144
0.138114
-0.0208837
-0.166682
-0.281727
-0.354785
-0.387316
-0.396533
-0.41427
-0.476202
-0.607129
-0.808156
-1.05796
-1.32436
-1.57828
-1.80208
-1.99006
-2.14439
-2.27067
-2.37475
-2.46091
-2.53148
-2.58712
-2.62735
-2.65112
-2.65764
-2.64728
-2.62111
-2.58255
-2.5366
-2.49048
-2.45229
-2.42971
-2.42835
-2.45011
-2.49262
-2.54913
-2.61009
-2.6647
-2.70261
-2.71411
-2.69147
-2.62844
-2.52169
-2.37088
-2.18033
-1.96062
-1.72889
-1.50779
-1.32014
-1.18301
-1.10153
-1.06867
-1.06838
-1.08273
-1.09711
-1.10243
-1.09534
-1.0756
-1.04573
-1.00802
-0.965518
-0.920607
-0.87531
-0.831578
-0.791235
-0.756258
-0.728708
-0.710148
-0.702254
-0.706615
-0.724207
-0.754914
-0.797443
-0.848572
-0.903177
-0.955817
-1.0022
-1.04182
-1.07981
-1.12754
-1.19943
-1.30687
-1.45399
-1.63459
-1.8354
-2.04169
-2.24239
-2.43112
-2.60585
-2.76703
-2.91488
-3.04866
-3.16677
-3.26716
-3.34753
-3.40625
-3.44275
-3.45719
-3.4505
-3.42409
-3.37953
-3.31771
-3.23935
-3.14443
-3.03291
-2.90434
-2.75931
-2.59833
-2.42261
-2.23391
-2.03547
-1.83317
-1.63751
-1.46292
-1.3257
-1.2397
-1.21235
-1.24234
-1.32209
-1.44072
-1.58612
-1.74691
-1.91247
-2.07337
-2.22195
-2.3527
-2.4621
-2.54875
-2.61269
-2.65493
-2.67642
-2.67798
-2.65989
-2.62161
-2.56191
-2.47909
-2.37151
-2.23822
-2.08075
-1.90446
-1.72103
-1.54941
-1.41393
-1.33888
-1.34012
-1.41824
-1.5561
-1.72585
-1.89598
-2.03879
-2.13415
-2.16936
-2.1379
-2.0392
-1.87761
-1.66129
-1.39955
-1.09895
-0.75916
-0.373299
0.0639102
0.540983
1.01422
1.40514
1.62125
1.60057
1.3516
0.953046
0.511628
0.11443
-0.19418
-0.409921
-0.553558
-0.656841
-0.748872
-0.848597
-0.960962
-1.07973
-1.19238
-1.28585
-1.35002
-1.37807
-1.36543
-1.30647
-1.19255
-1.01187
-0.752941
-0.41329
-0.0104811
0.406017
0.757682
0.962355
0.972909
0.797695
0.483346
0.0841994
-0.355885
-0.803759
-1.23152
-1.6166
-1.9421
-2.19809
-2.37971
-2.48576
-2.51708
-2.47488
-2.36126
-2.17947
-1.93523
-1.63872
-1.30517
-0.956522
-0.621341
-0.333524
-0.129334
-0.0411437
-0.0893681
-0.274743
-0.576595
-0.957645
-1.37417
-1.78619
-2.16343
-2.48742
-2.74933
-2.94797
-3.08628
-3.16974
-3.2049
-3.19929
-3.16002
-3.09499
-3.01095
-2.9145
-2.8112
-2.70478
-2.5976
-2.49029
-2.38227
-2.27175
-2.15675
-2.03558
-1.90721
-1.77249
-1.6342
-1.49764
-1.37093
-1.26333
-1.18522
-1.14502
-1.14652
-1.18844
-1.26308
-1.35962
-1.46599
-1.57167
-1.66973
-1.7568
-1.8326
-1.89897
-1.95876
-2.01479
-2.06939
-2.12446
-2.18082
-2.23848
-2.29701
-2.35524
-2.41146
-2.46336
-2.50853
-2.54496
-2.57032
-2.58339
-2.58298
-2.56859
-2.5407
-2.49931
-2.44548
-2.38005
-2.3044
-2.21943
-2.12736
-2.0299
-1.93015
-1.8316
-1.73791
-1.6528
-1.5783
-1.51401
-1.45568
-1.39466
-1.31862
-1.21324
-1.06674
-0.87756
-0.662886
-0.464883
-0.343156
-0.350367
-0.502109
-0.765836
-1.07947
-1.38383
-1.64153
-1.8402
-1.98416
-2.08578
-2.15813
-2.21113
-2.25013
-2.27569
-2.28504
-2.27461
-2.24059
-2.18131
-2.09715
-1.99107
-1.86782
-1.73313
-1.59365
-1.45605
-1.32797
-1.21819
-1.13688
-1.09439
-1.09865
-1.15244
-1.2512
-1.38315
-1.53096
-1.67623
-1.8022
-1.89667
-1.95301
-1.96988
-1.95126
-1.90498
-1.84275
-1.77891
-1.72833
-1.70518
-1.7194
-1.77518
-1.87007
-1.99559
-2.1397
-2.28835
-2.42855
-2.54889
-2.64011
-2.69449
-2.70549
-2.66747
-2.57516
-2.42404
-2.21273
-1.94495
-1.63449
-1.30957
-1.01174
-0.787996
-0.674224
-0.680221
-0.785754
-0.953218
-1.14379
-1.32905
-1.49331
-1.62999
-1.73741
-1.81553
-1.865
-1.88581
-1.87891
-1.84641
-1.79239
-1.72329
-1.64755
-1.57484
-1.51462
-1.47459
-1.46077
-1.47668
-1.52476
-1.60567
-1.71877
-1.86085
-2.0252
-2.20175
-2.37781
-2.53964
-2.67403
-2.76983
-2.8181
-2.81275
-2.75133
-2.63684
-2.47907
-2.29673
-2.11643
-1.96825
-1.87662
-1.85109
-1.88394
-1.9545
-2.03897
-2.11852
-2.18327
-2.23048
-2.26187
-2.28045
-2.2886
-2.28769
-2.27864
-2.26195
-2.2384
-2.20943
-2.17592
-2.13849
-2.09704
-2.05058
-1.99771
-1.93712
-1.86773
-1.78947
-1.70351
-1.61243
-1.52065
-1.43438
-1.36176
-1.3116
-1.29235
-1.3108
-1.37047
-1.47
-1.60336
-1.76123
-1.93245
-2.10552
-2.27055
-2.41928
-2.54542
-2.64458
-2.7134
-2.74949
-2.75078
-2.71572
-2.64248
-2.53049
-2.37951
-2.19077
-1.96739
-1.71424
-1.43898
-1.15216
-0.865907
-0.594398
-0.350825
-0.14655
0.0110246
0.119163
0.1805
0.20245
0.196355
0.175027
0.152048
0.139271
0.145679
0.177866
0.239428
0.330667
0.449933
0.593596
0.756491
0.931938
1.11133
1.28188
1.42436
1.51281
1.52111
1.43259
1.24877
0.985599
0.663765
0.301746
-0.0813144
-0.460967
-0.806717
-1.08941
-1.28998
-1.40578
-1.45286
-1.46375
-1.47912
-1.5347
-1.64817
-1.81364
-2.0065
-2.19485
-2.35043
-2.45337
-2.4921
-2.46069
-2.35759
-2.18559
-1.95246
-1.67433
-1.37721
-1.09627
-0.870065
-0.731465
-0.696976
-0.761572
-0.900312
-1.0774
-1.2574
-1.41269
-1.5268
-1.59338
-1.61313
-1.59082
-1.53336
-1.44731
-1.33954
-1.2165
-1.08433
-0.948156
-0.81208
-0.677427
-0.542221
-0.400436
-0.245468
-0.0752942
0.0990064
0.248184
0.331228
0.311183
0.174345
-0.0646877
-0.374842
-0.724802
-1.09234
-1.46275
-1.82418
-2.16499
-2.47304
-2.7381
-2.95278
-3.1138
-3.22008
-3.27284
-3.27422
-3.22655
-3.13193
-2.99259
-2.81039
-2.58883
-2.33252
-2.04976
-1.75238
-1.45567
-1.17642
-0.929668
-0.72665
-0.573107
-0.47083
-0.420464
-0.422865
-0.47719
-0.5795
-0.720494
-0.885476
-1.05705
-1.21823
-1.35622
-1.46284
-1.53492
-1.5739
-1.5844
-1.57297
-1.54711
-1.51469
-1.48369
-1.46125
-1.4541
-1.46744
-1.50502
-1.56876
-1.65848
-1.77183
-1.90472
-2.05204
-2.20767
-2.36519
-2.51903
-2.66444
-2.79753
-2.91505
-3.01499
-3.09576
-3.15628
-3.19607
-3.21498
-3.21392
-3.19488
-3.16074
-3.11593
-3.06575
-3.01596
-2.97228
-2.93914
-2.91996
-2.91643
-2.92918
-2.95801
-3.00205
-3.05976
-3.12887
-3.20571
-3.28627
-3.36513
-3.43765
-3.49914
-3.54628
-3.57664
-3.5886
-3.58152
-3.5556
-3.51155
-3.45018
-3.37261
-3.28028
-3.17453
-3.05692
-2.92854
-2.79065
-2.64415
-2.48935
-2.32597
-2.15307
-1.9682
-1.76765
-1.54562
-1.29319
-0.998417
-0.646691
-0.224261
0.274818
0.835531
1.40811
1.90475
2.21991
2.27474
2.05876
1.63633
1.11226
0.589029
0.135269
-0.220835
-0.485776
-0.685986
-0.854449
-1.01686
-1.18311
-1.34781
-1.49603
-1.61136
-1.68395
-1.71177
-1.70126
-1.66385
-1.61372
-1.5638
-1.524
-1.4992
-1.48886
-1.48926
-1.49434
-1.49759
-1.49263
-1.47305
-1.43157
-1.35935
-1.24464
-1.07323
-0.830469
-0.503627
-0.0877755
0.407687
0.951757
1.48928
1.94717
2.25445
2.36796
2.28983
2.06415
1.75637
1.42883
1.12434
0.859094
0.623521
0.38654
0.108376
-0.241333
-0.667251
-1.14523
-1.63577
-2.1011
-2.5149
-2.86399
-3.14467
-3.35866
-3.50987
-3.60319
-3.64389
-3.63718
-3.58884
-3.50524
-3.39405
-3.26296
-3.12006
-2.9717
-2.82214
-2.67218
-2.51965
-2.36076
-2.19205
-2.01152
-1.82023
-1.62227
-1.4245
-1.23595
-1.06722
-0.929674
-0.834497
-0.788787
-0.793122
-0.839609
-0.911981
-0.990017
-1.05519
-1.09416
-1.10201
-1.08205
-1.04512
-1.00682
-0.9842
-0.992434
-1.04155
-1.1336
-1.26335
-1.41983
-1.58916
-1.75793
-1.91558
-2.05475
-2.17139
-2.26437
-2.334
-2.38137
-2.40737
-2.41323
-2.39914
-2.36493
-2.30981
-2.23296
-2.13368
-2.01167
-1.8677
-1.70417
-1.52578
-1.33905
-1.15243
-0.975863
-0.819339
-0.692062
-0.602191
-0.555557
-0.555539
-0.60227
-0.692404
-0.818973
-0.972727
-1.14237
-1.31657
-1.48493
-1.63844
-1.77021
-1.87508
-1.95028
-1.99442
-2.00841
-1.99436
-1.9562
-1.90005
-1.83319
-1.76379
-1.70004
-1.6482
-1.61158
-1.58964
-1.5794
-1.57736
-1.58272
-1.59971
-1.6383
-1.71149
-1.83024
-1.99759
-2.20557
-2.43829
-2.67581
-2.90012
-3.09824
-3.26271
-3.39061
-3.48257
-3.54073
-3.56783
-3.56678
-3.54
-3.48998
-3.41811
-3.32572
-3.2134
-3.08177
-2.93055
-2.75994
-2.57086
-2.36525
-2.14672
-1.9218
-1.69907
-1.49038
-1.30792
-1.16309
-1.06388
-1.01315
-1.0082
-1.04223
-1.10502
-1.18504
-1.27109
-1.35349
-1.42414
-1.47839
-1.51379
-1.53077
-1.53301
-1.52545
-1.51551
-1.51101
-1.5193
-1.54628
-1.59547
-1.66738
-1.75969
-1.8678
-1.98548
-2.10636
-2.22428
-2.33415
-2.43273
-2.5177
-2.58757
-2.64225
-2.68167
-2.70602
-2.71512
-2.70871
-2.68642
-2.64724
-2.59
-2.51394
-2.41781
-2.30047
-2.1613
-2.00072
-1.82055
-1.62532
-1.42355
-1.22856
-1.05709
-0.926668
-0.850145
-0.831295
-0.862679
-0.927018
-1.00285
-1.06872
-1.10737
-1.10763
-1.06565
-0.985282
-0.879496
-0.768858
-0.679232
-0.634571
-0.650818
-0.73035
-0.863788
-1.03525
-1.22853
-1.4309
-1.63389
-1.83139
-2.01891
-2.19264
-2.34952
-2.4877
-2.60626
-2.7055
-2.78558
-2.84706
-2.88996
-2.91395
-2.91789
-2.90041
-2.86014
-2.79597
-2.70704
-2.59324
-2.45454
-2.29118
-2.10344
-1.89131
-1.65487
-1.39521
-1.11626
-0.826887
-0.541839
-0.280619
-0.0633484
0.0959771
0.194874
0.242572
0.256574
0.255381
0.251419
0.246808
0.234077
0.198361
0.12416
0.00030228
-0.176322
-0.400572
-0.660971
-0.942109
-1.22699
-1.49855
-1.74202
-1.9449
-2.0988
-2.19931
-2.24656
-2.24553
-2.20632
-2.14483
-2.08022
-2.03106
-2.00932
-2.01441
-2.03096
-2.03115
-1.97988
-1.8404
-1.58196
-1.19149
-0.694225
-0.176509
0.217491
0.350516
0.186701
-0.182907
-0.616114
-1.00704
-1.31375
-1.54029
-1.70906
-1.84364
-1.9608
-2.06934
-2.17184
-2.26678
-2.35119
-2.4221
-2.47737
-2.51578
-2.53718
-2.54208
-2.53121
-2.50505
-2.46488
-2.41155
-2.34592
-2.26913
-2.1822
-2.08645
-1.98258
-1.87156
-1.75388
-1.62921
-1.49713
-1.35684
-1.20774
-1.0497
-0.884241
-0.714427
-0.545817
-0.385996
-0.243482
-0.126393
-0.0408532
0.00932275
0.0228612
-0.000893747
-0.0613777
-0.156379
-0.279528
-0.419765
-0.561968
-0.69147
-0.797147
-0.875131
-0.92927
-0.970231
-1.01263
-1.07044
-1.15326
-1.26283
-1.39368
-1.53464
-1.67302
-1.79732
-1.90011
-1.97778
-2.03109
-2.06416
-2.08363
-2.09773
-2.1156
-2.14557
-2.19463
-2.26708
-2.36392
-2.48278
-2.61826
-2.76329
-2.91014
-3.05165
-3.18224
-3.29773
-3.39525
-3.47408
-3.53408
-3.57643
-3.60262
-3.61508
-3.61612
-3.60842
-3.59421
-3.57543
-3.55359
-3.52906
-3.50086
-3.46643
-3.4222
-3.36296
-3.28206
-3.17248
-3.02646
-2.83738
-2.60049
-2.31389
-1.97969
-1.60323
-1.191
-0.748509
-0.278887
0.214313
0.719599
1.21133
1.64737
1.97904
2.16603
2.19311
2.0741
1.84506
1.55061
1.23225
0.921096
0.636586
0.385185
0.163635
-0.0382195
-0.232203
-0.426843
-0.623743
-0.817028
-0.996148
-1.14862
-1.2652
-1.34127
-1.37806
-1.38232
-1.36546
-1.34105
-1.32347
-1.32505
-1.35436
-1.41508
-1.50621
-1.62216
-1.75482
-1.89529
-2.03475
-2.16618
-2.28451
-2.38674
-2.4713
-2.53803
-2.5877
-2.62135
-2.64063
-2.64711
-2.6422
-2.62735
-2.60381
-2.57293
-2.53538
-2.49198
-2.44322
-2.39006
-2.33333
-2.27347
-2.21108
-2.14515
-2.07415
-1.99383
-1.89838
-1.78202
-1.63981
-1.4726
-1.28996
-1.11366
-0.975765
-0.909519
-0.936862
-1.05732
-1.24816
-1.47477
-1.70392
-1.91199
-2.08657
-2.22429
-2.32706
-2.39983
-2.44776
-2.4758
-2.48831
-2.48811
-2.47733
-2.45709
-2.42782
-2.39029
-2.34543
-2.29648
-2.24875
-2.20992
-2.18955
-2.19619
-2.23431
-2.30297
-2.39393
-2.49364
-2.58517
-2.65108
-2.67432
-2.63906
-2.53011
-2.33481
-2.04558
-1.66791
-1.23019
-0.790224
-0.424839
-0.197285
-0.119853
-0.14652
-0.20486
-0.236351
-0.217793
-0.158738
-0.0883652
-0.0393577
-0.0357538
-0.0863071
-0.185851
-0.320456
-0.474229
-0.63329
-0.787627
-0.93139
-1.06052
-1.17297
-1.26725
-1.34202
-1.39568
