1.79204
1.79204
1.79204
1.79204
1.79204
1.79204
1.79204
1.79204
1.79204
1.79204
1.79204
1.79204
1.79204
1.79204
1.79205
1.79205
1.79205
1.79205
1.79205
1.79205
1.79205
1.79205
1.79205
1.79205
1.79205
1.79205
1.79206
1.79206
1.79206
1.79206
1.79206
1.79206
1.79206
1.79207
1.79207
1.79207
1.79207
1.79207
1.79207
1.79208
1.79208
1.79208
1.79208
1.79208
1.79209
1.79209
1.79209
1.79209
1.79209
1.7921
1.7921
1.7921
1.7921
1.79211
1.79211
1.79211
1.79211
1.79212
1.79212
1.79212
1.79212
1.79213
1.79213
1.79213
1.79214
1.79214
1.79214
1.79214
1.79215
1.79215
1.79215
1.79216
1.79216
1.79216
1.79217
1.79217
1.79217
1.79218
1.79218
1.79219
1.79219
1.79219
1.7922
1.7922
1.7922
1.79221
1.79221
1.79222
1.79222
1.79222
1.79223
1.79223
1.79224
1.79224
1.79225
1.79225
1.79225
1.79226
1.79226
1.79227
1.79227
1.79228
1.79228
1.79229
1.79229
1.7923
1.7923
1.79231
1.79231
1.79232
1.79232
1.79233
1.79233
1.79234
1.79234
1.79235
1.79236
1.79236
1.79237
1.79237
1.79238
1.79238
1.79239
1.7924
1.7924
1.79241
1.79241
1.79242
1.79243
1.79243
1.79244
1.79244
1.79245
1.79246
1.79246
1.79247
1.79248
1.79248
1.79249
1.7925
1.7925
1.79251
1.79251
1.79252
1.79253
1.79253
1.79254
1.79255
1.79255
1.79256
1.79257
1.79257
1.79258
1.79259
1.7926
1.7926
1.79261
1.79262
1.79263
1.79263
1.79264
1.79265
1.79266
1.79266
1.79267
1.79268
1.79269
1.79269
1.7927
1.79271
1.79272
1.79273
1.79273
1.79274
1.79275
1.79276
1.79277
1.79278
1.79279
1.79279
1.7928
1.79281
1.79282
1.79283
1.79284
1.79284
1.79285
1.79286
1.79287
1.79288
1.79289
1.7929
1.79291
1.79292
1.79293
1.79294
1.79294
1.79295
1.79296
1.79297
1.79298
1.79299
1.793
1.79301
1.79302
1.79303
1.79304
1.79305
1.79306
1.79307
1.79308
1.79309
1.7931
1.79311
1.79312
1.79313
1.79315
1.79316
1.79317
1.79318
1.79319
1.7932
1.79321
1.79322
1.79324
1.79325
1.79326
1.79327
1.79328
1.79329
1.7933
1.79332
1.79333
1.79334
1.79335
1.79336
1.79337
1.79338
1.7934
1.79341
1.79342
1.79343
1.79344
1.79346
1.79347
1.79348
1.79349
1.79351
1.79352
1.79353
1.79355
1.79356
1.79357
1.79359
1.7936
1.79361
1.79362
1.79364
1.79365
1.79366
1.79368
1.79369
1.79371
1.79372
1.79373
1.79375
1.79376
1.79378
1.79379
1.79381
1.79382
1.79383
1.79385
1.79386
1.79388
1.79389
1.79391
1.79392
1.79394
1.79395
1.79397
1.79398
1.79399
1.79401
1.79403
1.79404
1.79406
1.79407
1.79409
1.7941
1.79412
1.79414
1.79415
1.79417
1.79418
1.7942
1.79421
1.79423
1.79425
1.79426
1.79428
1.7943
1.79431
1.79433
1.79435
1.79436
1.79438
1.7944
1.79442
1.79444
1.79445
1.79447
1.79449
1.79451
1.79452
1.79454
1.79456
1.79458
1.7946
1.79461
1.79463
1.79465
1.79467
1.79469
1.79471
1.79473
1.79474
1.79476
1.79478
1.7948
1.79482
1.79484
1.79486
1.79488
1.7949
1.79492
1.79494
1.79496
1.79498
1.795
1.79501
1.79504
1.79506
1.79508
1.7951
1.79512
1.79514
1.79516
1.79518
1.7952
1.79522
1.79524
1.79527
1.79529
1.79531
1.79533
1.79535
1.79537
1.79539
1.79542
1.79544
1.79546
1.79548
1.7955
1.79553
1.79555
1.79557
1.79559
1.79561
1.79564
1.79566
1.79568
1.79571
1.79573
1.79575
1.79577
1.7958
1.79582
1.79585
1.79587
1.79589
1.79592
1.79594
1.79596
1.79599
1.79601
1.79604
1.79606
1.79609
1.79611
1.79614
1.79616
1.79619
1.79621
1.79624
1.79626
1.79629
1.79631
1.79634
1.79636
1.79639
1.79641
1.79644
1.79647
1.79649
1.79652
1.79654
1.79657
1.7966
1.79662
1.79665
1.79668
1.79671
1.79673
1.79676
1.79679
1.79682
1.79684
1.79687
1.7969
1.79693
1.79696
1.79698
1.79701
1.79704
1.79707
1.7971
1.79712
1.79715
1.79718
1.79721
1.79724
1.79727
1.79729
1.79732
1.79735
1.79738
1.79741
1.79744
1.79747
1.7975
1.79753
1.79757
1.79759
1.79763
1.79766
1.79769
1.79772
1.79775
1.79778
1.79781
1.79785
1.79788
1.79791
1.79794
1.79797
1.79801
1.79804
1.79807
1.7981
1.79814
1.79817
1.7982
1.79824
1.79827
1.7983
1.79834
1.79837
1.7984
1.79844
1.79847
1.7985
1.79854
1.79857
1.79861
1.79864
1.79868
1.79871
1.79875
1.79878
1.79882
1.79885
1.79889
1.79893
1.79896
1.799
1.79904
1.79907
1.79911
1.79915
1.79918
1.79922
1.79926
1.79929
1.79933
1.79937
1.79941
1.79944
1.79948
1.79952
1.79956
1.7996
1.79964
1.79968
1.79972
1.79975
1.79979
1.79983
1.79987
1.79991
1.79995
1.79999
1.80003
1.80007
1.80011
1.80015
1.80019
1.80023
1.80027
1.80032
1.80036
1.8004
1.80044
1.80048
1.80052
1.80057
1.80061
1.80065
1.80069
1.80074
1.80078
1.80082
1.80087
1.80091
1.80095
1.801
1.80104
1.80109
1.80113
1.80117
1.80122
1.80126
1.80131
1.80136
1.8014
1.80145
1.80149
1.80154
1.80158
1.80163
1.80168
1.80172
1.80177
1.80182
1.80186
1.80191
1.80196
1.80201
1.80205
1.8021
1.80215
1.8022
1.80225
1.8023
1.80235
1.8024
1.80244
1.80249
1.80254
1.80259
1.80264
1.80269
1.80275
1.8028
1.80285
1.8029
1.80295
1.803
1.80305
1.80311
1.80316
1.80321
1.80326
1.80331
1.80337
1.80342
1.80347
1.80353
1.80358
1.80364
1.80369
1.80374
1.8038
1.80385
1.80391
1.80396
1.80402
1.80407
1.80413
1.80419
1.80424
1.8043
1.80436
1.80441
1.80447
1.80453
1.80459
1.80464
1.8047
1.80476
1.80482
1.80488
1.80494
1.80499
1.80505
1.80511
1.80517
1.80523
1.80529
1.80535
1.80542
1.80548
1.80554
1.8056
1.80566
1.80572
1.80578
1.80585
1.80591
1.80597
1.80604
1.8061
1.80616
1.80623
1.80629
1.80636
1.80642
1.80649
1.80655
1.80662
1.80668
1.80675
1.80682
1.80688
1.80695
1.80702
1.80709
1.80715
1.80722
1.80729
1.80736
1.80743
1.8075
1.80756
1.80763
1.8077
1.80777
1.80785
1.80792
1.80799
1.80806
1.80813
1.8082
1.80827
1.80834
1.80842
1.80849
1.80856
1.80864
1.80871
1.80878
1.80886
1.80893
1.80901
1.80908
1.80916
1.80924
1.80931
1.80939
1.80947
1.80954
1.80962
1.8097
1.80978
1.80986
1.80993
1.81001
1.81009
1.81017
1.81025
1.81034
1.81042
1.8105
1.81058
1.81066
1.81075
1.81083
1.81091
1.81099
1.81108
1.81116
1.81125
1.81133
1.81142
1.8115
1.81159
1.81167
1.81176
1.81185
1.81193
1.81202
1.81211
1.8122
1.81229
1.81238
1.81246
1.81255
1.81264
1.81273
1.81283
1.81292
1.81301
1.8131
1.81319
1.81329
1.81338
1.81347
1.81357
1.81366
1.81376
1.81385
1.81395
1.81405
1.81414
1.81424
1.81434
1.81444
1.81453
1.81463
1.81473
1.81483
1.81493
1.81503
1.81513
1.81523
1.81534
1.81544
1.81554
1.81564
1.81575
1.81585
1.81596
1.81606
1.81617
1.81627
1.81638
1.81648
1.81659
1.8167
1.81681
1.81692
1.81703
1.81714
1.81725
1.81736
1.81747
1.81758
1.81769
1.8178
1.81792
1.81803
1.81814
1.81826
1.81837
1.81849
1.8186
1.81872
1.81884
1.81895
1.81907
1.81919
1.81931
1.81943
1.81955
1.81967
1.81979
1.81991
1.82003
1.82015
1.82028
1.8204
1.82053
1.82065
1.82077
1.8209
1.82103
1.82115
1.82128
1.82141
1.82154
1.82167
1.8218
1.82193
1.82206
1.82219
1.82232
1.82245
1.82258
1.82272
1.82285
1.82299
1.82312
1.82326
1.82339
1.82353
1.82367
1.8238
1.82394
1.82408
1.82422
1.82436
1.8245
1.82464
1.82478
1.82493
1.82507
1.82521
1.82536
1.8255
1.82565
1.82579
1.82594
1.82608
1.82623
1.82638
1.82653
1.82668
1.82683
1.82698
1.82713
1.82728
1.82743
1.82758
1.82773
1.82789
1.82804
1.82819
1.82835
1.8285
1.82866
1.82882
1.82897
1.82913
1.82929
1.82944
1.8296
1.82976
1.82992
1.83008
1.83024
1.8304
1.83056
1.83072
1.83088
1.83104
1.83121
1.83137
1.83153
1.83169
1.83186
1.83202
1.83218
1.83235
1.83251
1.83268
1.83284
1.833
1.83317
1.83333
1.8335
1.83366
1.83383
1.83399
1.83416
1.83432
1.83449
1.83465
1.83481
1.83498
1.83514
1.8353
1.83547
1.83563
1.83579
1.83595
1.83611
1.83627
1.83643
1.83659
1.83675
1.83691
1.83706
1.83722
1.83738
1.83753
1.83768
1.83783
1.83798
1.83813
1.83828
1.83843
1.83857
1.83872
1.83886
1.839
1.83914
1.83928
1.83941
1.83954
1.83967
1.8398
1.83993
1.84005
1.84017
1.84029
1.8404
1.84051
1.84062
1.84073
1.84083
1.84093
1.84103
1.84112
1.8412
1.84129
1.84137
1.84144
1.84151
1.84158
1.84164
1.8417
1.84175
1.8418
1.84184
1.84188
1.8419
1.84193
1.84195
1.84196
1.84196
1.84196
1.84196
1.84194
1.84192
1.8419
1.84186
1.84182
1.84177
1.84171
1.84165
1.84157
1.84149
1.8414
1.84131
1.8412
1.84108
1.84096
1.84083
1.84069
1.84054
1.84038
1.84022
1.84004
1.83986
1.83966
1.83946
1.83925
1.83903
1.83881
1.83857
1.83833
1.83808
1.83783
1.83756
1.83729
1.83701
1.83673
1.83644
1.83615
1.83585
1.83555
1.83524
1.83493
1.83462
1.83431
1.83399
1.83368
1.83336
1.83305
1.83274
1.83244
1.77817
1.77788
1.77759
1.77731
1.77704
1.77678
1.77652
1.77628
1.77605
1.77583
1.77563
1.77544
1.77527
1.77512
1.77498
1.77486
1.77477
1.77469
1.77463
1.7746
1.77458
1.77459
1.77463
1.77469
1.77477
1.77488
1.77501
1.77517
1.77536
1.77557
1.7758
1.77607
1.77635
1.77667
1.77701
1.77737
1.77776
1.77817
1.7786
1.77906
1.77954
1.78004
1.78056
1.7811
1.78166
1.78224
1.78283
1.78345
1.78407
1.78471
1.78536
1.78603
1.78671
1.78739
1.78809
1.78879
1.7895
1.79022
1.79095
1.79167
1.7924
1.79314
1.79387
1.79461
1.79535
1.79608
1.79682
1.79755
1.79828
1.79901
1.79973
1.80045
1.80116
1.80187
1.80257
1.80327
1.80396
1.80464
1.80532
1.80598
1.80664
1.8073
1.80794
1.80858
1.8092
1.80982
1.81043
1.81103
1.81163
1.81221
1.81279
1.81335
1.81391
1.81446
1.815
1.81553
1.81605
1.81656
1.81707
1.81757
1.81806
1.81854
1.81901
1.81947
1.81993
1.82038
1.82082
1.82126
1.82169
1.82211
1.82252
1.82293
1.82333
1.82372
1.82411
1.82449
1.82487
1.82524
1.8256
1.82596
1.82631
1.82666
1.82701
1.82734
1.82768
1.828
1.82833
1.82865
1.82896
1.82927
1.82958
1.82988
1.83018
1.83048
1.83077
1.83106
1.83134
1.83162
1.8319
1.83218
1.83245
1.83272
1.83299
1.83325
1.83351
1.83377
1.83402
1.83427
1.83453
1.83477
1.83502
1.83526
1.8355
1.83574
1.83598
1.83622
1.83645
1.83668
1.83691
1.83714
1.83736
1.83758
1.83781
1.83802
1.83824
1.83846
1.83867
1.83889
1.8391
1.83931
1.83951
1.83972
1.83992
1.84013
1.84033
1.84053
1.84073
1.84092
1.84112
1.84131
1.8415
1.84169
1.84188
1.84206
1.84224
1.84242
1.8426
1.84278
1.84296
1.84313
1.84331
1.84348
1.84365
1.84381
1.84398
1.84414
1.8443
1.84446
1.84461
1.84477
1.84492
1.84507
1.84521
1.84536
1.8455
1.84564
1.84578
1.84591
1.84604
1.84617
1.84629
1.84642
1.84654
1.84665
1.84677
1.84688
1.84698
1.84709
1.84719
1.84728
1.84737
1.84746
1.84755
1.84763
1.84771
1.84778
1.84785
1.84792
1.84798
1.84804
1.84809
1.84814
1.84819
1.84823
1.84826
1.84829
1.84832
1.84834
1.84836
1.84837
1.84838
1.84838
1.84838
1.84838
1.84836
1.84835
1.84833
1.8483
1.84827
1.84823
1.84819
1.84814
1.84809
1.84804
1.84798
1.84791
1.84784
1.84776
1.84768
1.8476
1.8475
1.84741
1.84731
1.84721
1.8471
1.84698
1.84687
1.84674
1.84662
1.84649
1.84636
1.84622
1.84608
1.84593
1.84578
1.84563
1.84548
1.84532
1.84517
1.845
1.84484
1.84468
1.84451
1.84434
1.84417
1.844
1.84383
1.84366
1.84348
1.84331
1.84314
1.84296
1.84279
1.84262
1.84245
1.84228
1.84211
1.84195
1.84178
1.84162
1.84146
1.84131
1.84115
1.841
1.84086
1.84071
1.84057
1.84044
1.84031
1.84018
1.84006
1.83994
1.83983
1.83972
1.83962
1.83952
1.83943
1.83935
1.83927
1.8392
1.83913
1.83908
1.83902
1.83898
1.83894
1.83891
1.83888
1.83886
1.83885
1.83885
1.83885
1.83886
1.83888
1.83891
1.83894
1.83898
1.83903
1.83909
1.83915
1.83922
1.8393
1.83939
1.83948
1.83959
1.8397
1.83982
1.83994
1.84008
1.84022
1.84037
1.84053
1.8407
1.84087
1.84105
1.84124
1.84144
1.84165
1.84186
1.84208
1.84231
1.84255
1.84279
1.84304
1.8433
1.84357
1.84385
1.84413
1.84442
1.84472
1.84502
1.84533
1.84565
1.84598
1.84631
1.84665
1.847
1.84735
1.84771
1.84807
1.84845
1.84882
1.84921
1.84959
1.84999
1.85039
1.85079
1.8512
1.85161
1.85203
1.85245
1.85287
1.8533
1.85373
1.85416
1.8546
1.85504
1.85548
1.85592
1.85637
1.85681
1.85726
1.85771
1.85816
1.8586
1.85905
1.8595
1.85994
1.86039
1.86083
1.86127
1.86171
1.86215
1.86259
1.86302
1.86345
1.86388
1.8643
1.86472
1.86513
1.86554
1.86595
1.86635
1.86675
1.86714
1.86753
1.86791
1.86829
1.86866
1.86903
1.86939
1.86974
1.87009
1.87043
1.87076
1.87109
1.87142
1.87173
1.87204
1.87234
1.87264
1.87293
1.87321
1.87349
1.87376
1.87402
1.87428
1.87453
1.87478
1.87501
1.87524
1.87547
1.87569
1.8759
1.87611
1.87631
1.8765
1.87669
1.87688
1.87706
1.87723
1.8774
1.87756
1.87772
1.87787
1.87802
1.87817
1.87831
1.87844
1.87858
1.87871
1.87883
1.87896
1.87908
1.8792
1.87931
1.87943
1.87954
1.87965
1.87976
1.87987
1.87997
1.88008
1.88018
1.88029
1.88039
1.8805
1.8806
1.88071
1.88082
1.88092
1.88103
1.88114
1.88126
1.88137
1.88149
1.8816
1.88173
1.88185
1.88198
1.8821
1.88224
1.88237
1.88251
1.88265
1.8828
1.88295
1.88311
1.88326
1.88343
1.88359
1.88376
1.88394
1.88412
1.8843
1.88449
1.88468
1.88488
1.88508
1.88529
1.8855
1.88571
1.88593
1.88615
1.88638
1.88661
1.88684
1.88708
1.88732
1.88756
1.88781
1.88806
1.88832
1.88858
1.88884
1.8891
1.88937
1.88964
1.88991
1.89018
1.89045
1.89073
1.89101
1.89129
1.89157
1.89185
1.89214
1.89242
1.8927
1.89299
1.89327
1.89356
1.89384
1.89413
1.89441
1.89469
1.89497
1.89526
1.89554
1.89582
1.8961
1.89637
1.89665
1.89692
1.8972
1.89747
1.89774
1.89801
1.89827
1.89854
1.8988
1.89906
1.89932
1.89957
1.89983
1.90008
1.90033
1.90058
1.90083
1.90108
1.90132
1.90156
1.9018
1.90204
1.90227
1.90251
1.90274
1.90297
1.9032
1.90343
1.90366
1.90388
1.90411
1.90433
1.90455
1.90478
1.905
1.90522
1.90544
1.90565
1.90587
1.90609
1.9063
1.90652
1.90673
1.90695
1.90716
1.90738
1.90759
1.9078
1.90801
1.90823
1.90844
1.90865
1.90886
1.90907
1.90928
1.90949
1.9097
1.90991
1.91012
1.91033
1.91054
1.91075
1.91096
1.91117
1.91137
1.91158
1.91179
1.91199
1.9122
1.91241
1.91261
1.91281
1.91302
1.91322
1.91342
1.91362
1.91382
1.91402
1.91422
1.91442
1.91461
1.91481
1.915
1.91519
1.91539
1.91558
1.91577
1.91595
1.91614
1.91633
1.91651
1.9167
1.91688
1.91706
1.91724
1.91741
1.91759
1.91776
1.91794
1.91811
1.91828
1.91845
1.91862
1.91879
1.91895
1.91912
1.91928
1.91944
1.9196
1.91976
1.91992
1.92008
1.92024
1.9204
1.92055
1.92071
1.92086
1.92102
1.92117
1.92132
1.92147
1.92163
1.92178
1.92193
1.92208
1.92223
1.92238
1.92253
1.92268
1.92283
1.92298
1.92313
1.92328
1.92343
1.92357
1.92372
1.92387
1.92402
1.92417
1.92432
1.92447
1.92463
1.92478
1.92493
1.92508
1.92523
1.92538
1.92554
1.92569
1.92584
1.92599
1.92614
1.9263
1.92645
1.9266
1.92675
1.9269
1.92705
1.92721
1.92736
1.92751
1.92766
1.92781
1.92795
1.9281
1.92825
1.92839
1.92854
1.92868
1.92882
1.92896
1.9291
1.92924
1.92937
1.9295
1.92963
1.92976
1.92989
1.93001
1.93013
1.93025
1.93037
1.93048
1.93059
1.9307
1.9308
1.9309
1.93099
1.93109
1.93118
1.93126
1.93134
1.93142
1.93149
1.93155
1.93162
1.93167
1.93172
1.93177
1.93181
1.93185
1.93188
1.93191
1.93193
1.93194
1.93195
1.93196
1.93195
1.93195
1.93193
1.93191
1.93188
1.93185
1.93181
1.93177
1.93172
1.93166
1.93159
1.93152
1.93144
1.93136
1.93127
1.93117
1.93107
1.93096
1.93085
1.93072
1.9306
1.93046
1.93032
1.93018
1.93002
1.92987
1.9297
1.92953
1.92936
1.92918
1.92899
1.9288
1.9286
1.9284
1.9282
1.92798
1.92777
1.92755
1.92733
1.9271
1.92687
1.92664
1.9264
1.92616
1.92592
1.92567
1.92542
1.92517
1.92492
1.92467
1.92441
1.92416
1.9239
1.92364
1.92339
1.92313
1.92287
1.92262
1.92236
1.92211
1.92185
1.9216
1.92135
1.9211
1.92086
1.92061
1.92037
1.92014
1.9199
1.91967
1.91945
1.91922
1.919
1.91879
1.91858
1.91837
1.91817
1.91798
1.91779
1.9176
1.91742
1.91725
1.91708
1.91692
1.91676
1.91661
1.91647
1.91633
1.9162
1.91607
1.91595
1.91583
1.91572
1.91562
1.91552
1.91543
1.91534
1.91526
1.91519
1.91512
1.91505
1.91499
1.91494
1.91489
1.91485
1.9148
1.91477
1.91474
1.91471
1.91468
1.91466
1.91464
1.91462
1.91461
1.9146
1.91459
1.91458
1.91457
1.91457
1.91457
1.91456
1.91456
1.91456
1.91455
1.91455
1.91454
1.91454
1.91453
1.91453
1.91452
1.9145
1.91449
1.91447
1.91445
1.91443
1.91441
1.91438
1.91435
1.91431
1.91427
1.91422
1.91417
1.91412
1.91406
1.914
1.91393
1.91386
1.91378
1.9137
1.91361
1.91351
1.91341
1.91331
1.9132
1.91309
1.91297
1.91284
1.91272
1.91258
1.91244
1.9123
1.91215
1.912
1.91185
1.91169
1.91153
1.91136
1.9112
1.91103
1.91086
1.91068
1.91051
1.91033
1.91016
1.90998
1.90981
1.90963
1.90946
1.90928
1.90911
1.90894
1.90877
1.90861
1.90845
1.90829
1.90814
1.90799
1.90785
1.90772
1.90758
1.90746
1.90734
1.90723
1.90713
1.90704
1.90695
1.90687
1.9068
1.90674
1.90668
1.90664
1.90661
1.90658
1.90657
1.90656
1.90657
1.90658
1.90661
1.90664
1.90669
1.90674
1.90681
1.90688
1.90696
1.90706
1.90716
1.90727
1.90739
1.90752
1.90766
1.90781
1.90796
1.90813
1.9083
1.90848
1.90866
1.90885
1.90905
1.90926
1.90947
1.90969
1.90991
1.91013
1.73444
1.73467
1.7349
1.73514
1.73538
1.73563
1.73588
1.73614
1.7364
1.73666
1.73692
1.73719
1.73746
1.73774
1.73801
1.73829
1.73857
1.73885
1.73913
1.73941
1.7397
1.73998
1.74027
1.74055
1.74084
1.74112
1.74141
1.74169
1.74198
1.74226
1.74254
1.74282
1.7431
1.74338
1.74366
1.74394
1.74421
1.74448
1.74475
1.74502
1.74529
1.74555
1.74581
1.74607
1.74632
1.74657
1.74682
1.74707
1.74732
1.74756
1.74779
1.74803
1.74825
1.74848
1.7487
1.74892
1.74913
1.74934
1.74955
1.74975
1.74995
1.75014
1.75033
1.75051
1.75069
1.75086
1.75103
1.75119
1.75135
1.7515
1.75165
1.75179
1.75192
1.75206
1.75218
1.7523
1.75241
1.75252
1.75262
1.75271
1.7528
1.75289
1.75296
1.75303
1.7531
1.75316
1.75321
1.75326
1.7533
1.75333
1.75336
1.75338
1.7534
1.75341
1.75342
1.75342
1.75341
1.7534
1.75338
1.75336
1.75334
1.7533
1.75327
1.75323
1.75319
1.75314
1.75309
1.75304
1.75298
1.75292
1.75286
1.75279
1.75273
1.75266
1.75259
1.75252
1.75245
1.75238
1.75231
1.75224
1.75217
1.75211
1.75204
1.75198
1.75192
1.75186
1.75181
1.75176
1.75172
1.75168
1.75164
1.75161
1.75159
1.75158
1.75157
1.75156
1.75157
1.75158
1.75161
1.75163
1.75167
1.75172
1.75178
1.75184
1.75192
1.75201
1.7521
1.75221
1.75233
1.75246
1.75259
1.75274
1.7529
1.75307
1.75325
1.75344
1.75364
1.75385
1.75407
1.7543
1.75454
1.75479
1.75505
1.75532
1.75559
1.75588
1.75617
1.75647
1.75677
1.75708
1.7574
1.75772
1.75805
1.75838
1.75872
1.75906
1.7594
1.75974
1.76009
1.76044
1.76079
1.76113
1.76148
1.76183
1.76217
1.76251
1.76285
1.76319
1.76352
1.76385
1.76417
1.76448
1.76479
1.76509
1.76539
1.76567
1.76595
1.76622
1.76648
1.76673
1.76697
1.76719
1.76741
1.76761
1.7678
1.76798
1.76814
1.76829
1.76842
1.76854
1.76865
1.76873
1.76881
1.76886
1.7689
1.76892
1.76893
1.76891
1.76888
1.76883
1.76876
1.76867
1.76856
1.76844
1.76829
1.76813
1.76794
1.76773
1.76751
1.76726
1.767
1.76671
1.7664
1.76608
1.76573
1.76536
1.76498
1.76457
1.76415
1.76371
1.76325
1.76277
1.76227
1.76176
1.76123
1.76069
1.76013
1.75956
1.75898
1.75839
1.75778
1.75717
1.75654
1.75591
1.75528
1.75464
1.75399
1.75334
1.75269
1.75205
1.75141
1.75077
1.75013
1.74951
1.74889
1.74829
1.7477
1.74712
1.74656
1.74601
1.74549
1.74498
1.7445
1.74404
1.74361
1.7432
1.74282
1.74247
1.74214
1.74185
1.74159
1.74136
1.74116
1.74099
1.74085
1.74075
1.74068
1.74064
1.74064
1.74066
1.74072
1.7408
1.74092
1.74106
1.74123
1.74142
1.74164
1.74188
1.74214
1.74242
1.74273
1.74304
1.74338
1.74373
1.74408
1.74445
1.74483
1.74522
1.74561
1.746
1.7464
1.74679
1.74719
1.74758
1.74798
1.74836
1.74874
1.74911
1.74948
1.74984
1.75018
1.75052
1.75084
1.75115
1.75145
1.75173
1.75201
1.75226
1.75251
1.75273
1.75295
1.75315
1.75333
1.7535
1.75366
1.7538
1.75393
1.75404
1.75414
1.75422
1.7543
1.75436
1.75441
1.75444
1.75447
1.75448
1.75449
1.75449
1.75447
1.75445
1.75442
1.75439
1.75434
1.75429
1.75424
1.75418
1.75411
1.75404
1.75397
1.7539
1.75382
1.75374
1.75365
1.75357
1.75348
1.7534
1.75331
1.75322
1.75314
1.75305
1.75296
1.75287
1.75279
1.7527
1.75262
1.75253
1.75245
1.75236
1.75228
1.7522
1.75212
1.75203
1.75195
1.75187
1.75178
1.7517
1.75162
1.75153
1.75145
1.75136
1.75128
1.75119
1.7511
1.751
1.75091
1.75081
1.75071
1.75061
1.75051
1.7504
1.75029
1.75017
1.75006
1.74994
1.74981
1.74968
1.74955
1.74942
1.74928
1.74913
1.74899
1.74884
1.74868
1.74852
1.74836
1.7482
1.74803
1.74785
1.74768
1.7475
1.74732
1.74714
1.74695
1.74676
1.74657
1.74638
1.74618
1.74598
1.74579
1.74558
1.74538
1.74518
1.74498
1.74477
1.74457
1.74436
1.74416
1.74395
1.74375
1.74354
1.74334
1.74314
1.74293
1.74273
1.74253
1.74233
1.74214
1.74194
1.74175
1.74155
1.74136
1.74117
1.74098
1.7408
1.74061
1.74043
1.74025
1.74007
1.73989
1.73972
1.73955
1.73937
1.73921
1.73904
1.73887
1.73871
1.73855
1.73839
1.73823
1.73807
1.73791
1.73776
1.73761
1.73745
1.7373
1.73715
1.73701
1.73686
1.73671
1.73657
1.73643
1.73628
1.73614
1.736
1.73586
1.73572
1.73559
1.73545
1.73532
1.73519
1.73506
1.73493
1.7348
1.73468
1.73456
1.73444
1.73432
1.7342
1.73409
1.73398
1.73388
1.73377
1.73367
1.73358
1.73349
1.7334
1.73332
1.73324
1.73317
1.73311
1.73305
1.73299
1.73294
1.7329
1.73286
1.73283
1.73281
1.7328
1.73279
1.73279
1.7328
1.73282
1.73284
1.73287
1.73291
1.73296
1.73302
1.73308
1.73316
1.73324
1.73333
1.73343
1.73354
1.73366
1.73379
1.73392
1.73407
1.73422
1.73438
1.73455
1.73472
1.7349
1.7351
1.7353
1.7355
1.73572
1.73594
1.73616
1.7364
1.73664
1.73688
1.73714
1.73739
1.73766
1.73793
1.7382
1.73848
1.73876
1.73905
1.73935
1.73964
1.73994
1.74025
1.74055
1.74086
1.74118
1.74149
1.74181
1.74214
1.74246
1.74279
1.74312
1.74345
1.74378
1.74412
1.74445
1.74479
1.74513
1.74547
1.74582
1.74616
1.74651
1.74686
1.74721
1.74756
1.74791
1.74827
1.74862
1.74898
1.74933
1.74969
1.75005
1.75042
1.75078
1.75114
1.7515
1.75187
1.75224
1.75261
1.75297
1.75335
1.75372
1.75409
1.75446
1.75484
1.75521
1.75558
1.75596
1.75633
1.75671
1.75708
1.75746
1.75783
1.75821
1.75858
1.75895
1.75932
1.75969
1.76006
1.76043
1.76079
1.76116
1.76152
1.76187
1.76223
1.76258
1.76293
1.76327
1.76361
1.76394
1.76428
1.7646
1.76492
1.76524
1.76555
1.76586
1.76615
1.76645
1.76673
1.76701
1.76729
1.76755
1.76781
1.76806
1.7683
1.76854
1.76877
1.76899
1.7692
1.7694
1.7696
1.76978
1.76996
1.77013
1.77029
1.77044
1.77058
1.77072
1.77085
1.77096
1.77107
1.77117
1.77126
1.77134
1.77142
1.77148
1.77154
1.77159
1.77163
1.77167
1.77169
1.77171
1.77172
1.77173
1.77173
1.77172
1.7717
1.77168
1.77166
1.77162
1.77159
1.77155
1.7715
1.77145
1.77139
1.77134
1.77128
1.77121
1.77114
1.77108
1.77101
1.77093
1.77086
1.77079
1.77071
1.77064
1.77056
1.77049
1.77042
1.77034
1.77028
1.77021
1.77014
1.77008
1.77002
1.76997
1.76991
1.76986
1.76982
1.76978
1.76975
1.76972
1.76969
1.76967
1.76966
1.76965
1.76964
1.76965
1.76966
1.76967
1.7697
1.76973
1.76976
1.7698
1.76985
1.76991
1.76997
1.77004
1.77012
1.7702
1.77029
1.77039
1.77049
1.7706
1.77071
1.77083
1.77096
1.77109
1.77123
1.77137
1.77152
1.77167
1.77183
1.77199
1.77216
1.77233
1.7725
1.77268
1.77286
1.77304
1.77323
1.77342
1.77361
1.7738
1.77399
1.77419
1.77438
1.77458
1.77477
1.77497
1.77516
1.77535
1.77555
1.77574
1.77593
1.77611
1.7763
1.77648
1.77666
1.77684
1.77701
1.77718
1.77734
1.7775
1.77766
1.77781
1.77795
1.77809
1.77822
1.77835
1.77847
1.77859
1.77869
1.77879
1.77889
1.77897
1.77905
1.77912
1.77918
1.77924
1.77928
1.77932
1.77934
1.77936
1.77937
1.77937
1.77936
1.77934
1.77931
1.77928
1.77923
1.77917
1.7791
1.77902
1.77893
1.77883
1.77872
1.7786
1.77847
1.77833
1.77818
1.77802
1.77785
1.77767
1.77747
1.77727
1.77706
1.77683
1.7766
1.77636
1.77611
1.77584
1.77557
1.77529
1.775
1.7747
1.77439
1.77407
1.77374
1.77341
1.77306
1.77271
1.77235
1.77198
1.77161
1.77122
1.77083
1.77044
1.77003
1.76962
1.76921
1.76879
1.76836
1.76793
1.76749
1.76705
1.7666
1.76615
1.76569
1.76523
1.76477
1.7643
1.76383
1.76335
1.76288
1.7624
1.76192
1.76144
1.76095
1.76046
1.75998
1.75949
1.75899
1.7585
1.75801
1.75751
1.75702
1.75652
1.75602
1.75553
1.75503
1.75453
1.75404
1.75354
1.75304
1.75254
1.75204
1.75155
1.75105
1.75055
1.75005
1.74955
1.74906
1.74856
1.74806
1.74757
1.74707
1.74657
1.74608
1.74558
1.74509
1.7446
1.7441
1.74361
1.74312
1.74263
1.74214
1.74165
1.74116
1.74067
1.74018
1.7397
1.73922
1.73873
1.73825
1.73777
1.7373
1.73682
1.73635
1.73588
1.73541
1.73495
1.73449
1.73403
1.73358
1.73312
1.73268
1.73224
1.7318
1.73136
1.73093
1.73051
1.73009
1.72967
1.72926
1.72886
1.72846
1.72807
1.72768
1.7273
1.72693
1.72656
1.7262
1.72585
1.7255
1.72516
1.72482
1.72449
1.72417
1.72385
1.72354
1.72323
1.72293
1.72264
1.72235
1.72207
1.72179
1.72152
1.72125
1.72099
1.72073
1.72048
1.72023
1.71998
1.71973
1.71949
1.71925
1.71901
1.71878
1.71854
1.71831
1.71808
1.71785
1.71762
1.71739
1.71716
1.71693
1.7167
1.71647
1.71624
1.71602
1.71579
1.71556
1.71533
1.71511
1.71488
1.71466
1.71443
1.71421
1.71399
1.71377
1.71355
1.71334
1.71313
1.71292
1.71272
1.71252
1.71233
1.71215
1.71197
1.7118
1.71164
1.71149
1.71135
1.71122
1.7111
1.71099
1.7109
1.71082
1.71075
1.7107
1.74222
1.7422
1.7422
1.74221
1.74224
1.74229
1.74236
1.74245
1.74256
1.74268
1.74283
1.743
1.74319
1.7434
1.74364
1.74389
1.74417
1.74447
1.74479
1.74513
1.74549
1.74587
1.74628
1.7467
1.74714
1.74761
1.74809
1.74859
1.74911
1.74964
1.75019
1.75076
1.75134
1.75193
1.75254
1.75316
1.75379
1.75444
1.75509
1.75575
1.75642
1.7571
1.75778
1.75847
1.75917
1.75986
1.76057
1.76127
1.76198
1.76268
1.76339
1.7641
1.7648
1.76551
1.76621
1.7669
1.7676
1.76828
1.76897
1.76965
1.77032
1.77098
1.77164
1.77229
1.77294
1.77357
1.7742
1.77482
1.77542
1.77602
1.77661
1.77719
1.77776
1.77832
1.77887
1.77941
1.77994
1.78046
1.78097
1.78146
1.78195
1.78242
1.78288
1.78333
1.78378
1.7842
1.78462
1.78503
1.78543
1.78581
1.78618
1.78655
1.7869
1.78724
1.78757
1.78789
1.7882
1.7885
1.78879
1.78906
1.78933
1.78959
1.78984
1.79008
1.79031
1.79053
1.79073
1.79093
1.79113
1.79131
1.79148
1.79165
1.7918
1.79195
1.79209
1.79222
1.79235
1.79247
1.79258
1.79268
1.79278
1.79286
1.79295
1.79302
1.79309
1.79316
1.79322
1.79327
1.79332
1.79336
1.7934
1.79344
1.79347
1.79349
1.79352
1.79353
1.79355
1.79356
1.79357
1.79358
1.79358
1.79358
1.79358
1.79358
1.79358
1.79357
1.79357
1.79356
1.79355
1.79355
1.79354
1.79353
1.79352
1.79352
1.79351
1.7935
1.7935
1.79349
1.79349
1.79349
1.79349
1.79349
1.79349
1.79349
1.7935
1.79351
1.79352
1.79353
1.79355
1.79357
1.79359
1.79361
1.79364
1.79367
1.7937
1.79373
1.79377
1.79381
1.79385
1.79389
1.79394
1.79399
1.79404
1.7941
1.79416
1.79422
1.79428
1.79434
1.79441
1.79448
1.79455
1.79462
1.7947
1.79478
1.79485
1.79493
1.79502
1.7951
1.79518
1.79527
1.79536
1.79544
1.79553
1.79562
1.79571
1.7958
1.79589
1.79598
1.79607
1.79616
1.79625
1.79634
1.79644
1.79653
1.79662
1.7967
1.79679
1.79688
1.79697
1.79705
1.79714
1.79722
1.7973
1.79738
1.79746
1.79754
1.79761
1.79769
1.79776
1.79783
1.7979
1.79796
1.79803
1.79809
1.79815
1.79821
1.79827
1.79832
1.79837
1.79842
1.79847
1.79852
1.79856
1.7986
1.79864
1.79868
1.79871
1.79874
1.79877
1.7988
1.79883
1.79885
1.79887
1.79889
1.7989
1.79892
1.79893
1.79893
1.79894
1.79895
1.79895
1.79895
1.79894
1.79894
1.79893
1.79892
1.79891
1.7989
1.79888
1.79887
1.79885
1.79883
1.79881
1.79878
1.79876
1.79873
1.7987
1.79867
1.79863
1.7986
1.79856
1.79852
1.79848
1.79844
1.7984
1.79836
1.79831
1.79826
1.79822
1.79817
1.79812
1.79806
1.79801
1.79795
1.7979
1.79784
1.79778
1.79772
1.79766
1.7976
1.79754
1.79748
1.79741
1.79735
1.79728
1.79722
1.79715
1.79708
1.79701
1.79694
1.79687
1.7968
1.79673
1.79665
1.79658
1.7965
1.79643
1.79636
1.79628
1.7962
1.79613
1.79605
1.79597
1.79589
1.79581
1.79573
1.79565
1.79557
1.79549
1.79541
1.79533
1.79525
1.79517
1.79508
1.795
1.79492
1.79483
1.79475
1.79467
1.79458
1.7945
1.79441
1.79432
1.79424
1.79415
1.79407
1.79398
1.79389
1.79381
1.79372
1.79363
1.79354
1.79345
1.79337
1.79328
1.79319
1.7931
1.79301
1.79292
1.79283
1.79274
1.79265
1.79256
1.79247
1.79238
1.79228
1.79219
1.7921
1.79201
1.79192
1.79183
1.79173
1.79164
1.79155
1.79145
1.79136
1.79127
1.79117
1.79108
1.79098
1.79089
1.79079
1.79069
1.7906
1.7905
1.7904
1.79031
1.79021
1.79011
1.79001
1.78991
1.78982
1.78972
1.78962
1.78952
1.78942
1.78932
1.78922
1.78911
1.78901
1.78891
1.78881
1.7887
1.7886
1.7885
1.78839
1.78829
1.78818
1.78808
1.78797
1.78787
1.78776
1.78765
1.78754
1.78744
1.78733
1.78722
1.78711
1.787
1.78689
1.78678
1.78667
1.78656
1.78645
1.78633
1.78622
1.78611
1.786
1.78588
1.78577
1.78566
1.78554
1.78543
1.78531
1.78519
1.78508
1.78496
1.78484
1.78473
1.78461
1.78449
1.78437
1.78425
1.78414
1.78402
1.7839
1.78378
1.78366
1.78354
1.78342
1.7833
1.78318
1.78306
1.78295
1.78283
1.78271
1.78259
1.78247
1.78235
1.78223
1.78211
1.782
1.78188
1.78176
1.78164
1.78153
1.78141
1.78129
1.78118
1.78106
1.78095
1.78084
1.78072
1.78061
1.7805
1.78039
1.78028
1.78017
1.78006
1.77996
1.77985
1.77974
1.77964
1.77954
1.77944
1.77934
1.77924
1.77914
1.77905
1.77895
1.77886
1.77877
1.77868
1.77859
1.77851
1.77843
1.77834
1.77827
1.77819
1.77811
1.77804
1.77797
1.7779
1.77783
1.77777
1.77771
1.77765
1.77759
1.77753
1.77748
1.77743
1.77739
1.77734
1.7773
1.77726
1.77722
1.77719
1.77716
1.77713
1.7771
1.77708
1.77706
1.77705
1.77703
1.77702
1.77701
1.77701
1.77701
1.77701
1.77701
1.77702
1.77702
1.77704
1.77705
1.77707
1.77709
1.77711
1.77714
1.77717
1.7772
1.77724
1.77727
1.77731
1.77736
1.7774
1.77745
1.7775
1.77755
1.77761
1.77767
1.77773
1.77779
1.77786
1.77792
1.77799
1.77806
1.77814
1.77821
1.77829
1.77837
1.77845
1.77853
1.77862
1.7787
1.77879
1.77888
1.77897
1.77906
1.77915
1.77924
1.77934
1.77944
1.77953
1.77963
1.77973
1.77983
1.77993
1.78003
1.78014
1.78024
1.78034
1.78045
1.78055
1.78066
1.78076
1.78087
1.78097
1.78108
1.78119
1.78129
1.7814
1.78151
1.78161
1.78172
1.78182
1.78193
1.78203
1.78214
1.78225
1.78235
1.78246
1.78256
1.78266
1.78277
1.78287
1.78297
1.78307
1.78318
1.78328
1.78338
1.78348
1.78358
1.78368
1.78377
1.78387
1.78397
1.78407
1.78416
1.78426
1.78435
1.78445
1.78454
1.78463
1.78473
1.78482
1.78491
1.785
1.78509
1.78518
1.78527
1.78536
1.78545
1.78554
1.78562
1.78571
1.7858
1.78588
1.78597
1.78606
1.78614
1.78622
1.78631
1.78639
1.78648
1.78656
1.78665
1.78673
1.78681
1.7869
1.78698
1.78706
1.78714
1.78723
1.78731
1.78739
1.78747
1.78755
1.78764
1.78772
1.7878
1.78788
1.78796
1.78805
1.78813
1.78821
1.78829
1.78837
1.78846
1.78854
1.78862
1.7887
1.78879
1.78887
1.78895
1.78903
1.78912
1.7892
1.78928
1.78936
1.78945
1.78953
1.78961
1.7897
1.78978
1.78986
1.78995
1.79003
1.79012
1.7902
1.79028
1.79037
1.79045
1.79053
1.79062
1.7907
1.79078
1.79087
1.79095
1.79103
1.79111
1.79119
1.79128
1.79136
1.79144
1.79152
1.7916
1.79168
1.79176
1.79184
1.79192
1.79199
1.79207
1.79215
1.79222
1.7923
1.79237
1.79244
1.79251
1.79259
1.79266
1.79273
1.7928
1.79286
1.79293
1.793
1.79306
1.79312
1.79319
1.79325
1.79331
1.79336
1.79342
1.79348
1.79353
1.79358
1.79363
1.79368
1.79373
1.79377
1.79382
1.79386
1.7939
1.79394
1.79398
1.79401
1.79405
1.79408
1.79411
1.79413
1.79416
1.79418
1.7942
1.79422
1.79424
1.79425
1.79427
1.79428
1.79428
1.79429
1.79429
1.79429
1.79429
1.79429
1.79428
1.79427
1.79426
1.79424
1.79422
1.7942
1.79418
1.79416
1.79413
1.7941
1.79407
1.79403
1.79399
1.79395
1.7939
1.79385
1.7938
1.79375
1.79369
1.79363
1.79357
1.79351
1.79344
1.79337
1.79329
1.79321
1.79313
1.79305
1.79296
1.79287
1.79278
1.79268
1.79258
1.79248
1.79237
1.79226
1.79215
1.79203
1.79191
1.79179
1.79167
1.79154
1.7914
1.79127
1.79113
1.79099
1.79084
1.7907
1.79054
1.79039
1.79023
1.79007
1.78991
1.78974
1.78957
1.7894
1.78923
1.78905
1.78887
1.78868
1.78849
1.7883
1.78811
1.78791
1.78771
1.78751
1.78731
1.7871
1.78689
1.78668
1.78647
1.78625
1.78603
1.78581
1.78559
1.78537
1.78514
1.78491
1.78469
1.78446
1.78423
1.78399
1.78376
1.78352
1.78329
1.78305
1.78282
1.78258
1.78234
1.7821
1.78187
1.78163
1.78139
1.78115
1.78092
1.78069
1.78045
1.78022
1.77999
1.77976
1.77953
1.77931
1.77908
1.77886
1.77865
1.77843
1.77822
1.77801
1.77781
1.7776
1.7774
1.77721
1.77702
1.77684
1.77666
1.77648
1.77631
1.77614
1.77598
1.77583
1.77568
1.77553
1.7754
1.77526
1.77514
1.77502
1.77491
1.7748
1.7747
1.77461
1.77452
1.77444
1.77437
1.77431
1.77425
1.7742
1.77416
1.77412
1.77409
1.77407
1.77406
1.77405
1.77405
1.77406
1.77407
1.77409
1.77412
1.77416
1.7742
1.77425
1.7743
1.77437
1.77443
1.77451
1.77459
1.77468
1.77477
1.77486
1.77497
1.77508
1.77519
1.77531
1.77543
1.77556
1.77569
1.77582
1.77596
1.77611
1.77625
1.7764
1.77655
1.77671
1.77687
1.77703
1.77719
1.77735
1.77752
1.77768
1.77785
1.77802
1.77819
1.77836
1.77853
1.7787
1.77887
1.77904
1.77921
1.77938
1.77955
1.77971
1.77988
1.78005
1.78021
1.78037
1.78053
1.78069
1.78084
1.781
1.78115
1.7813
1.78145
1.78159
1.78173
1.78187
1.78201
1.78214
1.78227
1.78239
1.78252
1.78264
1.78276
1.78287
1.78298
1.78309
1.78319
1.78329
1.78338
1.78348
1.78357
1.78365
1.78373
1.78381
1.78389
1.78396
1.78403
1.78409
1.78415
1.78421
1.78426
1.78431
1.78435
1.7844
1.78444
1.78447
1.7845
1.78453
1.78456
1.78458
1.7281
1.72812
1.72813
1.72814
1.72815
1.72815
1.72816
1.72816
1.72815
1.72815
1.72814
1.72812
1.72811
1.72809
1.72807
1.72805
1.72803
1.72801
1.72798
1.72795
1.72792
1.72789
1.72785
1.72782
1.72778
1.72774
1.7277
1.72765
1.72761
1.72756
1.72752
1.72747
1.72742
1.72736
1.72731
1.72726
1.7272
1.72715
1.72709
1.72703
1.72697
1.72691
1.72685
1.72679
1.72673
1.72666
1.7266
1.72654
1.72647
1.72641
1.72634
1.72627
1.72621
1.72614
1.72607
1.726
1.72593
1.72586
1.72579
1.72572
1.72565
1.72558
1.72551
1.72544
1.72536
1.72529
1.72522
1.72515
1.72507
1.725
1.72492
1.72485
1.72477
1.7247
1.72462
1.72455
1.72447
1.7244
1.72432
1.72424
1.72416
1.72409
1.72401
1.72393
1.72385
1.72377
1.72369
1.7236
1.72352
1.72344
1.72336
1.72327
1.72319
1.72311
1.72302
1.72293
1.72285
1.72276
1.72267
1.72258
1.72249
1.7224
1.7223
1.72221
1.72212
1.72202
1.72192
1.72183
1.72173
1.72163
1.72153
1.72143
1.72133
1.72123
1.72112
1.72102
1.72091
1.7208
1.7207
1.72059
1.72048
1.72037
1.72026
1.72014
1.72003
1.71992
1.7198
1.71969
1.71957
1.71945
1.71933
1.71921
1.71909
1.71897
1.71886
1.71873
1.71861
1.71849
1.71837
1.71825
1.71813
1.71801
1.71788
1.71776
1.71764
1.71752
1.71739
1.71727
1.71715
1.71703
1.71691
1.71679
1.71667
1.71656
1.71644
1.71632
1.71621
1.7161
1.71599
1.71588
1.71577
1.71566
1.71556
1.71545
1.71535
1.71525
1.71516
1.71506
1.71497
1.71488
1.71479
1.71471
1.71463
1.71455
1.71447
1.7144
1.71433
1.71426
1.7142
1.71413
1.71408
1.71402
1.71397
1.71392
1.71388
1.71384
1.7138
1.71376
1.71373
1.71371
1.71368
1.71366
1.71364
1.71363
1.71362
1.71362
1.71361
1.71362
1.71362
1.71363
1.71364
1.71366
1.71368
1.7137
1.71372
1.71375
1.71378
1.71381
1.71385
1.71389
1.71393
1.71398
1.71403
1.71408
1.71413
1.71419
1.71424
1.7143
1.71437
1.71443
1.7145
1.71456
1.71463
1.7147
1.71478
1.71485
1.71493
1.715
1.71508
1.71516
1.71524
1.71532
1.7154
1.71548
1.71556
1.71565
1.71573
1.71581
1.71589
1.71597
1.71606
1.71614
1.71622
1.7163
1.71638
1.71646
1.71654
1.71662
1.7167
1.71678
1.71685
1.71693
1.71701
1.71708
1.71715
1.71722
1.71729
1.71735
1.71742
1.71748
1.71755
1.71761
1.71766
1.71772
1.71778
1.71783
1.71788
1.71793
1.71798
1.71802
1.71807
1.71811
1.71815
1.71818
1.71822
1.71825
1.71828
1.71831
1.71833
1.71835
1.71837
1.71839
1.71841
1.71842
1.71843
1.71844
1.71845
1.71845
1.71845
1.71845
1.71845
1.71844
1.71843
1.71842
1.71841
1.71839
1.71837
1.71835
1.71833
1.7183
1.71828
1.71825
1.71821
1.71818
1.71814
1.7181
1.71806
1.71801
1.71797
1.71792
1.71787
1.71781
1.71776
1.7177
1.71764
1.71758
1.71752
1.71745
1.71739
1.71732
1.71724
1.71717
1.7171
1.71702
1.71694
1.71686
1.71678
1.7167
1.71661
1.71653
1.71644
1.71635
1.71626
1.71617
1.71608
1.71598
1.71589
1.71579
1.7157
1.7156
1.7155
1.7154
1.7153
1.7152
1.71511
1.715
1.7149
1.7148
1.7147
1.7146
1.7145
1.71439
1.71429
1.71419
1.71409
1.71398
1.71388
1.71378
1.71368
1.71358
1.71348
1.71338
1.71329
1.71319
1.71309
1.713
1.7129
1.71281
1.71272
1.71263
1.71254
1.71245
1.71236
1.71227
1.71219
1.7121
1.71202
1.71194
1.71186
1.71178
1.7117
1.71163
1.71155
1.71148
1.71141
1.71134
1.71127
1.71121
1.71114
1.71108
1.71102
1.71096
1.7109
1.71084
1.71078
1.71073
1.71068
1.71062
1.71057
1.71052
1.71048
1.71043
1.71038
1.71034
1.71029
1.71025
1.71021
1.71017
1.71012
1.71008
1.71004
1.71
1.70997
1.70993
1.70989
1.70985
1.70981
1.70977
1.70973
1.70969
1.70965
1.70961
1.70957
1.70953
1.70949
1.70945
1.70941
1.70936
1.70931
1.70927
1.70922
1.70917
1.70912
1.70906
1.70901
1.70895
1.7089
1.70884
1.70877
1.70871
1.70864
1.70857
1.7085
1.70843
1.70835
1.70827
1.70819
1.70811
1.70802
1.70793
1.70784
1.70774
1.70764
1.70754
1.70744
1.70733
1.70722
1.70711
1.70699
1.70687
1.70675
1.70662
1.7065
1.70636
1.70623
1.70609
1.70595
1.70581
1.70566
1.70551
1.70536
1.7052
1.70505
1.70489
1.70472
1.70456
1.70439
1.70422
1.70405
1.70387
1.7037
1.70352
1.70334
1.70316
1.70297
1.70279
1.7026
1.70242
1.70223
1.70204
1.70185
1.70166
1.70148
1.70129
1.7011
1.70091
1.70073
1.70054
1.70036
1.70017
1.69999
1.69981
1.69964
1.69946
1.69929
1.69912
1.69896
1.69879
1.69863
1.69848
1.69833
1.69818
1.69804
1.6979
1.69777
1.69764
1.69752
1.69741
1.6973
1.69719
1.6971
1.697
1.69692
1.69685
1.69678
1.69672
1.69666
1.69662
1.69658
1.69655
1.69653
1.69652
1.69651
1.69652
1.69653
1.69655
1.69658
1.69662
1.69667
1.69673
1.6968
1.69687
1.69696
1.69705
1.69715
1.69726
1.69738
1.69751
1.69765
1.69779
1.69795
1.69811
1.69828
1.69845
1.69864
1.69883
1.69903
1.69923
1.69945
1.69966
1.69989
1.70012
1.70036
1.7006
1.70085
1.7011
1.70136
1.70163
1.70189
1.70217
1.70244
1.70272
1.703
1.70329
1.70358
1.70387
1.70416
1.70446
1.70475
1.70505
1.70535
1.70566
1.70596
1.70626
1.70656
1.70687
1.70717
1.70748
1.70778
1.70808
1.70839
1.70869
1.70899
1.70929
1.70958
1.70988
1.71017
1.71047
1.71076
1.71104
1.71133
1.71162
1.7119
1.71218
1.71245
1.71273
1.713
1.71327
1.71353
1.7138
1.71406
1.71431
1.71457
1.71482
1.71507
1.71531
1.71555
1.71579
1.71603
1.71626
1.71649
1.71671
1.71693
1.71715
1.71737
1.71758
1.71779
1.718
1.7182
1.7184
1.7186
1.71879
1.71898
1.71916
1.71935
1.71953
1.7197
1.71988
1.72005
1.72022
1.72038
1.72054
1.7207
1.72085
1.721
1.72115
1.7213
1.72144
1.72158
1.72171
1.72185
1.72198
1.7221
1.72222
1.72234
1.72246
1.72258
1.72269
1.72279
1.7229
1.723
1.7231
1.72319
1.72328
1.72337
1.72346
1.72354
1.72362
1.72369
1.72376
1.72383
1.72389
1.72395
1.72401
1.72406
1.72411
1.72416
1.7242
1.72424
1.72428
1.72431
1.72434
1.72436
1.72438
1.72439
1.7244
1.72441
1.72441
1.72441
1.72441
1.7244
1.72439
1.72437
1.72435
1.72432
1.72429
1.72425
1.72421
1.72417
1.72412
1.72406
1.724
1.72394
1.72387
1.7238
1.72372
1.72364
1.72355
1.72346
1.72336
1.72325
1.72315
1.72303
1.72291
1.72279
1.72266
1.72252
1.72238
1.72224
1.72209
1.72193
1.72177
1.72161
1.72143
1.72126
1.72108
1.72089
1.7207
1.7205
1.7203
1.72009
1.71987
1.71966
1.71943
1.7192
1.71897
1.71873
1.71849
1.71824
1.71799
1.71773
1.71747
1.71721
1.71694
1.71666
1.71639
1.71611
1.71582
1.71553
1.71524
1.71494
1.71464
1.71434
1.71404
1.71373
1.71342
1.71311
1.71279
1.71248
1.71216
1.71184
1.71152
1.71119
1.71087
1.71054
1.71022
1.70989
1.70956
1.70924
1.70891
1.70859
1.70826
1.70794
1.70761
1.70729
1.70697
1.70665
1.70633
1.70602
1.7057
1.70539
1.70509
1.70478
1.70448
1.70419
1.70389
1.7036
1.70332
1.70304
1.70276
1.70249
1.70222
1.70196
1.7017
1.70145
1.7012
1.70096
1.70073
1.7005
1.70028
1.70006
1.69985
1.69965
1.69945
1.69927
1.69908
1.69891
1.69874
1.69858
1.69843
1.69828
1.69815
1.69802
1.69789
1.69778
1.69767
1.69758
1.69749
1.69741
1.69733
1.69727
1.69721
1.69716
1.69712
1.69709
1.69707
1.69706
1.69706
1.69706
1.69708
1.6971
1.69713
1.69718
1.69723
1.69729
1.69737
1.69745
1.69754
1.69764
1.69776
1.69788
1.69801
1.69816
1.69831
1.69848
1.69865
1.69884
1.69904
1.69925
1.69947
1.6997
1.69994
1.70019
1.70046
1.70074
1.70103
1.70133
1.70164
1.70196
1.70229
1.70264
1.703
1.70337
1.70375
1.70414
1.70454
1.70496
1.70538
1.70582
1.70626
1.70672
1.70718
1.70766
1.70815
1.70864
1.70915
1.70966
1.71018
1.71071
1.71124
1.71179
1.71234
1.7129
1.71346
1.71404
1.71461
1.71519
1.71578
1.71637
1.71697
1.71757
1.71817
1.71877
1.71938
1.71999
1.7206
1.72121
1.72182
1.72244
1.72305
1.72366
1.72427
1.72488
1.72549
1.7261
1.7267
1.7273
1.7279
1.7285
1.72909
1.72968
1.73026
1.73084
1.73141
1.73198
1.73255
1.73311
1.73366
1.73421
1.73475
1.73528
1.73581
1.73633
1.73685
1.73736
1.73786
1.73836
1.73884
1.73933
1.7398
1.74027
1.74073
1.74118
1.74162
1.74206
1.74249
1.74291
1.74333
1.74374
1.74414
1.74453
1.74491
1.74529
1.74566
1.74603
1.74638
1.74673
1.74707
1.74741
1.74774
1.74806
1.74837
1.74868
1.74898
1.74927
1.74956
1.74984
1.75011
1.75038
1.75064
1.75089
1.75114
1.75138
1.75162
1.75184
1.75207
1.75229
1.7525
1.7527
1.7529
1.7531
1.75329
1.75347
1.75365
1.75382
1.75399
1.75416
1.75431
1.75447
1.75461
1.75476
1.7549
1.75503
1.75516
1.75528
1.7554
1.75552
1.75563
1.75574
1.75584
1.75594
1.75603
1.75612
1.75621
1.75629
1.75637
1.75644
1.75651
1.75658
1.75664
1.7567
1.71859
1.71864
1.71868
1.71873
1.71877
1.71881
1.71884
1.71887
1.7189
1.71892
1.71894
1.71896
1.71898
1.71899
1.719
1.719
1.719
1.719
1.719
1.71899
1.71898
1.71897
1.71895
1.71894
1.71891
1.71889
1.71886
1.71883
1.7188
1.71877
1.71873
1.71869
1.71865
1.7186
1.71856
1.71851
1.71845
1.7184
1.71834
1.71828
1.71822
1.71815
1.71809
1.71802
1.71795
1.71787
1.7178
1.71772
1.71764
1.71756
1.71748
1.71739
1.7173
1.71721
1.71712
1.71703
1.71693
1.71683
1.71673
1.71663
1.71653
1.71643
1.71632
1.71622
1.71611
1.716
1.71589
1.71578
1.71566
1.71555
1.71543
1.71532
1.7152
1.71508
1.71496
1.71484
1.71472
1.7146
1.71448
1.71436
1.71424
1.71411
1.71399
1.71387
1.71374
1.71362
1.71349
1.71337
1.71325
1.71312
1.713
1.71288
1.71276
1.71263
1.71251
1.71239
1.71227
1.71216
1.71204
1.71192
1.71181
1.71169
1.71158
1.71147
1.71136
1.71125
1.71114
1.71104
1.71093
1.71083
1.71073
1.71063
1.71054
1.71045
1.71035
1.71027
1.71018
1.7101
1.71002
1.70994
1.70987
1.70979
1.70973
1.70966
1.7096
1.70954
1.70948
1.70943
1.70938
1.70933
1.70929
1.70925
1.70921
1.70918
1.70915
1.70912
1.7091
1.70908
1.70907
1.70906
1.70905
1.70905
1.70905
1.70906
1.70907
1.70908
1.7091
1.70912
1.70915
1.70918
1.70921
1.70925
1.70929
1.70933
1.70938
1.70944
1.70949
1.70955
1.70962
1.70968
1.70976
1.70983
1.70991
1.70999
1.71008
1.71017
1.71026
1.71035
1.71045
1.71056
1.71066
1.71077
1.71088
1.71099
1.71111
1.71123
1.71135
1.71147
1.7116
1.71172
1.71185
1.71199
1.71212
1.71226
1.71239
1.71253
1.71267
1.71281
1.71295
1.71309
1.71323
1.71338
1.71352
1.71367
1.71381
1.71396
1.7141
1.71424
1.71439
1.71453
1.71467
1.71481
1.71495
1.71509
1.71522
1.71536
1.71549
1.71562
1.71575
1.71588
1.716
1.71613
1.71624
1.71636
1.71647
1.71658
1.71669
1.71679
1.71689
1.71698
1.71707
1.71716
1.71724
1.71732
1.71739
1.71746
1.71752
1.71758
1.71763
1.71767
1.71771
1.71775
1.71778
1.7178
1.71782
1.71783
1.71783
1.71783
1.71782
1.7178
1.71778
1.71775
1.71771
1.71767
1.71762
1.71756
1.7175
1.71743
1.71735
1.71726
1.71717
1.71707
1.71697
1.71685
1.71673
1.71661
1.71647
1.71633
1.71619
1.71604
1.71588
1.71571
1.71554
1.71537
1.71518
1.715
1.71481
1.71461
1.71441
1.71421
1.714
1.71378
1.71357
1.71335
1.71312
1.7129
1.71267
1.71244
1.71221
1.71197
1.71174
1.7115
1.71126
1.71103
1.71079
1.71055
1.71031
1.71008
1.70984
1.70961
1.70937
1.70914
1.70891
1.70869
1.70846
1.70824
1.70802
1.7078
1.70758
1.70737
1.70716
1.70695
1.70675
1.70655
1.70635
1.70615
1.70596
1.70577
1.70558
1.70539
1.70521
1.70503
1.70485
1.70468
1.7045
1.70433
1.70416
1.70399
1.70383
1.70366
1.7035
1.70333
1.70317
1.70301
1.70285
1.70269
1.70253
1.70237
1.70222
1.70206
1.7019
1.70174
1.70159
1.70143
1.70128
1.70113
1.70097
1.70082
1.70067
1.70052
1.70037
1.70022
1.70008
1.69994
1.6998
1.69966
1.69952
1.69939
1.69926
1.69914
1.69901
1.6989
1.69878
1.69868
1.69857
1.69848
1.69838
1.6983
1.69822
1.69814
1.69808
1.69801
1.69796
1.69791
1.69788
1.69785
1.69782
1.69781
1.6978
1.6978
1.6978
1.69782
1.69784
1.69787
1.69791
1.69796
1.69802
1.69808
1.69815
1.69823
1.69832
1.69841
1.69851
1.69862
1.69873
1.69885
1.69898
1.69911
1.69925
1.69939
1.69954
1.6997
1.69986
1.70003
1.7002
1.70037
1.70055
1.70073
1.70092
1.70111
1.70131
1.7015
1.7017
1.70191
1.70212
1.70233
1.70254
1.70276
1.70297
1.70319
1.70342
1.70364
1.70387
1.7041
1.70433
1.70457
1.7048
1.70504
1.70528
1.70553
1.70577
1.70602
1.70627
1.70652
1.70677
1.70703
1.70729
1.70755
1.70781
1.70808
1.70834
1.70861
1.70888
1.70916
1.70943
1.70971
1.70999
1.71027
1.71056
1.71085
1.71113
1.71143
1.71172
1.71202
1.71231
1.71261
1.71291
1.71322
1.71352
1.71383
1.71414
1.71445
1.71476
1.71508
1.71539
1.71571
1.71603
1.71634
1.71666
1.71698
1.71731
1.71763
1.71795
1.71828
1.7186
1.71892
1.71925
1.71958
1.7199
1.72023
1.72055
1.72088
1.7212
1.72153
1.72185
1.72218
1.7225
1.72282
1.72315
1.72347
1.72379
1.72411
1.72442
1.72474
1.72506
1.72537
1.72568
1.72599
1.7263
1.72661
1.72692
1.72722
1.72752
1.72782
1.72812
1.72842
1.72871
1.729
1.72929
1.72958
1.72986
1.73015
1.73043
1.7307
1.73098
1.73125
1.73152
1.73179
1.73205
1.73231
1.73257
1.73282
1.73307
1.73332
1.73357
1.73381
1.73405
1.73429
1.73452
1.73475
1.73498
1.7352
1.73542
1.73564
1.73585
1.73606
1.73626
1.73647
1.73667
1.73686
1.73705
1.73724
1.73742
1.73761
1.73778
1.73796
1.73813
1.73829
1.73846
1.73862
1.73877
1.73892
1.73907
1.73921
1.73935
1.73949
1.73962
1.73975
1.73988
1.74
1.74012
1.74023
1.74034
1.74044
1.74055
1.74064
1.74074
1.74083
1.74092
1.741
1.74108
1.74116
1.74123
1.7413
1.74136
1.74143
1.74148
1.74154
1.74159
1.74164
1.74168
1.74172
1.74176
1.7418
1.74183
1.74185
1.74188
1.7419
1.74192
1.74193
1.74194
1.74195
1.74196
1.74196
1.74196
1.74196
1.74195
1.74194
1.74193
1.74192
1.7419
1.74188
1.74186
1.74184
1.74181
1.74178
1.74175
1.74172
1.74168
1.74165
1.74161
1.74157
1.74152
1.74148
1.74143
1.74139
1.74134
1.74129
1.74124
1.74118
1.74113
1.74107
1.74102
1.74096
1.7409
1.74084
1.74079
1.74073
1.74067
1.74061
1.74055
1.74049
1.74043
1.74037
1.74031
1.74025
1.74019
1.74013
1.74007
1.74001
1.73996
1.7399
1.73985
1.73979
1.73974
1.73969
1.73964
1.73959
1.73955
1.7395
1.73946
1.73942
1.73938
1.73934
1.7393
1.73927
1.73924
1.73921
1.73919
1.73917
1.73915
1.73913
1.73911
1.7391
1.73909
1.73908
1.73908
1.73908
1.73908
1.73909
1.73909
1.7391
1.73912
1.73913
1.73915
1.73918
1.7392
1.73923
1.73926
1.7393
1.73934
1.73938
1.73942
1.73947
1.73951
1.73956
1.73962
1.73967
1.73973
1.7398
1.73986
1.73992
1.73999
1.74006
1.74013
1.7402
1.74028
1.74036
1.74043
1.74051
1.74059
1.74068
1.74076
1.74084
1.74093
1.74101
1.7411
1.74118
1.74127
1.74135
1.74144
1.74153
1.74161
1.7417
1.74179
1.74187
1.74196
1.74204
1.74212
1.7422
1.74228
1.74236
1.74244
1.74252
1.7426
1.74267
1.74275
1.74282
1.74289
1.74296
1.74303
1.74309
1.74316
1.74322
1.74328
1.74334
1.7434
1.74346
1.74351
1.74356
1.74361
1.74366
1.74371
1.74375
1.74379
1.74384
1.74387
1.74391
1.74395
1.74398
1.74401
1.74405
1.74407
1.7441
1.74413
1.74415
1.74418
1.7442
1.74422
1.74424
1.74426
1.74427
1.74429
1.74431
1.74432
1.74433
1.74434
1.74435
1.74436
1.74437
1.74438
1.74439
1.7444
1.7444
1.74441
1.74441
1.74442
1.74442
1.74442
1.74443
1.74443
1.74443
1.74444
1.74444
1.74444
1.74444
1.74444
1.74445
1.74445
1.74445
1.74445
1.74445
1.74445
1.74446
1.74446
1.74446
1.74446
1.74446
1.74446
1.74446
1.74446
1.74446
1.74446
1.74446
1.74447
1.74447
1.74447
1.74447
1.74447
1.74447
1.74447
1.74447
1.74447
1.74447
1.74447
1.74447
1.74447
1.74447
1.74447
1.74447
1.74446
1.74446
1.74446
1.74446
1.74445
1.74445
1.74445
1.74445
1.74444
1.74444
1.74444
1.74443
1.74443
1.74442
1.74442
1.74441
1.7444
1.74439
1.74439
1.74438
1.74437
1.74436
1.74434
1.74433
1.74432
1.7443
1.74429
1.74427
1.74425
1.74423
1.74421
1.74418
1.74416
1.74413
1.74411
1.74408
1.74404
1.74401
1.74397
1.74394
1.74389
1.74385
1.7438
1.74375
1.7437
1.74365
1.74359
1.74352
1.74346
1.74339
1.74331
1.74324
1.74315
1.74307
1.74297
1.74288
1.74278
1.74267
1.74256
1.74244
1.74232
1.74219
1.74206
1.74192
1.74177
1.74162
1.74146
1.74129
1.74112
1.74094
1.74075
1.74056
1.74035
1.74014
1.73992
1.7397
1.73946
1.73922
1.73897
1.73871
1.73845
1.73817
1.73789
1.73759
1.73729
1.73698
1.73666
1.73634
1.736
1.73566
1.7353
1.73494
1.73457
1.73419
1.7338
1.73341
1.733
1.73259
1.73217
1.73175
1.73131
1.73087
1.73042
1.72997
1.7295
1.72904
1.72856
1.72808
1.7276
1.72711
1.72662
1.72612
1.72562
1.72512
1.72462
1.72411
1.7236
1.72309
1.72259
1.72208
1.72157
1.72106
1.72056
1.72006
1.71956
1.71907
1.71858
1.7181
1.71762
1.71715
1.71669
1.71624
1.7158
1.71536
1.71493
1.71452
1.71412
1.71373
1.71335
1.71299
1.71264
1.7123
1.71198
1.71168
1.71139
1.71112
1.71086
1.71062
1.7104
1.7102
1.71002
1.70985
1.7097
1.70958
1.70947
1.70938
1.7093
1.70925
1.70922
1.7092
1.7092
1.70922
1.70926
1.70932
1.70939
1.70948
1.70959
1.70971
1.70984
1.70999
1.71016
1.71033
1.71052
1.71072
1.71093
1.71115
1.71138
1.71161
1.71185
1.7121
1.71235
1.71261
1.71287
1.71313
1.71339
1.71364
1.7139
1.71416
1.7144
1.71465
1.71489
1.78153
1.77907
1.77604
1.7727
1.76937
1.76634
1.76378
1.76174
1.76014
1.75885
1.75779
1.75688
1.75612
1.75548
1.75501
1.75475
1.75482
1.75539
1.75657
1.75837
1.76063
1.76312
1.76559
1.76783
1.7697
1.77114
1.77215
1.77277
1.77305
1.77306
1.77286
1.7725
1.77204
1.77151
1.77093
1.77031
1.76965
1.76894
1.76817
1.76732
1.76638
1.76533
1.76417
1.76291
1.76155
1.76012
1.75865
1.75717
1.75572
1.75434
1.75307
1.75193
1.75093
1.75007
1.74934
1.74872
1.74819
1.74773
1.74735
1.74706
1.74688
1.74682
1.74689
1.74704
1.74722
1.74731
1.74718
1.7467
1.74577
1.74432
1.74238
1.74008
1.73762
1.73531
1.73345
1.73235
1.73218
1.73301
1.73474
1.73717
1.74003
1.74304
1.746
1.74872
1.75111
1.75311
1.75471
1.75593
1.7568
1.75735
1.75762
1.75763
1.75741
1.75698
1.75636
1.75555
1.75455
1.75334
1.75192
1.75025
1.74831
1.74606
1.74348
1.74053
1.73723
1.73362
1.72979
1.72587
1.72203
1.71842
1.71515
1.71227
1.70979
1.70773
1.7062
1.70543
1.70573
1.70732
1.7102
1.71411
1.71854
1.72293
1.72681
1.72986
1.73195
1.73308
1.73335
1.73292
1.73199
1.73075
1.72939
1.72807
1.72691
1.72596
1.72526
1.72475
1.72439
1.7241
1.72378
1.72336
1.72279
1.72203
1.72105
1.71982
1.71835
1.71666
1.71476
1.71271
1.71056
1.70839
1.70632
1.70446
1.70296
1.70196
1.70159
1.70192
1.70296
1.70465
1.70683
1.70929
1.71177
1.71401
1.71574
1.71672
1.71673
1.71559
1.71319
1.70955
1.70486
1.69956
1.69432
1.68995
1.68713
1.68624
1.6872
1.68957
1.69274
1.69612
1.69927
1.70191
1.70397
1.70552
1.70671
1.70775
1.70879
1.70994
1.71124
1.71268
1.71418
1.71566
1.71708
1.71837
1.71951
1.72051
1.72136
1.72208
1.72268
1.72319
1.72363
1.72399
1.7243
1.72455
1.72475
1.7249
1.725
1.72504
1.72503
1.72495
1.72481
1.72459
1.72429
1.7239
1.7234
1.72278
1.72201
1.7211
1.72002
1.71878
1.71738
1.71587
1.71427
1.71263
1.71096
1.70933
1.70776
1.70635
1.70523
1.7046
1.70467
1.70558
1.70733
1.70973
1.71239
1.71479
1.71639
1.71672
1.71544
1.71257
1.70864
1.70481
1.70267
1.70354
1.70776
1.71443
1.72201
1.72905
1.73468
1.73862
1.74096
1.742
1.74208
1.74156
1.74073
1.7398
1.73891
1.73811
1.73737
1.73668
1.73603
1.73546
1.73504
1.73481
1.7348
1.73503
1.73557
1.73654
1.73811
1.74037
1.74323
1.74643
1.7496
1.75233
1.75434
1.75546
1.75563
1.75495
1.75356
1.75171
1.74967
1.74771
1.74605
1.74482
1.74403
1.74356
1.7433
1.7432
1.74331
1.74382
1.74488
1.74656
1.74872
1.75104
1.75313
1.75461
1.75523
1.75487
1.75354
1.75133
1.74842
1.74507
1.74156
1.7382
1.73534
1.73323
1.73205
1.73188
1.73263
1.7341
1.73604
1.73817
1.74026
1.7421
1.74351
1.74434
1.74445
1.74374
1.74213
1.73966
1.73648
1.73287
1.72921
1.72588
1.72313
1.72099
1.71925
1.71755
1.71559
1.71324
1.71075
1.7087
1.70785
1.7088
1.71169
1.71613
1.72145
1.72693
1.73205
1.73649
1.74014
1.74299
1.74508
1.74651
1.74737
1.74778
1.74783
1.74762
1.74722
1.74669
1.74608
1.74539
1.74465
1.74383
1.74292
1.74189
1.74073
1.7394
1.73792
1.73634
1.73471
1.73315
1.73176
1.73066
1.7299
1.7295
1.72939
1.72947
1.72962
1.72975
1.72983
1.72988
1.73003
1.73041
1.73118
1.73242
1.73415
1.7363
1.73871
1.74119
1.74357
1.74569
1.7474
1.74863
1.7493
1.74937
1.74883
1.74764
1.74584
1.74348
1.74068
1.73761
1.73453
1.73173
1.72955
1.72825
1.72803
1.72893
1.73084
1.73354
1.73673
1.74013
1.74349
1.7466
1.74936
1.75168
1.75357
1.75502
1.75605
1.75673
1.75709
1.75721
1.75716
1.75701
1.75683
1.75667
1.75661
1.75669
1.75693
1.75737
1.758
1.75883
1.75985
1.76102
1.7623
1.76364
1.76497
1.76623
1.76738
1.76837
1.76918
1.76981
1.77029
1.77063
1.77088
1.77105
1.77117
1.77122
1.77118
1.77102
1.77067
1.77009
1.76927
1.76821
1.76698
1.76569
1.76448
1.76354
1.763
1.76298
1.76351
1.76457
1.7661
1.76797
1.77005
1.77221
1.77431
1.77625
1.77793
1.77933
1.78044
1.78128
1.78192
1.78241
1.78282
1.78319
1.78358
1.78401
1.7845
1.78507
1.78571
1.78643
1.78719
1.78795
1.78862
1.7891
1.78922
1.78883
1.78778
1.78599
1.78353
1.78062
1.77773
1.77543
1.77425
1.77449
1.77608
1.77866
1.78173
1.78482
1.78759
1.78985
1.79153
1.79264
1.79321
1.79331
1.79299
1.7923
1.79129
1.79001
1.7885
1.7868
1.78493
1.78295
1.78088
1.77876
1.77664
1.77457
1.77259
1.77074
1.76909
1.76773
1.76671
1.76615
1.76613
1.76672
1.76796
1.76986
1.77237
1.77537
1.77868
1.78208
1.78534
1.78824
1.79062
1.79235
1.79336
1.79361
1.79308
1.79175
1.78963
1.78671
1.78304
1.7787
1.77391
1.76904
1.76462
1.76123
1.75932
1.75897
1.75993
1.76164
1.76354
1.7652
1.76646
1.76733
1.76799
1.76865
1.76951
1.77071
1.7723
1.77419
1.77626
1.77831
1.78014
1.78163
1.78267
1.78322
1.78327
1.78286
1.78205
1.78091
1.77952
1.77794
1.77627
1.77456
1.77285
1.77117
1.7695
1.76786
1.76626
1.76477
1.7635
1.7626
1.76223
1.76254
1.76356
1.76524
1.76743
1.7699
1.77242
1.77475
1.7767
1.77811
1.77886
1.77888
1.77815
1.77668
1.77457
1.77198
1.76915
1.76639
1.76404
1.76244
1.76178
1.76211
1.76326
1.76492
1.76671
1.76836
1.76975
1.77093
1.77203
1.77314
1.77431
1.77544
1.77638
1.77691
1.77687
1.77609
1.77448
1.77196
1.76856
1.76439
1.75969
1.7549
1.75062
1.7475
1.74609
1.74664
1.749
1.75272
1.75722
1.76196
1.7665
1.77058
1.77402
1.77674
1.77867
1.77977
1.78004
1.77949
1.77814
1.77609
1.77341
1.77023
1.76667
1.76291
1.75914
1.75568
1.75287
1.7511
1.75067
1.75169
1.75408
1.75753
1.76164
1.76598
1.77019
1.77402
1.7773
1.77996
1.78199
1.78341
1.78429
1.78468
1.78467
1.78432
1.78368
1.78279
1.7817
1.7804
1.77889
1.77715
1.77515
1.77284
1.77018
1.7671
1.76357
1.75957
1.7551
1.75021
1.74498
1.73955
1.7341
1.72882
1.72391
1.71954
1.71585
1.71288
1.7106
1.7089
1.7077
1.70698
1.70692
1.70777
1.7098
1.71312
1.71754
1.72263
1.72786
1.73276
1.737
1.74043
1.74302
1.74483
1.74597
1.74657
1.74675
1.74663
1.7463
1.74583
1.74527
1.74464
1.74394
1.74317
1.74231
1.74133
1.74022
1.73895
1.73753
1.73593
1.73419
1.7323
1.73031
1.72825
1.72618
1.72419
1.72239
1.72088
1.71976
1.71913
1.719
1.71934
1.72004
1.72096
1.72196
1.7229
1.72367
1.72423
1.72459
1.72481
1.72497
1.72523
1.72569
1.72646
1.72759
1.72907
1.73077
1.73251
1.73403
1.73502
1.73514
1.73405
1.73148
1.72737
1.722
1.71621
1.71136
1.70892
1.7098
1.71378
1.7197
1.72609
1.73177
1.73612
1.73896
1.7404
1.74072
1.74032
1.73961
1.73896
1.73857
1.73837
1.73805
1.7372
1.73554
1.73318
1.73075
1.72919
1.72933
1.73143
1.735
1.7391
1.74282
1.74558
1.74721
1.74787
1.74783
1.74742
1.74684
1.74622
1.74555
1.74475
1.7437
1.74231
1.74053
1.7384
1.73603
1.73366
1.73154
1.72992
1.72899
1.72875
1.72909
1.72977
1.73053
1.73115
1.73147
1.73142
1.73102
1.73036
1.72958
1.72884
1.7283
1.72811
1.72833
1.72899
1.73003
1.73137
1.73287
1.73443
1.73592
1.73726
1.73838
1.73926
1.73989
1.74028
1.74047
1.74048
1.74036
1.74015
1.73987
1.73957
1.73925
1.73896
1.73869
1.73845
1.73824
1.73806
1.7379
1.73774
1.73757
1.73738
1.73713
1.73683
1.73646
1.736
1.73547
1.73488
1.73425
1.73362
1.73305
1.73258
1.73227
1.73215
1.73222
1.73248
1.73287
1.73331
1.73374
1.73407
1.73422
1.73416
1.73388
1.7334
1.73278
1.73213
1.73158
1.73125
1.73125
1.73166
1.7325
1.73372
1.73527
1.73703
1.73889
1.74073
1.74242
1.74386
1.74492
1.74552
1.74555
1.74496
1.74373
1.74187
1.73938
1.73624
1.73238
1.72769
1.72222
1.71644
1.71156
1.70937
1.7114
1.71785
1.7273
1.73757
1.7468
1.75395
1.75878
1.76145
1.76231
1.76176
1.76014
1.7578
1.75507
1.75223
1.74959
1.74739
1.74582
1.74499
1.74491
1.7455
1.74666
1.74822
1.75007
1.7521
1.75421
1.75635
1.75848
1.76053
1.76247
1.76424
1.7658
1.76709
1.76808
1.76871
1.76894
1.76873
1.76805
1.76685
1.76511
1.76283
1.76004
1.75683
1.75341
1.75002
1.74701
1.74475
1.74352
1.74347
1.74458
1.74662
1.74929
1.75225
1.75521
1.75795
1.76034
1.7623
1.76381
1.7649
1.76561
1.76601
1.76618
1.7662
1.76614
1.76607
1.76604
1.76605
1.76609
1.76612
1.76608
1.76591
1.76555
1.76496
1.76414
1.76312
1.76197
1.76076
1.75957
1.75847
1.75747
1.75654
1.75564
1.75465
1.75349
1.7521
1.7504
1.74839
1.74611
1.74368
1.74137
1.73956
1.73873
1.73928
1.74139
1.74494
1.7495
1.75453
1.7595
1.76404
1.76795
1.77114
1.77365
1.77554
1.77688
1.77774
1.77818
1.77825
1.77796
1.77734
1.77639
1.77512
1.77356
1.77173
1.76966
1.7674
1.76501
1.76252
1.75998
1.75742
1.75487
1.75238
1.74999
1.7478
1.74593
1.7445
1.74364
1.74343
1.74391
1.74503
1.7467
1.74877
1.75106
1.75341
1.75566
1.75771
1.75946
1.76088
1.76199
1.76281
1.76341
1.76388
1.76429
1.76473
1.76524
1.76584
1.76655
1.76735
1.76821
1.7691
1.76998
1.77083
1.77163
1.77237
1.77303
1.77358
1.77401
1.77427
1.77433
1.77418
1.77379
1.77319
1.77241
1.77155
1.77071
1.77003
1.7696
1.76946
1.76954
1.76968
1.76956
1.76879
1.76691
1.76354
1.75854
1.75231
1.74604
1.74163
1.74092
1.74462
1.75177
1.76037
1.76845
1.77475
1.77878
1.78054
1.78025
1.77825
1.77494
1.77074
1.76614
1.76153
1.75721
1.75327
1.74962
1.74612
1.74266
1.73927
1.73616
1.73364
1.73205
1.73169
1.73276
1.73529
1.73907
1.74371
1.74867
1.75347
1.75774
1.76126
1.76399
1.766
1.76737
1.76823
1.76868
1.7688
1.76861
1.76815
1.76742
1.76639
1.76508
1.76346
1.76157
1.75946
1.75725
1.75506
1.75306
1.75144
1.75032
1.74979
1.7498
1.75018
1.75068
1.751
1.75086
1.75009
1.74869
1.74692
1.74519
1.74397
1.74363
1.74423
1.74553
1.74708
1.74838
1.74908
1.749
1.74813
1.74663
1.74476
1.74282
1.74111
1.73989
1.73932
1.73942
1.74012
1.74121
1.74246
1.74364
1.74455
1.74508
1.74522
1.74504
1.74469
1.74436
1.74422
1.74439
1.74492
1.74578
1.74689
1.74813
1.74939
1.75055
1.75152
1.75221
1.75254
1.75243
1.75178
1.7505
1.74848
1.74559
1.74173
1.73683
1.73093
1.72428
1.71742
1.71128
1.70703
1.7057
1.70772
1.71269
1.71958
1.72719
1.73458
1.7412
1.74685
1.75154
1.7554
1.75861
1.76131
1.76364
1.76572
1.76759
1.76927
1.77073
1.77187
1.77254
1.77253
1.77156
1.76936
1.76568
1.76044
1.75385
1.74653
1.73944
1.73355
1.72941
1.72689
1.72541
1.72443
1.72379
1.72375
1.7248
1.72727
1.73122
1.7363
1.74187
1.74716
1.75145
1.75424
1.75545
1.75551
1.7554
1.75624
1.75874
1.76275
1.76732
1.77127
1.77376
1.77448
1.77364
1.7716
1.76865
1.76477
1.75963
1.75269
1.74355
1.73235
1.72013
1.70878
1.70024
1.69548
1.69453
1.69725
1.7037
1.71331
1.72437
1.73471
1.74281
1.74828
1.75164
1.75376
1.75547
1.75733
1.75953
1.762
1.76454
1.76696
1.76911
1.77091
1.77235
1.77343
1.77419
1.77465
1.77486
1.77484
1.77464
1.77427
1.7738
1.77325
1.77271
1.77224
1.77191
1.77176
1.77179
1.77197
1.77223
1.77246
1.77256
1.77243
1.77201
1.77127
1.7702
1.76886
1.7673
1.76563
1.76392
1.76224
1.76061
1.759
1.75731
1.75542
1.75323
1.75071
1.74795
1.74519
1.74281
1.74132
1.74119
1.74276
1.74608
1.75088
1.7566
1.76251
1.76787
1.77202
1.77444
1.77488
1.77332
1.77015
1.76612
1.76228
1.75962
1.75871
1.7595
1.76149
1.76411
1.76691
1.76969
1.77237
1.77487
1.77708
1.77883
1.77994
1.78026
1.77967
1.77815
1.77576
1.77272
1.76934
1.76602
1.76312
1.76093
1.75963
1.75924
1.75966
1.76063
1.76178
1.76269
1.76296
1.76238
1.7609
1.75867
1.75596
1.75317
1.75072
1.749
1.74828
1.74867
1.75009
1.75229
1.75493
1.75769
1.76031
1.76263
1.7646
1.76625
1.76765
1.76887
1.76993
1.77082
1.77146
1.77176
1.77159
1.77089
1.76967
1.76806
1.76629
1.76473
1.76374
1.76361
1.76445
1.76614
1.76839
1.77082
1.77309
1.77494
1.7762
1.77682
1.77681
1.77621
1.77514
1.77369
1.77202
1.77029
1.76866
1.76727
1.76622
1.76555
1.76522
1.76515
1.76518
1.76519
1.76504
1.76464
1.76393
1.76289
1.76156
1.76002
1.75841
1.75687
1.75561
1.75479
1.75451
1.75481
1.75561
1.7568
1.75818
1.7596
1.76092
1.76201
1.76283
1.76334
1.76353
1.76345
1.76311
1.76254
1.7618
1.76086
1.75971
1.75822
1.75619
1.75333
1.74939
1.74428
1.73844
1.73304
1.72984
1.73041
1.73512
1.74281
1.75146
1.75924
1.7651
1.76871
1.77023
1.77008
1.7688
1.76699
1.76523
1.76399
1.76359
1.76407
1.76527
1.76689
1.76861
1.77014
1.77131
1.77202
1.77225
1.77202
1.77138
1.77041
1.76918
1.76777
1.76629
1.76483
1.76349
1.76236
1.76149
1.76094
1.76074
1.7609
1.76139
1.7622
1.76326
1.7645
1.76585
1.76723
1.76856
1.76981
1.77093
1.77189
1.77269
1.7733
1.77368
1.77375
1.7734
1.77246
1.77071
1.76795
1.76404
1.759
1.75315
1.74711
1.74168
1.73754
1.73485
1.73321
1.73187
1.73013
1.72771
1.72479
1.72194
1.71991
1.71937
1.72073
1.72403
1.72897
1.73501
1.74152
1.74791
1.75371
1.75862
1.76246
1.76522
1.76696
1.76777
1.7678
1.76717
1.766
1.76438
1.7624
1.76014
1.75767
1.75507
1.75242
1.74982
1.74736
1.74515
1.74328
1.74182
1.7408
1.74023
1.7401
1.74034
1.74091
1.7417
1.74265
1.74366
1.74466
1.74559
1.74637
1.74695
1.74728
1.74732
1.74705
1.74645
1.74556
1.74441
1.74309
1.74168
1.74031
1.73908
1.73808
1.73738
1.73701
1.73696
1.73721
1.73771
1.73839
1.73916
1.73995
1.74068
1.74127
1.7417
1.74197
1.7421
1.74215
1.74222
1.74238
1.74269
1.74319
1.7439
1.74481
1.74589
1.74709
1.74834
1.74961
1.75082
1.75193
1.75286
1.75359
1.75407
1.7543
1.75431
1.75414
1.75386
1.75356
1.75333
1.75325
1.75336
1.75368
1.75423
1.75499
1.75596
1.75718
1.75865
1.76041
1.76242
1.76465
1.76697
1.76926
1.77134
1.77304
1.77422
1.77471
1.77441
1.77325
1.77123
1.76841
1.76498
1.76117
1.75723
1.75336
1.74966
1.74617
1.74305
1.74061
1.73929
1.7393
1.74041
1.74194
1.74316
1.74379
1.74431
1.74574
1.74892
1.75394
1.75997
1.76574
1.77019
1.77273
1.77321
1.77175
1.76862
1.76411
1.75866
1.75282
1.74736
1.74304
1.7405
1.74003
1.74149
1.74448
1.74849
1.75307
1.75789
1.76275
1.76748
1.77195
1.77607
1.77976
1.78305
1.78601
1.78877
1.79143
1.79399
1.79637
1.79839
1.79983
1.80048
1.80017
1.7988
1.79633
1.79279
1.7883
1.78309
1.77742
1.77164
1.76612
1.76118
1.75708
1.75397
1.75192
1.75093
1.75094
1.75188
1.75362
1.75606
1.75906
1.76251
1.7663
1.77034
1.77454
1.77884
1.78313
1.78733
1.79133
1.79503
1.79833
1.80114
1.8034
1.80506
1.80606
1.80637
1.80597
1.80484
1.80298
1.80042
1.79724
1.79356
1.78959
1.7856
1.78193
1.77899
1.77715
1.77673
1.77785
1.78049
1.7844
1.78919
1.79446
1.79983
1.80501
1.80984
1.81423
1.81813
1.82151
1.82431
1.82646
1.82787
1.82844
1.82815
1.82698
1.82504
1.82248
1.81953
1.81647
1.81357
1.81101
1.80894
1.80737
1.80618
1.80521
1.80422
1.80305
1.80168
1.8003
1.79925
1.7989
1.79946
1.80084
1.80272
1.80466
1.80627
1.80735
1.80789
1.80798
1.80773
1.80728
1.80667
1.80594
1.80507
1.80405
1.80287
1.80156
1.80015
1.79873
1.79736
1.79612
1.79509
1.79432
1.79384
1.79366
1.79377
1.79413
1.79467
1.79529
1.79585
1.79618
1.7961
1.79537
1.79374
1.79095
1.78675
1.78106
1.77408
1.76656
1.75989
1.75585
1.75586
1.76014
1.76759
1.77642
1.78502
1.79242
1.79823
1.80242
1.80515
1.80658
1.80685
1.80609
1.80438
1.80181
1.79846
1.79448
1.79002
1.78529
1.7805
1.77586
1.77153
1.76769
1.76448
1.76198
1.7603
1.75945
1.75945
1.76023
1.76168
1.76365
1.76591
1.76826
1.77049
1.77246
1.77409
1.77539
1.77646
1.77744
1.77849
1.77967
1.78097
1.78226
1.78332
1.78389
1.78375
1.78272
1.78073
1.77782
1.77421
1.77027
1.76654
1.76358
1.7619
1.76176
1.76314
1.76576
1.76917
1.77293
1.77666
1.78009
1.7831
1.78562
1.78768
1.78931
1.79056
1.7915
1.79215
1.79255
1.79272
1.79267
1.79238
1.79183
1.791
1.78984
1.78831
1.78635
1.78394
1.78102
1.77761
1.77375
1.76955
1.7652
1.76094
1.7571
1.75398
1.75186
1.7509
1.75111
1.75239
1.75451
1.75722
1.76027
1.76347
1.76669
1.76987
1.77299
1.77602
1.77895
1.78176
1.78437
1.78671
1.78868
1.79019
1.79116
1.79153
1.79125
1.79033
1.7888
1.78675
1.78427
1.78152
1.77862
1.77571
1.77289
1.77024
1.76784
1.76572
1.76395
1.76253
1.76151
1.76088
1.76069
1.76097
1.76171
1.76284
1.76416
1.76543
1.76633
1.76657
1.76592
1.76432
1.762
1.75957
1.75792
1.75788
1.75983
1.76343
1.76781
1.77204
1.77541
1.77761
1.77863
1.77861
1.77777
1.77628
1.77428
1.77186
1.76906
1.76592
1.7625
1.75893
1.75541
1.75219
1.74956
1.74772
1.74673
1.74646
1.74662
1.74683
1.74674
1.74612
1.74488
1.74303
1.74073
1.73825
1.73608
1.73493
1.7355
1.73818
1.74272
1.7483
1.75391
1.75868
1.76212
1.76407
1.76465
1.76409
1.76268
1.76071
1.75849
1.75627
1.75425
1.7526
1.75139
1.75062
1.75027
1.75025
1.75049
1.75092
1.75151
1.75223
1.75308
1.75403
1.75508
1.75617
1.75727
1.75831
1.75924
1.76001
1.76059
1.76097
1.76116
1.76117
1.76106
1.76086
1.76059
1.76028
1.75989
1.75937
1.75866
1.75767
1.75635
1.75463
1.75253
1.75008
1.74742
1.74476
1.74236
1.74052
1.73945
1.73925
1.73982
1.74093
1.7423
1.74367
1.74491
1.74604
1.74715
1.74838
1.74983
1.75155
1.7535
1.7556
1.75774
1.75983
1.76177
1.76348
1.7649
1.76596
1.76665
1.76696
1.76693
1.7666
1.76602
1.76519
1.76406
1.76248
1.7602
1.7569
1.75229
1.74621
1.73881
1.73073
1.72316
1.71765
1.71564
1.71776
1.72354
1.73161
1.74044
1.74885
1.75619
1.76235
1.76748
1.77188
1.7758
1.77945
1.78294
1.78626
1.78938
1.7922
1.79464
1.79661
1.79807
1.79894
1.79923
1.79891
1.79802
1.79663
1.7949
1.79308
1.79153
1.79066
1.79083
1.79221
1.79467
1.79778
1.80099
1.80368
1.80534
1.80567
1.80453
1.802
1.79833
1.79397
1.78939
1.78508
1.78135
1.7783
1.77591
1.77403
1.77258
1.77151
1.77084
1.77059
1.77075
1.77118
1.77157
1.77152
1.77063
1.76876
1.76626
1.76405
1.76346
1.76569
1.77123
1.77962
1.78966
1.80006
1.80975
1.81806
1.8247
1.82953
1.83252
1.83367
1.83295
1.8303
1.82563
1.81896
1.81048
1.80077
1.79083
1.78193
1.7752
1.77119
1.76967
1.76995
1.77133
1.77326
1.77546
1.77777
1.78012
1.78246
1.78477
1.78708
1.78939
1.7917
1.794
1.79628
1.79849
1.80058
1.80251
1.80423
1.80571
1.80691
1.80781
1.80841
1.80871
1.8087
1.80839
1.8078
1.80693
1.80578
1.80435
1.80263
1.80063
1.79836
1.79584
1.79312
1.79027
1.78738
1.78459
1.78205
1.77989
1.77825
1.77719
1.77673
1.77679
1.77726
1.77799
1.77879
1.77952
1.78007
1.78033
1.78028
1.77988
1.77914
1.77805
1.77662
1.77488
1.77286
1.77065
1.76834
1.76608
1.76405
1.7624
1.76126
1.76067
1.76061
1.76099
1.7617
1.76265
1.76381
1.76516
1.76675
1.7686
1.77074
1.77314
1.77577
1.77855
1.78137
1.78415
1.78677
1.78915
1.79125
1.793
1.79441
1.79544
1.79611
1.79643
1.79641
1.79607
1.79545
1.79456
1.79345
1.79214
1.79071
1.7892
1.78769
1.78627
1.785
1.78393
1.78306
1.78238
1.78182
1.78134
1.78091
1.78056
1.78038
1.7805
1.78104
1.78203
1.7834
1.78496
1.7864
1.78738
1.78761
1.78694
1.7854
1.7833
1.78111
1.77946
1.77888
1.77969
1.78181
1.7849
1.78841
1.79183
1.79478
1.79704
1.79853
1.79929
1.7994
1.799
1.79825
1.79734
1.79649
1.79595
1.79591
1.79653
1.79784
1.79976
1.80212
1.8047
1.80724
1.80955
1.81146
1.81284
1.81357
1.81352
1.8126
1.81072
1.80795
1.80459
1.80126
1.79881
1.79799
1.79908
1.80172
1.80505
1.80812
1.81022
1.81095
1.81022
1.8081
1.80476
1.80041
1.79531
1.7898
1.78429
1.77926
1.7751
1.77201
1.76987
1.76835
1.76699
1.76542
1.76346
1.76112
1.75855
1.75595
1.75358
1.75169
1.7505
1.75017
1.75079
1.75231
1.75457
1.75739
1.76054
1.76382
1.76709
1.77019
1.773
1.7754
1.77725
1.77846
1.77895
1.77869
1.77766
1.77587
1.77339
1.77032
1.7668
1.76306
1.75938
1.75609
1.75349
1.75181
1.75114
1.75139
1.75237
1.7538
1.75543
1.75704
1.7585
1.75972
1.7607
1.76142
1.7619
1.76217
1.76223
1.76211
1.76179
1.76129
1.76059
1.75968
1.75857
1.75726
1.75578
1.75418
1.75253
1.75095
1.74952
1.74837
1.74756
1.74711
1.747
1.74715
1.74744
1.74778
1.74805
1.7482
1.74819
1.74801
1.74767
1.74722
1.74669
1.74617
1.74571
1.74539
1.74526
1.74533
1.7456
1.74598
1.74639
1.74667
1.74667
1.74624
1.74527
1.7437
1.74157
1.73905
1.73648
1.7343
1.733
1.733
1.7345
1.73747
1.74161
1.74653
1.75177
1.75696
1.76183
1.7662
1.77003
1.7733
1.77601
1.77819
1.77984
1.78095
1.78147
1.78138
1.78062
1.77916
1.77699
1.77417
1.77083
1.76722
1.7637
1.76065
1.75848
1.75744
1.75763
1.75896
1.76122
1.76413
1.76743
1.7709
1.77431
1.77749
1.78026
1.78248
1.78402
1.78479
1.78472
1.78381
1.78213
1.77976
1.7769
1.77377
1.77064
1.76787
1.76582
1.76483
1.76516
1.76683
1.7696
1.77305
1.7767
1.78012
1.78302
1.78527
1.78684
1.7878
1.78823
1.78824
1.78792
1.78736
1.78664
1.78584
1.78504
1.78431
1.78377
1.7835
1.78359
1.78411
1.7851
1.78653
1.78835
1.79046
1.79274
1.79506
1.79728
1.79929
1.801
1.80232
1.8032
1.80363
1.80363
1.80325
1.80259
1.80182
1.80113
1.80071
1.80073
1.80126
1.80229
1.80373
1.8054
1.80711
1.80871
1.81007
1.81111
1.81181
1.81218
1.81225
1.81206
1.81165
1.81108
1.81034
1.80943
1.80828
1.80678
1.80478
1.8021
1.79862
1.79426
1.78915
1.78372
1.77873
1.7751
1.77366
1.77468
1.77783
1.78231
1.78729
1.79216
1.79666
1.80075
1.80455
1.80815
1.81162
1.81497
1.81817
1.82117
1.82387
1.82622
1.82814
1.82956
1.83038
1.83053
1.82988
1.82826
1.82551
1.8214
1.81582
1.80879
1.80071
1.79249
1.78555
1.78136
1.78081
1.78372
1.78901
1.79531
1.80151
1.80702
1.81163
1.81535
1.81832
1.82064
1.82241
1.82372
1.8246
1.8251
1.82522
1.82497
1.82437
1.82341
1.8221
1.82044
1.81845
1.81616
1.81363
1.81097
1.80834
1.80594
1.804
1.80273
1.80229
1.8027
1.80388
1.80564
1.80773
1.8099
1.81194
1.81368
1.81502
1.81588
1.8162
1.81595
1.81509
1.81359
1.81144
1.80866
1.80535
1.80167
1.79789
1.79438
1.79152
1.78966
1.78894
1.78928
1.79039
1.79186
1.7933
1.79442
1.79508
1.79523
1.79495
1.7943
1.79332
1.79203
1.79035
1.7882
1.78565
1.78302
1.78097
1.78038
1.78194
1.78574
1.79121
1.79737
1.80331
1.80845
1.81257
1.81568
1.81791
1.81939
1.82023
1.82045
1.82006
1.81902
1.81732
1.81496
1.81204
1.80871
1.80525
1.80205
1.79947
1.79783
1.79725
1.79765
1.79878
1.80032
1.80196
1.80351
1.80485
1.80596
1.80685
1.80756
1.80807
1.80838
1.80843
1.80815
1.80745
1.80627
1.80455
1.80232
1.79969
1.79688
1.79424
1.79213
1.79089
1.79069
1.79152
1.79312
1.79516
1.79728
1.7992
1.80074
1.80182
1.80242
1.80256
1.80228
1.8016
1.80059
1.79925
1.79763
1.79575
1.79368
1.79148
1.78926
1.78715
1.78528
1.78377
1.78265
1.78192
1.78148
1.78117
1.7808
1.78021
1.77928
1.77797
1.77631
1.77439
1.7724
1.77052
1.769
1.76804
1.76786
1.76856
1.77015
1.77253
1.77549
1.77874
1.78199
1.78502
1.78763
1.78971
1.7912
1.79207
1.7923
1.79185
1.79071
1.78884
1.78622
1.7829
1.77898
1.77472
1.77049
1.76674
1.76392
1.76234
1.76205
1.76286
1.76443
1.76639
1.76845
1.77045
1.77234
1.77414
1.77588
1.77757
1.77917
1.7806
1.78173
1.78243
1.78259
1.78211
1.78099
1.7793
1.77725
1.77511
1.77317
1.77164
1.77051
1.76954
1.76831
1.76647
1.76393
1.76106
1.75868
1.75777
1.75897
1.76219
1.76663
1.77122
1.77503
1.77755
1.7787
1.77872
1.77806
1.77724
1.77676
1.77695
1.77791
1.77951
1.7815
1.78354
1.78541
1.78696
1.78819
1.78919
1.79008
1.79102
1.79211
1.79342
1.79491
1.79652
1.79812
1.79957
1.80076
1.80156
1.80189
1.8017
1.80097
1.79974
1.79808
1.79612
1.79402
1.79198
1.79018
1.78878
1.78787
1.78747
1.78754
1.788
1.78874
1.78968
1.7908
1.79211
1.79372
1.79572
1.79818
1.80113
1.80449
1.80815
1.81195
1.81572
1.81934
1.8227
1.82573
1.82839
1.8306
1.83231
1.83342
1.83375
1.83304
1.83091
1.82674
1.81968
1.8088
1.7936
1.77523
1.75787
1.74792
1.74954
1.76057
1.7747
1.78673
1.79466
1.79886
1.80056
1.80104
1.80126
1.80186
1.80314
1.80511
1.80756
1.81012
1.81234
1.81377
1.81413
1.81346
1.81215
1.81098
1.81084
1.81233
1.81549
1.81979
1.82445
1.82878
1.8324
1.83519
1.83724
1.83872
1.83979
1.84057
1.84112
1.84146
1.84158
1.84146
1.84108
1.84042
1.83951
1.83843
1.83728
1.83623
1.83545
1.83513
1.8354
1.83632
1.83782
1.83975
1.84191
1.84405
1.84592
1.84732
1.84805
1.84798
1.84701
1.84512
1.84236
1.83897
1.83532
1.83192
1.82929
1.82783
1.82764
1.82852
1.83008
1.83188
1.83357
1.83494
1.83592
1.83653
1.83681
1.83686
1.83671
1.83643
1.83606
1.83563
1.8352
1.83479
1.83444
1.83418
1.83405
1.83408
1.83431
1.83472
1.83528
1.83593
1.83654
1.83697
1.83712
1.83697
1.83663
1.8364
1.83661
1.83758
1.8394
1.84194
1.84489
1.84794
1.85082
1.85342
1.85574
1.8578
1.85965
1.86131
1.86274
1.8639
1.86477
1.86531
1.86551
1.86539
1.86497
1.86429
1.86338
1.86227
1.86095
1.85943
1.85767
1.85566
1.85338
1.85083
1.848
1.8449
1.84157
1.83812
1.83475
1.83179
1.82959
1.82849
1.82864
1.83
1.83241
1.83559
1.83928
1.84323
1.84723
1.85108
1.85462
1.85775
1.86043
1.86263
1.86438
1.86571
1.86667
1.86727
1.86752
1.86742
1.86694
1.86601
1.86459
1.86262
1.86012
1.85718
1.85406
1.85117
1.84909
1.84841
1.84953
1.85245
1.85681
1.86194
1.86712
1.87173
1.87532
1.87763
1.87853
1.87803
1.87622
1.8733
1.86947
1.86484
1.85934
1.8527
1.84467
1.83541
1.82587
1.81789
1.81374
1.81492
1.82127
1.83085
1.84109
1.84992
1.85636
1.8604
1.86266
1.86395
1.86503
1.86638
1.86814
1.87017
1.87216
1.87383
1.87493
1.87534
1.87495
1.87363
1.87117
1.86723
1.86149
1.85378
1.84444
1.8346
1.82611
1.82095
1.82024
1.82374
1.83028
1.83856
1.84758
1.85663
1.86513
1.87263
1.8788
1.88348
1.8866
1.88818
1.88825
1.88685
1.88401
1.87977
1.87421
1.86752
1.85997
1.85201
1.84425
1.83744
1.83238
1.82983
1.83026
1.83371
1.83969
1.84735
1.85568
1.86379
1.87102
1.87703
1.88166
1.88494
1.887
1.88797
1.88806
1.88741
1.8862
1.8846
1.88275
1.88078
1.8788
1.87687
1.87502
1.87325
1.8715
1.86972
1.86785
1.86581
1.86356
1.8611
1.85846
1.85576
1.85316
1.85088
1.84915
1.84816
1.84802
1.84867
1.84996
1.85162
1.85339
1.85503
1.85638
1.85739
1.85808
1.85851
1.85876
1.85892
1.85906
1.85923
1.85945
1.85975
1.86011
1.86052
1.86094
1.86134
1.86167
1.86188
1.86193
1.86179
1.86143
1.86086
1.86006
1.85906
1.85786
1.85649
1.85496
1.85329
1.8515
1.84966
1.8478
1.84599
1.84434
1.8429
1.84174
1.84083
1.84007
1.83926
1.83807
1.83613
1.83314
1.82899
1.82407
1.81937
1.81635
1.81632
1.81968
1.82562
1.83265
1.83932
1.84479
1.84881
1.85154
1.85333
1.85452
1.85537
1.85601
1.85645
1.85663
1.85645
1.85583
1.85469
1.85305
1.85096
1.84851
1.84583
1.84302
1.84023
1.8376
1.83532
1.83362
1.83273
1.83283
1.834
1.83615
1.83901
1.84218
1.84523
1.84779
1.84959
1.8505
1.85048
1.84964
1.84815
1.8463
1.84439
1.8428
1.84184
1.84175
1.84263
1.84444
1.84699
1.84999
1.85315
1.85619
1.85886
1.86097
1.86238
1.86293
1.8625
1.86096
1.85818
1.85408
1.84869
1.84228
1.83546
1.82919
1.82457
1.82246
1.82307
1.82589
1.83
1.8345
1.83871
1.84232
1.8452
1.84737
1.84886
1.84969
1.84989
1.84946
1.84845
1.84694
1.84507
1.84303
1.84101
1.83923
1.83786
1.83703
1.83682
1.83727
1.83842
1.84027
1.84276
1.84577
1.84908
1.85243
1.85551
1.85806
1.85981
1.86057
1.86019
1.85861
1.85585
1.85212
1.84781
1.84355
1.84002
1.83779
1.83709
1.83773
1.83921
1.84096
1.84258
1.84385
1.84475
1.84535
1.84575
1.846
1.84616
1.84623
1.84624
1.84621
1.84615
1.84609
1.84604
1.84598
1.84589
1.84573
1.84545
1.84501
1.84441
1.84364
1.84277
1.84187
1.84108
1.84057
1.84054
1.8412
1.84271
1.84514
1.84848
1.85262
1.85733
1.86239
1.86756
1.87261
1.87739
1.88179
1.88572
1.88914
1.89199
1.89426
1.89589
1.89685
1.89712
1.89666
1.89549
1.89363
1.89117
1.88824
1.88504
1.88183
1.87886
1.87643
1.87476
1.87401
1.87421
1.8753
1.8771
1.87933
1.88171
1.88394
1.88575
1.88695
1.8874
1.88703
1.88584
1.88386
1.88116
1.87785
1.87404
1.8699
1.8657
1.86185
1.85894
1.85761
1.85824
1.8608
1.86492
1.87012
1.87602
1.88225
1.88827
1.89343
1.89706
1.89873
1.89842
1.89652
1.89384
1.89138
1.89001
1.89017
1.89173
1.89407
1.89645
1.89819
1.89885
1.89816
1.89601
1.89234
1.8872
1.88072
1.87325
1.86536
1.85784
1.85159
1.8474
1.84565
1.8462
1.84846
1.85158
1.85471
1.85725
1.85883
1.85933
1.85881
1.85739
1.85524
1.85254
1.84942
1.84602
1.84247
1.83888
1.83531
1.83179
1.82823
1.82446
1.82027
1.81557
1.81058
1.80598
1.80277
1.80184
1.80354
1.80751
1.81301
1.81932
1.82594
1.83262
1.83912
1.84522
1.8507
1.85535
1.85905
1.86173
1.8634
1.86411
1.86391
1.86286
1.86099
1.85832
1.85488
1.85068
1.8458
1.84037
1.83463
1.82886
1.82343
1.81866
1.81474
1.81178
1.8098
1.8088
1.80878
1.80976
1.81167
1.8143
1.81734
1.82039
1.82309
1.82515
1.82639
1.82678
1.82637
1.82525
1.82359
1.82155
1.81932
1.81707
1.81495
1.81312
1.81168
1.81072
1.81028
1.81036
1.8109
1.81184
1.81305
1.81442
1.81581
1.81713
1.81826
1.81916
1.81976
1.82003
1.81995
1.81951
1.8187
1.81752
1.81599
1.81415
1.81206
1.80982
1.80754
1.80534
1.80335
1.80167
1.80037
1.79947
1.799
1.79893
1.79927
1.79997
1.801
1.80229
1.80375
1.80528
1.80677
1.80814
1.80931
1.81025
1.81093
1.81135
1.81151
1.81144
1.81115
1.81067
1.81004
1.80927
1.80839
1.80743
1.80641
1.80535
1.80424
1.80307
1.8018
1.80038
1.79871
1.79663
1.79391
1.79022
1.78517
1.77832
1.76944
1.75876
1.74738
1.73735
1.73124
1.73099
1.73684
1.74725
1.75964
1.77162
1.78159
1.789
1.7941
1.79765
1.80051
1.80337
1.80648
1.80973
1.81274
1.81514
1.81667
1.8173
1.81716
1.81656
1.81581
1.81524
1.81507
1.81541
1.81625
1.81749
1.819
1.82062
1.82221
1.82363
1.82471
1.82526
1.82497
1.8235
1.82043
1.81541
1.80822
1.79899
1.78834
1.7775
1.76817
1.76202
1.76005
1.76217
1.76729
1.77382
1.78024
1.78558
1.78948
1.79224
1.79467
1.79781
1.80249
1.80889
1.81649
1.82438
1.83172
1.83795
1.84285
1.84641
1.8487
1.84987
1.85006
1.84939
1.84799
1.84596
1.84346
1.84062
1.8376
1.83455
1.83161
1.82884
1.82622
1.82368
1.82109
1.81832
1.8153
1.81203
1.80858
1.80509
1.80173
1.79874
1.79639
1.79491
1.7945
1.79516
1.79671
1.79877
1.80088
1.80258
1.80355
1.8037
1.80311
1.80204
1.80087
1.80002
1.79984
1.80057
1.80229
1.80487
1.80807
1.81156
1.81506
1.81832
1.82121
1.82365
1.82565
1.82721
1.82839
1.82921
1.82969
1.82985
1.82966
1.82912
1.82818
1.8268
1.82496
1.82266
1.81991
1.81679
1.81344
1.81
1.80669
1.80371
1.80125
1.79947
1.7985
1.79839
1.79916
1.80073
1.80295
1.80561
1.80849
1.81133
1.81393
1.81612
1.81776
1.81878
1.81912
1.81879
1.81779
1.81619
1.81409
1.8116
1.8089
1.80618
1.8036
1.8013
1.79934
1.7977
1.79628
1.79499
1.79379
1.79277
1.79218
1.79236
1.79358
1.79596
1.79933
1.80334
1.80753
1.81151
1.81501
1.81788
1.8201
1.82171
1.82276
1.82335
1.82355
1.82342
1.823
1.82232
1.82141
1.82025
1.81884
1.81715
1.81516
1.81285
1.81022
1.80733
1.80428
1.80126
1.79848
1.79622
1.79471
1.79414
1.79454
1.79587
1.79793
1.80049
1.80329
1.80608
1.80864
1.81082
1.8125
1.81364
1.81426
1.81444
1.81433
1.81409
1.81389
1.81393
1.81433
1.81519
1.81653
1.8183
1.82041
1.82271
1.82507
1.82738
1.82953
1.83145
1.83311
1.8345
1.83562
1.8365
1.83713
1.83753
1.8377
1.83763
1.83729
1.83667
1.83573
1.83443
1.83275
1.83064
1.82808
1.8251
1.82177
1.81828
1.81489
1.812
1.81001
1.80922
1.80972
1.81133
1.81364
1.81613
1.8183
1.81974
1.82018
1.81952
1.81786
1.81547
1.81284
1.81056
1.80922
1.80918
1.81049
1.81294
1.81613
1.81971
1.8234
1.82704
1.83052
1.83377
1.83675
1.83942
1.84175
1.84375
1.84543
1.84684
1.84799
1.84889
1.84954
1.84992
1.84998
1.8497
1.84903
1.84794
1.84641
1.84441
1.84194
1.83896
1.83545
1.83135
1.82665
1.8214
1.81576
1.81005
1.80471
1.8002
1.79686
1.79474
1.79359
1.79298
1.79247
1.79176
1.79079
1.78978
1.78908
1.7891
1.79014
1.79228
1.79544
1.79938
1.80375
1.80821
1.81239
1.81598
1.81872
1.82045
1.82109
1.82065
1.81925
1.81715
1.81472
1.81242
1.8107
1.80985
1.80987
1.81038
1.81072
1.81
1.80731
1.80184
1.79315
1.78176
1.7697
1.76047
1.7575
1.76165
1.77062
1.78087
1.78982
1.79654
1.80124
1.80453
1.80706
1.80924
1.81132
1.81336
1.81535
1.81721
1.81889
1.82035
1.82158
1.82258
1.82336
1.82395
1.82437
1.82463
1.82475
1.82474
1.82461
1.82439
1.82408
1.8237
1.82325
1.82273
1.82211
1.82136
1.82045
1.81933
1.81797
1.81639
1.81464
1.8128
1.81105
1.80955
1.80847
1.80796
1.80807
1.80883
1.81025
1.81233
1.81502
1.81819
1.8216
1.8249
1.82773
1.82984
1.83113
1.8317
1.83182
1.83184
1.8321
1.83283
1.8341
1.83577
1.83761
1.83933
1.84068
1.8415
1.84173
1.84139
1.84059
1.83949
1.8383
1.8372
1.8364
1.83606
1.83629
1.8371
1.83845
1.84022
1.84225
1.84437
1.84644
1.84833
1.84997
1.85131
1.85234
1.85309
1.85358
1.85386
1.85399
1.85403
1.85405
1.85411
1.85426
1.85454
1.85495
1.85549
1.8561
1.85671
1.85721
1.85743
1.85722
1.85639
1.85476
1.85221
1.84866
1.84413
1.83871
1.83251
1.82557
1.8179
1.80949
1.80051
1.79151
1.7834
1.77735
1.7743
1.7746
1.77791
1.78336
1.78989
1.79656
1.80266
1.80782
1.81192
1.81511
1.81771
1.82004
1.82235
1.82472
1.82703
1.82904
1.83048
1.83111
1.83085
1.82972
1.82787
1.82557
1.82314
1.82088
1.81909
1.81797
1.8176
1.81794
1.81886
1.8202
1.82172
1.82326
1.82467
1.82583
1.8267
1.82726
1.82752
1.82751
1.82726
1.8268
1.82618
1.82544
1.82461
1.82371
1.82276
1.82179
1.82079
1.81978
1.81877
1.81776
1.81677
1.81581
1.81486
1.81384
1.81267
1.81119
1.80922
1.80662
1.80336
1.79964
1.79595
1.79304
1.79172
1.79253
1.79546
1.79996
1.80521
1.81044
1.81511
1.81897
1.82199
1.82425
1.82589
1.82706
1.82788
1.82845
1.82885
1.82911
1.82925
1.82927
1.82916
1.82895
1.82867
1.82845
1.82847
1.82894
1.83006
1.83197
1.83466
1.83796
1.84158
1.84513
1.84823
1.85051
1.85161
1.85116
1.84885
1.84443
1.83798
1.83009
1.82212
1.81589
1.81295
1.81353
1.81647
1.81992
1.82245
1.82349
1.8233
1.82261
1.82224
1.82278
1.82445
1.82711
1.83044
1.83408
1.83771
1.84115
1.84426
1.84702
1.84938
1.85133
1.85287
1.85398
